-0.5  0.390338
-0.499756  -4.10457e-08
-0.499512  -0.390338
-0.499268  -0.783216
-0.499023  -1.18767
-0.498779  -1.96847
-0.498535  1.26669
-0.498291  0.856521
-0.498047  0.462656
-0.497803  0.072092
-0.497559  -0.318106
-0.497314  -0.710233
-0.49707  -1.11088
-0.496826  -1.61697
-0.496582  1.34965
-0.496338  0.930255
-0.496094  0.535082
-0.49585  0.144193
-0.495605  -0.245944
-0.495361  -0.637503
-0.495117  -1.03549
-0.494873  -1.4852
-0.494629  1.44033
-0.494385  1.00454
-0.494141  0.607621
-0.493896  0.216293
-0.493652  -0.17386
-0.493408  -0.564997
-0.493164  -0.961083
-0.49292  -1.38788
-0.492676  1.55041
-0.492432  1.07966
-0.492188  0.680336
-0.491943  0.288426
-0.491699  -0.101822
-0.491455  -0.492655
-0.491211  -0.887336
-0.490967  -1.30219
-0.490723  1.73467
-0.490479  1.15592
-0.490234  0.753233
-0.48999  0.36057
-0.489746  -0.0298525
-0.489502  -0.420485
-0.489258  -0.814121
-0.489014  -1.2219
-0.48877  3.09248
-0.488525  1.23405
-0.488281  0.826408
-0.488037  0.432759
-0.487793  0.042072
-0.487549  -0.348451
-0.487305  -0.741306
-0.487061  -1.14451
-0.486816  -1.73346
-0.486572  1.31525
-0.486328  0.899933
-0.486084  0.504996
-0.48584  0.113942
-0.485596  -0.276558
-0.485352  -0.668835
-0.485107  -1.06894
-0.484863  -1.54516
-0.484619  1.40221
-0.484375  0.973958
-0.484131  0.57731
-0.483887  0.185768
-0.483643  -0.204792
-0.483398  -0.596653
-0.483154  -0.994564
-0.48291  -1.43477
-0.482666  1.50163
-0.482422  1.04867
-0.482178  0.649718
-0.481934  0.257543
-0.481689  -0.133163
-0.481445  -0.524741
-0.481201  -0.92107
-0.480957  -1.34431
-0.480713  1.63771
-0.480469  1.12445
-0.480225  0.72228
-0.47998  0.32928
-0.479736  -0.0616673
-0.479492  -0.453086
-0.479248  -0.848273
-0.479004  -1.26208
-0.47876  1.98355
-0.478516  1.20182
-0.478271  0.79505
-0.478027  0.40099
-0.477783  0.00970213
-0.477539  -0.381656
-0.477295  -0.776002
-0.477051  -1.1839
-0.476807  -2.06745
-0.476562  1.28182
-0.476318  0.868104
-0.476074  0.472657
-0.47583  0.0809058
-0.475586  -0.310502
-0.475342  -0.704268
-0.475098  -1.10832
-0.474854  -1.64488
-0.474609  1.36644
-0.474365  0.941594
-0.474121  0.544323
-0.473877  0.151963
-0.473633  -0.239598
-0.473389  -0.632977
-0.473145  -1.03438
-0.4729  -1.50197
-0.472656  1.46032
-0.472412  1.01574
-0.472168  0.616015
-0.471924  0.222867
-0.47168  -0.168958
-0.471436  -0.562117
-0.471191  -0.961674
-0.470947  -1.40164
-0.470703  1.57611
-0.470459  1.0908
-0.470215  0.687719
-0.469971  0.293557
-0.469727  -0.098659
-0.469482  -0.491761
-0.469238  -0.890056
-0.468994  -1.3159
-0.46875  1.76778
-0.468506  1.16742
-0.468262  0.759566
-0.468018  0.364085
-0.467773  -0.0286679
-0.467529  -0.421858
-0.467285  -0.819298
-0.467041  -1.23682
-0.466797  2.63552
-0.466553  1.24641
-0.466309  0.831559
-0.466064  0.434362
-0.46582  0.0408956
-0.465576  -0.352544
-0.465332  -0.749486
-0.465088  -1.16186
-0.464844  -1.90223
-0.4646  1.32965
-0.464355  0.90393
-0.464111  0.504452
-0.463867  0.110048
-0.463623  -0.283809
-0.463379  -0.680532
-0.463135  -1.08956
-0.462891  -1.63075
-0.462646  1.42041
-0.462402  0.976771
-0.462158  0.574241
-0.461914  0.178619
-0.46167  -0.215857
-0.461426  -0.612654
-0.461182  -1.0196
-0.460938  -1.50267
-0.460693  1.52721
-0.460449  1.05059
-0.460205  0.643833
-0.459961  0.246601
-0.459717  -0.148739
-0.459473  -0.545892
-0.459229  -0.951651
-0.458984  -1.40883
-0.45874  1.67272
-0.458496  1.12582
-0.458252  0.713119
-0.458008  0.313772
-0.457764  -0.0827431
-0.45752  -0.480577
-0.457275  -0.8859
-0.457031  -1.32957
-0.456787  1.95348
-0.456543  1.20363
-0.456299  0.782229
-0.456055  0.380024
-0.455811  -0.0180891
-0.455566  -0.417001
-0.455322  -0.822595
-0.455078  -1.25898
-0.454834  2.96668
-0.45459  1.2857
-0.454346  0.85117
-0.454102  0.445063
-0.453857  0.0447739
-0.453613  -0.355734
-0.453369  -0.762365
-0.453125  -1.19531
-0.452881  -2.13512
-0.452637  1.37553
-0.452393  0.920196
-0.452148  0.508598
-0.451904  0.105284
-0.45166  -0.297554
-0.451416  -0.706181
-0.451172  -1.1387
-0.450928  -1.83283
-0.450684  1.4793
-0.450439  0.989618
-0.450195  0.57011
-0.449951  0.162494
-0.449707  -0.243776
-0.449463  -0.655754
-0.449219  -1.09089
-0.448975  -1.70947
-0.44873  1.60957
-0.448486  1.06034
-0.448242  0.629008
-0.447998  0.215038
-0.447754  -0.196432
-0.44751  -0.613878
-0.447266  -1.05552
-0.447021  -1.65251
-0.446777  1.78734
-0.446533  1.13372
-0.446289  0.684134
-0.446045  0.260342
-0.445801  -0.159423
-0.445557  -0.586114
-0.445312  -1.04074
-0.445068  -1.65016
-0.444824  2.03472
-0.44458  1.21295
-0.444336  0.734025
-0.444092  0.294009
-0.443848  -0.140048
-0.443604  -0.583537
-0.443359  -1.06399
-0.443115  -1.72695
-0.442871  2.31392
-0.442627  1.30327
-0.442383  0.775954
-0.442139  0.306751
-0.441895  -0.154832
-0.44165  -0.632804
-0.441406  -1.16973
-0.441162  -1.95793
-0.440918  2.50022
-0.440674  1.4134
-0.44043  0.805662
-0.440186  0.277106
-0.439941  -0.246841
-0.439697  -0.808233
-0.439453  -1.47872
-0.439209  -2.44242
-0.438965  2.54312
-0.438721  1.55043
-0.438477  0.814849
-0.438232  0.142561
-0.437988  -0.551989
-0.437744  -1.31316
-0.4375  -2.13942
-0.437256  -2.97306
-0.437012  2.51027
-0.436768  1.70602
-0.436523  0.789588
-0.436279  -0.299982
-0.436035  -1.303
-0.435791  -2.06915
-0.435547  -2.69427
-0.435303  3.02545
-0.435059  2.472
-0.434814  1.84732
-0.43457  0.709652
-0.434326  -1.1504
-0.434082  -1.91317
-0.433838  -2.44312
-0.433594  -2.91634
-0.43335  2.91202
-0.433105  2.45491
-0.432861  1.94952
-0.432617  0.599492
-0.432373  -1.60073
-0.432129  -2.12423
-0.431885  -2.566
-0.431641  -2.98829
-0.431396  2.87873
-0.431152  2.46048
-0.430908  2.01872
-0.430664  0.749058
-0.43042  -1.73831
-0.430176  -2.18387
-0.429932  -2.59511
-0.429688  -2.99807
-0.429443  2.88479
-0.429199  2.48359
-0.428955  2.07244
-0.428711  1.3524
-0.428467  -1.76976
-0.428223  -2.1854
-0.427979  -2.58375
-0.427734  -2.97804
-0.42749  2.91221
-0.427246  2.51909
-0.427002  2.12221
-0.426758  1.65404
-0.426514  -1.75831
-0.42627  -2.15982
-0.426025  -2.55182
-0.425781  -2.94171
-0.425537  2.95235
-0.425293  2.56333
-0.425049  2.17319
-0.424805  1.76763
-0.424561  -1.72624
-0.424316  -2.11972
-0.424072  -2.50819
-0.423828  -2.89562
-0.423584  3.00055
-0.42334  2.61372
-0.423096  2.22681
-0.422852  1.83794
-0.422607  -1.68294
-0.422363  -2.07093
-0.422119  -2.45726
-0.421875  -2.84324
-0.421631  3.05417
-0.421387  2.66857
-0.421143  2.28326
-0.420898  1.89917
-0.420654  -1.63371
-0.42041  -2.01663
-0.420166  -2.40153
-0.419922  -2.78658
-0.419678  3.11158
-0.419434  2.7267
-0.419189  2.34218
-0.418945  1.95928
-0.418701  -1.58334
-0.418457  -1.95852
-0.418213  -2.34239
-0.417969  -2.72684
-0.417725  -3.11137
-0.41748  2.78736
-0.417236  2.40321
-0.416992  2.02036
-0.416748  -1.57053
-0.416504  -1.89761
-0.41626  -2.28065
-0.416016  -2.66467
-0.415771  -3.0489
-0.415527  2.85008
-0.415283  2.46606
-0.415039  2.08283
-0.414795  1.71402
-0.414551  -1.83417
-0.414307  -2.21648
-0.414062  -2.60023
-0.413818  -2.98425
-0.413574  2.91484
-0.41333  2.53075
-0.413086  2.14674
-0.412842  1.76309
-0.412598  -1.76407
-0.412354  -2.14745
-0.412109  -2.53131
-0.411865  -2.91527
-0.411621  2.98375
-0.411377  2.59901
-0.411133  2.21276
-0.410889  1.82269
-0.410645  1.42433
-0.4104  1.01611
-0.410156  0.612954
-0.409912  0.225995
-0.409668  -0.155706
-0.409424  -0.547561
-0.40918  2.43569
-0.408936  1.88374
-0.408691  1.49196
-0.408447  1.10561
-0.408203  0.719947
-0.407959  0.333874
-0.407715  -0.0511227
-0.407471  -0.42941
-0.407227  -0.808756
-0.406982  -1.19167
-0.406738  -1.57559
-0.406494  -1.95973
-0.40625  -2.3439
-0.406006  -2.72808
-0.405762  -3.11224
-0.405518  2.78678
-0.405273  2.40263
-0.405029  2.01848
-0.404785  1.63433
-0.404541  1.25019
-0.404297  0.866053
-0.404053  0.481918
-0.403809  0.0977868
-0.403564  -0.28634
-0.40332  -0.670463
-0.403076  -1.05458
-0.402832  -1.43869
-0.402588  -1.8228
-0.402344  -2.2069
-0.4021  -2.59099
-0.401855  -2.97508
-0.401611  2.92403
-0.401367  2.53997
-0.401123  2.15591
-0.400879  1.77187
-0.400635  1.38783
-0.400391  1.00381
-0.400146  0.619805
-0.399902  0.235814
-0.399658  -0.148162
-0.399414  -0.532121
-0.39917  -0.916062
-0.398926  -1.29998
-0.398682  -1.68389
-0.398438  -2.06777
-0.398193  -2.45162
-0.397949  -2.83546
-0.397705  3.06391
-0.397461  2.68012
-0.397217  2.29636
-0.396973  1.91262
-0.396729  1.52891
-0.396484  1.14522
-0.39624  0.761552
-0.395996  0.377909
-0.395752  -0.00571332
-0.395508  -0.389315
-0.395264  -0.772898
-0.39502  -1.15646
-0.394775  -1.54002
-0.394531  -1.92356
-0.394287  -2.30708
-0.394043  -2.6906
-0.393799  -3.07412
-0.393555  2.82556
-0.393311  2.44206
-0.393066  2.05856
-0.392822  1.67506
-0.392578  1.29156
-0.392334  0.908067
-0.39209  0.524572
-0.391846  0.141077
-0.391602  -0.242419
-0.391357  -0.625914
-0.391113  -1.00941
-0.390869  -1.3929
-0.390625  -1.7764
-0.390381  -2.15989
-0.390137  -2.54339
-0.389893  -2.92689
-0.389648  2.9728
-0.389404  2.58931
-0.38916  2.20581
-0.388916  1.82232
-0.388672  1.43882
-0.388428  1.05533
-0.388184  0.671833
-0.387939  0.288338
-0.387695  -0.0951573
-0.387451  -0.478653
-0.387207  -0.862148
-0.386963  -1.24564
-0.386719  -1.62914
-0.386475  -2.01263
-0.38623  -2.39613
-0.385986  -2.77962
-0.385742  3.12007
-0.385498  2.73657
-0.385254  2.35308
-0.38501  1.96958
-0.384766  1.58609
-0.384521  1.20259
-0.384277  0.819095
-0.384033  0.435599
-0.383789  0.0521041
-0.383545  -0.331391
-0.383301  -0.714886
-0.383057  -1.09838
-0.382812  -1.48188
-0.382568  -1.86537
-0.382324  -2.24887
-0.38208  -2.63236
-0.381836  -3.01586
-0.381592  2.88383
-0.381348  2.50034
-0.381104  2.11684
-0.380859  1.73335
-0.380615  1.34985
-0.380371  0.966356
-0.380127  0.582861
-0.379883  0.199366
-0.379639  -0.18413
-0.379395  -0.567625
-0.37915  -0.95112
-0.378906  -1.33462
-0.378662  -1.71811
-0.378418  -2.10161
-0.378174  -2.4851
-0.37793  -2.8686
-0.377686  3.03109
-0.377441  2.6476
-0.377197  2.2641
-0.376953  1.88061
-0.376709  1.49711
-0.376465  1.11362
-0.376221  0.730122
-0.375977  0.346627
-0.375732  -0.0368682
-0.375488  -0.420363
-0.375244  -0.803859
-0.375  -1.18735
-0.374756  -1.57085
-0.374512  -1.95434
-0.374268  -2.33784
-0.374023  -2.72133
-0.373779  -3.10483
-0.373535  2.79486
-0.373291  2.41136
-0.373047  2.02787
-0.372803  1.64437
-0.372559  1.26088
-0.372314  0.877384
-0.37207  0.493888
-0.371826  0.110393
-0.371582  -0.273102
-0.371338  -0.656597
-0.371094  -1.04009
-0.37085  -1.42359
-0.370605  -1.80708
-0.370361  -2.19058
-0.370117  -2.57407
-0.369873  -2.95757
-0.369629  2.94212
-0.369385  2.55863
-0.369141  2.17513
-0.368896  1.79164
-0.368652  1.40814
-0.368408  1.02465
-0.368164  0.64115
-0.36792  0.257655
-0.367676  -0.125841
-0.367432  -0.509336
-0.367188  -0.892831
-0.366943  -1.27633
-0.366699  -1.65982
-0.366455  -2.04332
-0.366211  -2.42681
-0.365967  -2.81031
-0.365723  3.08938
-0.365479  2.70589
-0.365234  2.32239
-0.36499  1.9389
-0.364746  1.5554
-0.364502  1.17191
-0.364258  0.788411
-0.364014  0.404916
-0.36377  0.0214208
-0.363525  -0.362074
-0.363281  -0.74557
-0.363037  -1.12906
-0.362793  -1.51256
-0.362549  -1.89606
-0.362305  -2.27955
-0.362061  -2.66305
-0.361816  -3.04654
-0.361572  2.85315
-0.361328  2.46965
-0.361084  2.08616
-0.36084  1.70266
-0.360596  1.31917
-0.360352  0.935673
-0.360107  0.552177
-0.359863  0.168682
-0.359619  -0.214813
-0.359375  -0.598308
-0.359131  -0.981804
-0.358887  -1.3653
-0.358643  -1.74879
-0.358398  -2.13229
-0.358154  -2.51578
-0.35791  -2.89928
-0.357666  3.00041
-0.357422  2.61691
-0.357178  2.23342
-0.356934  1.84992
-0.356689  1.46643
-0.356445  1.08293
-0.356201  0.699439
-0.355957  0.315943
-0.355713  -0.0675518
-0.355469  -0.451047
-0.355225  -0.834542
-0.35498  -1.21804
-0.354736  -1.60153
-0.354492  -1.98503
-0.354248  -2.36852
-0.354004  -2.75202
-0.35376  -3.13551
-0.353516  2.76418
-0.353271  2.38068
-0.353027  1.99719
-0.352783  1.61369
-0.352539  1.2302
-0.352295  0.8467
-0.352051  0.463205
-0.351807  0.0797094
-0.351562  -0.303786
-0.351318  -0.687281
-0.351074  -1.07078
-0.35083  -1.45427
-0.350586  -1.83777
-0.350342  -2.22126
-0.350098  -2.60476
-0.349854  -2.98825
-0.349609  2.91144
-0.349365  2.52794
-0.349121  2.14445
-0.348877  1.76095
-0.348633  1.37746
-0.348389  0.993961
-0.348145  0.610466
-0.3479  0.226971
-0.347656  -0.156525
-0.347412  -0.54002
-0.347168  -0.923515
-0.346924  -1.30701
-0.34668  -1.69051
-0.346436  -2.074
-0.346191  -2.4575
-0.345947  -2.84099
-0.345703  3.0587
-0.345459  2.6752
-0.345215  2.29171
-0.344971  1.90821
-0.344727  1.52472
-0.344482  1.14122
-0.344238  0.757727
-0.343994  0.374232
-0.34375  -0.00926333
-0.343506  -0.392759
-0.343262  -0.776254
-0.343018  -1.15975
-0.342773  -1.54324
-0.342529  -1.92674
-0.342285  -2.31023
-0.342041  -2.69373
-0.341797  -3.07723
-0.341553  2.82246
-0.341309  2.43897
-0.341064  2.05547
-0.34082  1.67198
-0.340576  1.28848
-0.340332  0.904988
-0.340088  0.521493
-0.339844  0.137998
-0.3396  -0.245497
-0.339355  -0.628993
-0.339111  -1.01249
-0.338867  -1.39598
-0.338623  -1.77948
-0.338379  -2.16297
-0.338135  -2.54647
-0.337891  -2.92996
-0.337646  2.96973
-0.337402  2.58623
-0.337158  2.20274
-0.336914  1.81924
-0.33667  1.43574
-0.336426  1.05225
-0.336182  0.668754
-0.335938  0.285259
-0.335693  -0.0982362
-0.335449  -0.481731
-0.335205  -0.865227
-0.334961  -1.24872
-0.334717  -1.63222
-0.334473  -2.01571
-0.334229  -2.39921
-0.333984  -2.7827
-0.33374  3.11699
-0.333496  2.73349
-0.333252  2.35
-0.333008  1.9665
-0.332764  1.58301
-0.33252  1.19951
-0.332275  0.816015
-0.332031  0.43252
-0.331787  0.0490249
-0.331543  -0.33447
-0.331299  -0.717966
-0.331055  -1.10146
-0.330811  -1.48496
-0.330566  -1.86845
-0.330322  -2.25195
-0.330078  -2.63544
-0.329834  -3.01894
-0.32959  2.88075
-0.329346  2.49726
-0.329102  2.11376
-0.328857  1.73027
-0.328613  1.34677
-0.328369  0.963277
-0.328125  0.579781
-0.327881  0.196286
-0.327637  -0.187209
-0.327393  -0.570705
-0.327148  -0.9542
-0.326904  -1.3377
-0.32666  -1.72119
-0.326416  -2.10469
-0.326172  -2.48818
-0.325928  -2.87168
-0.325684  3.02801
-0.325439  2.64452
-0.325195  2.26102
-0.324951  1.87753
-0.324707  1.49403
-0.324463  1.11054
-0.324219  0.727042
-0.323975  0.343547
-0.32373  -0.0399482
-0.323486  -0.423444
-0.323242  -0.806939
-0.322998  -1.19043
-0.322754  -1.57393
-0.32251  -1.95742
-0.322266  -2.34092
-0.322021  -2.72442
-0.321777  -3.10791
-0.321533  2.79178
-0.321289  2.40828
-0.321045  2.02479
-0.320801  1.64129
-0.320557  1.2578
-0.320312  0.874303
-0.320068  0.490808
-0.319824  0.107313
-0.31958  -0.276183
-0.319336  -0.659678
-0.319092  -1.04317
-0.318848  -1.42667
-0.318604  -1.81016
-0.318359  -2.19366
-0.318115  -2.57715
-0.317871  -2.96065
-0.317627  2.93904
-0.317383  2.55555
-0.317139  2.17205
-0.316895  1.78855
-0.31665  1.40506
-0.316406  1.02156
-0.316162  0.638069
-0.315918  0.254574
-0.315674  -0.128922
-0.31543  -0.512417
-0.315186  -0.895912
-0.314941  -1.27941
-0.314697  -1.6629
-0.314453  -2.0464
-0.314209  -2.42989
-0.313965  -2.81339
-0.313721  3.0863
-0.313477  2.70281
-0.313232  2.31931
-0.312988  1.93582
-0.312744  1.55232
-0.3125  1.16883
-0.312256  0.78533
-0.312012  0.401835
-0.311768  0.0183394
-0.311523  -0.365156
-0.311279  -0.748651
-0.311035  -1.13215
-0.310791  -1.51564
-0.310547  -1.89914
-0.310303  -2.28263
-0.310059  -2.66613
-0.309814  -3.04962
-0.30957  2.85007
-0.309326  2.46657
-0.309082  2.08308
-0.308838  1.69958
-0.308594  1.31609
-0.30835  0.932591
-0.308105  0.549096
-0.307861  0.1656
-0.307617  -0.217895
-0.307373  -0.60139
-0.307129  -0.984886
-0.306885  -1.36838
-0.306641  -1.75188
-0.306396  -2.13537
-0.306152  -2.51887
-0.305908  -2.90236
-0.305664  2.99733
-0.30542  2.61383
-0.305176  2.23034
-0.304932  1.84684
-0.304688  1.46335
-0.304443  1.07985
-0.304199  0.696356
-0.303955  0.312861
-0.303711  -0.0706342
-0.303467  -0.454129
-0.303223  -0.837625
-0.302979  -1.22112
-0.302734  -1.60462
-0.30249  -1.98811
-0.302246  -2.37161
-0.302002  -2.7551
-0.301758  -3.1386
-0.301514  2.76109
-0.30127  2.3776
-0.301025  1.9941
-0.300781  1.61061
-0.300537  1.22711
-0.300293  0.843617
-0.300049  0.460122
-0.299805  0.0766266
-0.299561  -0.306869
-0.299316  -0.690364
-0.299072  -1.07386
-0.298828  -1.45735
-0.298584  -1.84085
-0.29834  -2.22435
-0.298096  -2.60784
-0.297852  -2.99134
-0.297607  2.90835
-0.297363  2.52486
-0.297119  2.14136
-0.296875  1.75787
-0.296631  1.37437
-0.296387  0.990878
-0.296143  0.607383
-0.295898  0.223887
-0.295654  -0.159608
-0.29541  -0.543103
-0.295166  -0.926599
-0.294922  -1.31009
-0.294678  -1.69359
-0.294434  -2.07708
-0.294189  -2.46058
-0.293945  -2.84408
-0.293701  3.05561
-0.293457  2.67212
-0.293213  2.28862
-0.292969  1.90513
-0.292725  1.52163
-0.29248  1.13814
-0.292236  0.754643
-0.291992  0.371148
-0.291748  -0.0123474
-0.291504  -0.395843
-0.29126  -0.779338
-0.291016  -1.16283
-0.290771  -1.54633
-0.290527  -1.92982
-0.290283  -2.31332
-0.290039  -2.69681
-0.289795  -3.08031
-0.289551  2.81938
-0.289307  2.43589
-0.289062  2.05239
-0.288818  1.66889
-0.288574  1.2854
-0.28833  0.901904
-0.288086  0.518409
-0.287842  0.134913
-0.287598  -0.248582
-0.287354  -0.632077
-0.287109  -1.01557
-0.286865  -1.39907
-0.286621  -1.78256
-0.286377  -2.16606
-0.286133  -2.54955
-0.285889  -2.93305
-0.285645  2.96664
-0.2854  2.58315
-0.285156  2.19965
-0.284912  1.81615
-0.284668  1.43266
-0.284424  1.04916
-0.28418  0.665669
-0.283936  0.282174
-0.283691  -0.101322
-0.283447  -0.484817
-0.283203  -0.868312
-0.282959  -1.25181
-0.282715  -1.6353
-0.282471  -2.0188
-0.282227  -2.40229
-0.281982  -2.78579
-0.281738  3.1139
-0.281494  2.73041
-0.28125  2.34691
-0.281006  1.96342
-0.280762  1.57992
-0.280518  1.19642
-0.280273  0.812929
-0.280029  0.429434
-0.279785  0.0459389
-0.279541  -0.337556
-0.279297  -0.721052
-0.279053  -1.10455
-0.278809  -1.48804
-0.278564  -1.87154
-0.27832  -2.25503
-0.278076  -2.63853
-0.277832  -3.02202
-0.277588  2.87767
-0.277344  2.49417
-0.2771  2.11068
-0.276855  1.72718
-0.276611  1.34369
-0.276367  0.96019
-0.276123  0.576695
-0.275879  0.193199
-0.275635  -0.190296
-0.275391  -0.573791
-0.275146  -0.957287
-0.274902  -1.34078
-0.274658  -1.72428
-0.274414  -2.10777
-0.27417  -2.49127
-0.273926  -2.87476
-0.273682  3.02493
-0.273438  2.64143
-0.273193  2.25794
-0.272949  1.87444
-0.272705  1.49095
-0.272461  1.10745
-0.272217  0.723955
-0.271973  0.34046
-0.271729  -0.0430358
-0.271484  -0.426531
-0.27124  -0.810026
-0.270996  -1.19352
-0.270752  -1.57702
-0.270508  -1.96051
-0.270264  -2.34401
-0.27002  -2.7275
-0.269775  -3.111
-0.269531  2.78869
-0.269287  2.4052
-0.269043  2.0217
-0.268799  1.63821
-0.268555  1.25471
-0.268311  0.871215
-0.268066  0.48772
-0.267822  0.104224
-0.267578  -0.279271
-0.267334  -0.662766
-0.26709  -1.04626
-0.266846  -1.42976
-0.266602  -1.81325
-0.266357  -2.19675
-0.266113  -2.58024
-0.265869  -2.96374
-0.265625  2.93595
-0.265381  2.55246
-0.265137  2.16896
-0.264893  1.78547
-0.264648  1.40197
-0.264404  1.01848
-0.26416  0.63498
-0.263916  0.251485
-0.263672  -0.132011
-0.263428  -0.515506
-0.263184  -0.899001
-0.262939  -1.2825
-0.262695  -1.66599
-0.262451  -2.04949
-0.262207  -2.43298
-0.261963  -2.81648
-0.261719  3.08321
-0.261475  2.69972
-0.26123  2.31622
-0.260986  1.93273
-0.260742  1.54923
-0.260498  1.16574
-0.260254  0.78224
-0.26001  0.398745
-0.259766  0.0152492
-0.259521  -0.368246
-0.259277  -0.751741
-0.259033  -1.13524
-0.258789  -1.51873
-0.258545  -1.90223
-0.258301  -2.28572
-0.258057  -2.66922
-0.257812  -3.05271
-0.257568  2.84698
-0.257324  2.46348
-0.25708  2.07999
-0.256836  1.69649
-0.256592  1.313
-0.256348  0.9295
-0.256104  0.546004
-0.255859  0.162509
-0.255615  -0.220986
-0.255371  -0.604482
-0.255127  -0.987977
-0.254883  -1.37147
-0.254639  -1.75497
-0.254395  -2.13846
-0.25415  -2.52196
-0.253906  -2.90545
-0.253662  2.99424
-0.253418  2.61074
-0.253174  2.22725
-0.25293  1.84375
-0.252686  1.46025
-0.252441  1.07676
-0.252197  0.693264
-0.251953  0.309769
-0.251709  -0.0737265
-0.251465  -0.457222
-0.251221  -0.840717
-0.250977  -1.22421
-0.250732  -1.60771
-0.250488  -1.9912
-0.250244  -2.3747
-0.25  -2.75819
-0.249756  3.1415
-0.249512  2.758
-0.249268  2.37451
-0.249023  1.99101
-0.248779  1.60751
-0.248535  1.22402
-0.248291  0.840524
-0.248047  0.457029
-0.247803  0.0735331
-0.247559  -0.309962
-0.247314  -0.693458
-0.24707  -1.07695
-0.246826  -1.46045
-0.246582  -1.84394
-0.246338  -2.22744
-0.246094  -2.61093
-0.24585  -2.99443
-0.245605  2.90526
-0.245361  2.52176
-0.245117  2.13827
-0.244873  1.75477
-0.244629  1.37128
-0.244385  0.987783
-0.244141  0.604288
-0.243896  0.220793
-0.243652  -0.162703
-0.243408  -0.546198
-0.243164  -0.929693
-0.24292  -1.31319
-0.242676  -1.69668
-0.242432  -2.08018
-0.242188  -2.46367
-0.241943  -2.84717
-0.241699  3.05252
-0.241455  2.66902
-0.241211  2.28553
-0.240967  1.90203
-0.240723  1.51854
-0.240479  1.13504
-0.240234  0.751547
-0.23999  0.368052
-0.239746  -0.0154434
-0.239502  -0.398939
-0.239258  -0.782434
-0.239014  -1.16593
-0.23877  -1.54942
-0.238525  -1.93292
-0.238281  -2.31642
-0.238037  -2.69991
-0.237793  -3.08341
-0.237549  2.81628
-0.237305  2.43279
-0.237061  2.04929
-0.236816  1.6658
-0.236572  1.2823
-0.236328  0.898807
-0.236084  0.515311
-0.23584  0.131816
-0.235596  -0.25168
-0.235352  -0.635175
-0.235107  -1.01867
-0.234863  -1.40217
-0.234619  -1.78566
-0.234375  -2.16916
-0.234131  -2.55265
-0.233887  -2.93615
-0.233643  2.96354
-0.233398  2.58005
-0.233154  2.19655
-0.23291  1.81306
-0.232666  1.42956
-0.232422  1.04607
-0.232178  0.66257
-0.231934  0.279075
-0.231689  -0.104421
-0.231445  -0.487916
-0.231201  -0.871411
-0.230957  -1.25491
-0.230713  -1.6384
-0.230469  -2.0219
-0.230225  -2.40539
-0.22998  -2.78889
-0.229736  3.1108
-0.229492  2.72731
-0.229248  2.34381
-0.229004  1.96032
-0.22876  1.57682
-0.228516  1.19332
-0.228271  0.809829
-0.228027  0.426334
-0.227783  0.0428382
-0.227539  -0.340657
-0.227295  -0.724153
-0.227051  -1.10765
-0.226807  -1.49114
-0.226562  -1.87464
-0.226318  -2.25813
-0.226074  -2.64163
-0.22583  -3.02513
-0.225586  2.87456
-0.225342  2.49107
-0.225098  2.10757
-0.224854  1.72408
-0.224609  1.34058
-0.224365  0.957088
-0.224121  0.573592
-0.223877  0.190097
-0.223633  -0.193399
-0.223389  -0.576894
-0.223145  -0.960389
-0.2229  -1.34388
-0.222656  -1.72738
-0.222412  -2.11088
-0.222168  -2.49437
-0.221924  -2.87787
-0.22168  3.02182
-0.221436  2.63833
-0.221191  2.25483
-0.220947  1.87134
-0.220703  1.48784
-0.220459  1.10435
-0.220215  0.720851
-0.219971  0.337355
-0.219727  -0.0461403
-0.219482  -0.429636
-0.219238  -0.813131
-0.218994  -1.19663
-0.21875  -1.58012
-0.218506  -1.96362
-0.218262  -2.34711
-0.218018  -2.73061
-0.217773  -3.1141
-0.217529  2.78559
-0.217285  2.40209
-0.217041  2.0186
-0.216797  1.6351
-0.216553  1.2516
-0.216309  0.868109
-0.216064  0.484613
-0.21582  0.101118
-0.215576  -0.282378
-0.215332  -0.665873
-0.215088  -1.04937
-0.214844  -1.43286
-0.2146  -1.81636
-0.214355  -2.19985
-0.214111  -2.58335
-0.213867  -2.96685
-0.213623  2.93284
-0.213379  2.54935
-0.213135  2.16585
-0.212891  1.78236
-0.212646  1.39886
-0.212402  1.01537
-0.212158  0.631871
-0.211914  0.248376
-0.21167  -0.13512
-0.211426  -0.518615
-0.211182  -0.902111
-0.210938  -1.28561
-0.210693  -1.6691
-0.210449  -2.0526
-0.210205  -2.43609
-0.209961  -2.81959
-0.209717  3.0801
-0.209473  2.69661
-0.209229  2.31311
-0.208984  1.92962
-0.20874  1.54612
-0.208496  1.16262
-0.208252  0.779129
-0.208008  0.395633
-0.207764  0.0121376
-0.20752  -0.371358
-0.207275  -0.754853
-0.207031  -1.13835
-0.206787  -1.52184
-0.206543  -1.90534
-0.206299  -2.28884
-0.206055  -2.67233
-0.205811  -3.05583
-0.205566  2.84386
-0.205322  2.46037
-0.205078  2.07687
-0.204834  1.69338
-0.20459  1.30988
-0.204346  0.926386
-0.204102  0.54289
-0.203857  0.159395
-0.203613  -0.224101
-0.203369  -0.607596
-0.203125  -0.991092
-0.202881  -1.37459
-0.202637  -1.75808
-0.202393  -2.14158
-0.202148  -2.52507
-0.201904  -2.90857
-0.20166  2.99112
-0.201416  2.60762
-0.201172  2.22413
-0.200928  1.84063
-0.200684  1.45714
-0.200439  1.07364
-0.200195  0.690147
-0.199951  0.306651
-0.199707  -0.0768441
-0.199463  -0.46034
-0.199219  -0.843835
-0.198975  -1.22733
-0.19873  -1.61083
-0.198486  -1.99432
-0.198242  -2.37782
-0.197998  -2.76131
-0.197754  3.13838
-0.19751  2.75488
-0.197266  2.37139
-0.197021  1.98789
-0.196777  1.60439
-0.196533  1.2209
-0.196289  0.837403
-0.196045  0.453908
-0.195801  0.0704122
-0.195557  -0.313083
-0.195312  -0.696579
-0.195068  -1.08007
-0.194824  -1.46357
-0.19458  -1.84707
-0.194336  -2.23056
-0.194092  -2.61406
-0.193848  -2.99755
-0.193604  2.90214
-0.193359  2.51864
-0.193115  2.13515
-0.192871  1.75165
-0.192627  1.36815
-0.192383  0.984659
-0.192139  0.601164
-0.191895  0.217668
-0.19165  -0.165828
-0.191406  -0.549323
-0.191162  -0.932819
-0.190918  -1.31631
-0.190674  -1.69981
-0.19043  -2.08331
-0.190186  -2.4668
-0.189941  -2.8503
-0.189697  3.04939
-0.189453  2.6659
-0.189209  2.2824
-0.188965  1.89891
-0.188721  1.51541
-0.188477  1.13191
-0.188232  0.748419
-0.187988  0.364923
-0.187744  -0.0185725
-0.1875  -0.402068
-0.187256  -0.785564
-0.187012  -1.16906
-0.186768  -1.55256
-0.186523  -1.93605
-0.186279  -2.31955
-0.186035  -2.70304
-0.185791  -3.08654
-0.185547  2.81315
-0.185303  2.42966
-0.185059  2.04616
-0.184814  1.66266
-0.18457  1.27917
-0.184326  0.895673
-0.184082  0.512178
-0.183838  0.128682
-0.183594  -0.254814
-0.18335  -0.638309
-0.183105  -1.02181
-0.182861  -1.4053
-0.182617  -1.7888
-0.182373  -2.17229
-0.182129  -2.55579
-0.181885  -2.93928
-0.181641  2.96041
-0.181396  2.57691
-0.181152  2.19341
-0.180908  1.80992
-0.180664  1.42642
-0.18042  1.04293
-0.180176  0.659431
-0.179932  0.275936
-0.179688  -0.10756
-0.179443  -0.491056
-0.179199  -0.874552
-0.178955  -1.25805
-0.178711  -1.64154
-0.178467  -2.02504
-0.178223  -2.40853
-0.177979  -2.79203
-0.177734  3.10766
-0.17749  2.72416
-0.177246  2.34067
-0.177002  1.95717
-0.176758  1.57368
-0.176514  1.19018
-0.17627  0.806684
-0.176025  0.423189
-0.175781  0.0396928
-0.175537  -0.343803
-0.175293  -0.727299
-0.175049  -1.11079
-0.174805  -1.49429
-0.174561  -1.87779
-0.174316  -2.26128
-0.174072  -2.64478
-0.173828  -3.02827
-0.173584  2.87142
-0.17334  2.48792
-0.173096  2.10442
-0.172852  1.72093
-0.172607  1.33743
-0.172363  0.953936
-0.172119  0.570441
-0.171875  0.186945
-0.171631  -0.196551
-0.171387  -0.580047
-0.171143  -0.963543
-0.170898  -1.34704
-0.170654  -1.73053
-0.17041  -2.11403
-0.170166  -2.49753
-0.169922  -2.88102
-0.169678  3.01867
-0.169434  2.63517
-0.169189  2.25168
-0.168945  1.86818
-0.168701  1.48468
-0.168457  1.10119
-0.168213  0.717691
-0.167969  0.334195
-0.167725  -0.0493006
-0.16748  -0.432797
-0.167236  -0.816293
-0.166992  -1.19979
-0.166748  -1.58328
-0.166504  -1.96678
-0.16626  -2.35028
-0.166016  -2.73377
-0.165771  -3.11727
-0.165527  2.78242
-0.165283  2.39892
-0.165039  2.01543
-0.164795  1.63193
-0.164551  1.24844
-0.164307  0.864941
-0.164062  0.481445
-0.163818  0.0979485
-0.163574  -0.285548
-0.16333  -0.669044
-0.163086  -1.05254
-0.162842  -1.43604
-0.162598  -1.81953
-0.162354  -2.20303
-0.162109  -2.58652
-0.161865  -2.97002
-0.161621  2.92967
-0.161377  2.54617
-0.161133  2.16268
-0.160889  1.77918
-0.160645  1.39568
-0.1604  1.01219
-0.160156  0.628692
-0.159912  0.245196
-0.159668  -0.1383
-0.159424  -0.521796
-0.15918  -0.905293
-0.158936  -1.28879
-0.158691  -1.67228
-0.158447  -2.05578
-0.158203  -2.43928
-0.157959  -2.82277
-0.157715  3.07692
-0.157471  2.69342
-0.157227  2.30992
-0.156982  1.92643
-0.156738  1.54293
-0.156494  1.15943
-0.15625  0.775938
-0.156006  0.392441
-0.155762  0.00894511
-0.155518  -0.374551
-0.155273  -0.758048
-0.155029  -1.14154
-0.154785  -1.52504
-0.154541  -1.90854
-0.154297  -2.29203
-0.154053  -2.67553
-0.153809  -3.05903
-0.153564  2.84066
-0.15332  2.45717
-0.153076  2.07367
-0.152832  1.69017
-0.152588  1.30668
-0.152344  0.923181
-0.1521  0.539684
-0.151855  0.156188
-0.151611  -0.227309
-0.151367  -0.610805
-0.151123  -0.994302
-0.150879  -1.3778
-0.150635  -1.76129
-0.150391  -2.14479
-0.150146  -2.52829
-0.149902  -2.91178
-0.149658  2.9879
-0.149414  2.60441
-0.14917  2.22091
-0.148926  1.83741
-0.148682  1.45392
-0.148438  1.07042
-0.148193  0.686924
-0.147949  0.303427
-0.147705  -0.0800692
-0.147461  -0.463566
-0.147217  -0.847063
-0.146973  -1.23056
-0.146729  -1.61406
-0.146484  -1.99755
-0.14624  -2.38105
-0.145996  -2.76455
-0.145752  3.13514
-0.145508  2.75164
-0.145264  2.36815
-0.14502  1.98465
-0.144775  1.60115
-0.144531  1.21766
-0.144287  0.83416
-0.144043  0.450663
-0.143799  0.0671661
-0.143555  -0.316331
-0.143311  -0.699828
-0.143066  -1.08333
-0.142822  -1.46682
-0.142578  -1.85032
-0.142334  -2.23382
-0.14209  -2.61731
-0.141846  -3.00081
-0.141602  2.89888
-0.141357  2.51538
-0.141113  2.13188
-0.140869  1.74839
-0.140625  1.36489
-0.140381  0.981391
-0.140137  0.597894
-0.139893  0.214396
-0.139648  -0.169101
-0.139404  -0.552599
-0.13916  -0.936096
-0.138916  -1.31959
-0.138672  -1.70309
-0.138428  -2.08659
-0.138184  -2.47009
-0.137939  -2.85358
-0.137695  3.0461
-0.137451  2.66261
-0.137207  2.27911
-0.136963  1.89561
-0.136719  1.51211
-0.136475  1.12862
-0.13623  0.745117
-0.135986  0.36162
-0.135742  -0.0218783
-0.135498  -0.405376
-0.135254  -0.788874
-0.13501  -1.17237
-0.134766  -1.55587
-0.134521  -1.93937
-0.134277  -2.32287
-0.134033  -2.70636
-0.133789  -3.08986
-0.133545  2.80982
-0.133301  2.42633
-0.133057  2.04283
-0.132812  1.65933
-0.132568  1.27583
-0.132324  0.892332
-0.13208  0.508833
-0.131836  0.125335
-0.131592  -0.258164
-0.131348  -0.641663
-0.131104  -1.02516
-0.130859  -1.40866
-0.130615  -1.79216
-0.130371  -2.17566
-0.130127  -2.55916
-0.129883  -2.94266
-0.129639  2.95703
-0.129395  2.57353
-0.12915  2.19003
-0.128906  1.80653
-0.128662  1.42303
-0.128418  1.03953
-0.128174  0.656034
-0.12793  0.272534
-0.127686  -0.110965
-0.127441  -0.494465
-0.127197  -0.877965
-0.126953  -1.26146
-0.126709  -1.64496
-0.126465  -2.02846
-0.126221  -2.41197
-0.125977  -2.79547
-0.125732  3.10422
-0.125488  2.72072
-0.125244  2.33722
-0.125  1.95372
-0.124756  1.57022
-0.124512  1.18672
-0.124268  0.803215
-0.124023  0.419714
-0.123779  0.0362127
-0.123535  -0.347289
-0.123291  -0.73079
-0.123047  -1.11429
-0.122803  -1.49779
-0.122559  -1.8813
-0.122314  -2.2648
-0.12207  -2.6483
-0.121826  -3.0318
-0.121582  2.86788
-0.121338  2.48438
-0.121094  2.10088
-0.12085  1.71737
-0.120605  1.33387
-0.120361  0.950365
-0.120117  0.566862
-0.119873  0.183358
-0.119629  -0.200146
-0.119385  -0.58365
-0.119141  -0.967155
-0.118896  -1.35066
-0.118652  -1.73416
-0.118408  -2.11767
-0.118164  -2.50118
-0.11792  -2.88468
-0.117676  3.015
-0.117432  2.63149
-0.117188  2.24799
-0.116943  1.86448
-0.116699  1.48097
-0.116455  1.09746
-0.116211  0.713955
-0.115967  0.330447
-0.115723  -0.0530618
-0.115479  -0.436571
-0.115234  -0.820081
-0.11499  -1.20359
-0.114746  -1.5871
-0.114502  -1.97061
-0.114258  -2.35412
-0.114014  -2.73764
-0.11377  -3.12115
-0.113525  2.77852
-0.113281  2.39501
-0.113037  2.01149
-0.112793  1.62798
-0.112549  1.24446
-0.112305  0.860944
-0.112061  0.477426
-0.111816  0.0939075
-0.111572  -0.289612
-0.111328  -0.673133
-0.111084  -1.05666
-0.11084  -1.44018
-0.110596  -1.8237
-0.110352  -2.20723
-0.110107  -2.59076
-0.109863  -2.97429
-0.109619  2.92537
-0.109375  2.54184
-0.109131  2.1583
-0.108887  1.77477
-0.108643  1.39123
-0.108398  1.00769
-0.108154  0.624144
-0.10791  0.240597
-0.107666  -0.142952
-0.107422  -0.526506
-0.107178  -0.910063
-0.106934  -1.29362
-0.106689  -1.67719
-0.106445  -2.06076
-0.106201  -2.44434
-0.105957  -2.82792
-0.105713  3.07168
-0.105469  2.68808
-0.105225  2.30447
-0.10498  1.92085
-0.104736  1.53723
-0.104492  1.15358
-0.104248  0.769928
-0.104004  0.386256
-0.10376  0.00256422
-0.103516  -0.381149
-0.103271  -0.764887
-0.103027  -1.14865
-0.102783  -1.53245
-0.102539  -1.91629
-0.102295  -2.30017
-0.102051  -2.68411
-0.101807  -3.06811
-0.101562  2.831
-0.101318  2.44683
-0.101074  2.06254
-0.10083  1.67808
-0.100586  1.29341
-0.100342  0.908417
-0.100098  0.52295
-0.0998535  0.136694
-0.0996094  -0.251021
-0.0993652  -0.641966
-0.0991211  -1.04282
-0.098877  -1.52045
-0.0986328  1.47889
-0.0983887  1.02698
-0.0981445  0.628103
-0.0979004  0.237599
-0.0976562  -0.15005
-0.0974121  -0.536397
-0.097168  -0.922047
-0.0969238  -1.30729
-0.0966797  -1.69227
-0.0964355  -2.07708
-0.0961914  -2.46178
-0.0959473  -2.8464
-0.0957031  3.05221
-0.095459  2.66768
-0.0952148  2.28316
-0.0949707  1.89864
-0.0947266  1.51413
-0.0944824  1.1296
-0.0942383  0.74506
-0.0939941  0.360489
-0.09375  -0.0241166
-0.0935059  -0.408768
-0.0932617  -0.793479
-0.0930176  -1.17827
-0.0927734  -1.56316
-0.0925293  -1.94819
-0.0922852  -2.33345
-0.092041  -2.71913
-0.0917969  -3.10595
-0.0915527  2.78006
-0.0913086  -0.724723
-0.0910645  -1.1154
-0.0908203  -1.50407
-0.0905762  -1.89521
-0.090332  -2.30142
-0.0900879  0.577411
-0.0898438  0.122691
-0.0895996  -0.272705
-0.0893555  -0.663931
-0.0891113  -1.05574
-0.0888672  -1.45274
-0.088623  -1.88165
-0.0883789  1.07016
-0.0881348  0.589637
-0.0878906  0.187924
-0.0876465  -0.206445
-0.0874023  -0.600368
-0.0871582  -0.998441
-0.0869141  -1.41619
-0.0866699  -2.81831
-0.0864258  1.07953
-0.0861816  0.657886
-0.0859375  0.258165
-0.0856934  -0.137642
-0.0854492  -0.534762
-0.0852051  -0.940545
-0.0849609  -1.3989
-0.0847168  1.69702
-0.0844727  1.14252
-0.0842285  0.729396
-0.0839844  0.330095
-0.0837402  -0.0665129
-0.0834961  -0.465231
-0.083252  -0.874764
-0.0830078  -1.35625
-0.0827637  1.74179
-0.0825195  1.21619
-0.0822754  0.802955
-0.0820312  0.403078
-0.0817871  0.00597685
-0.081543  -0.393008
-0.0812988  -0.801784
-0.0810547  -1.26701
-0.0808105  1.90491
-0.0805664  1.2979
-0.0803223  0.878983
-0.0800781  0.477355
-0.079834  0.0795873
-0.0795898  -0.31922
-0.0793457  -0.725553
-0.0791016  -1.16794
-0.0788574  2.5968
-0.0786133  1.3893
-0.0783691  0.957421
-0.078125  0.552615
-0.0778809  0.153713
-0.0776367  -0.245106
-0.0773926  -0.64933
-0.0771484  -1.07653
-0.0769043  -1.8331
-0.0766602  1.50105
-0.076416  1.04002
-0.0761719  0.629749
-0.0759277  0.229008
-0.0756836  -0.170165
-0.0754395  -0.572849
-0.0751953  -0.990548
-0.0749512  -1.51342
-0.074707  1.66624
-0.0744629  1.12771
-0.0742188  0.708449
-0.0739746  0.304966
-0.0737305  -0.0950362
-0.0734863  -0.496924
-0.0732422  -0.909032
-0.072998  -1.37249
-0.0727539  2.13355
-0.0725098  1.22556
-0.0722656  0.790144
-0.0720215  0.382499
-0.0717773  -0.0188874
-0.0715332  -0.420509
-0.0712891  -0.829055
-0.0710449  -1.26739
-0.0708008  -2.21874
-0.0705566  1.34165
-0.0703125  0.875003
-0.0700684  0.461211
-0.0698242  0.0577938
-0.0695801  -0.344103
-0.0693359  -0.750562
-0.0690918  -1.17629
-0.0688477  -1.74845
-0.0686035  1.50632
-0.0683594  0.965569
-0.0681152  0.542169
-0.0678711  0.135844
-0.067627  -0.266779
-0.0673828  -0.671949
-0.0671387  -1.09013
-0.0668945  -1.57763
-0.0666504  1.85919
-0.0664062  1.06334
-0.0661621  0.624763
-0.065918  0.214466
-0.0656738  -0.18939
-0.0654297  -0.59404
-0.0651855  -1.00783
-0.0649414  -1.46245
-0.0646973  -2.92976
-0.0644531  1.17671
-0.064209  0.711137
-0.0639648  0.295111
-0.0637207  -0.110541
-0.0634766  -0.515092
-0.0632324  -0.925844
-0.0629883  -1.36291
-0.0627441  -2.05424
-0.0625  1.31721
-0.0622559  0.800219
-0.0620117  0.376354
-0.0617676  -0.0316593
-0.0615234  -0.436601
-0.0612793  -0.845585
-0.0610352  -1.27295
-0.060791  -1.81531
-0.0605469  1.5375
-0.0603027  0.895972
-0.0600586  0.460256
-0.0598145  0.0490094
-0.0595703  -0.35667
-0.0593262  -0.764371
-0.059082  -1.18503
-0.0588379  -1.67028
-0.0585938  2.06782
-0.0583496  0.997338
-0.0581055  0.544499
-0.0578613  0.129249
-0.0576172  -0.277573
-0.057373  -0.684746
-0.0571289  -1.10148
-0.0568848  -1.56045
-0.0566406  -2.81587
-0.0563965  1.11536
-0.0561523  0.633241
-0.0559082  0.21227
-0.0556641  -0.196164
-0.0554199  -0.603002
-0.0551758  -1.01645
-0.0549316  -1.45849
-0.0546875  -2.171
-0.0544434  1.25283
-0.0541992  0.722086
-0.0539551  0.29428
-0.0537109  -0.115996
-0.0534668  -0.522881
-0.0532227  -0.934309
-0.0529785  -1.36663
-0.0527344  -1.93598
-0.0524902  1.44695
-0.0522461  0.816122
-0.052002  0.378496
-0.0517578  -0.0343075
-0.0515137  -0.441539
-0.0512695  -0.851387
-0.0510254  -1.27657
-0.0507812  -1.78281
-0.0505371  1.80589
-0.050293  0.914514
-0.0500488  0.463421
-0.0498047  0.0475829
-0.0495605  -0.360198
-0.0493164  -0.768885
-0.0490723  -1.18899
-0.0488281  -1.66251
-0.048584  2.72062
-0.0483398  1.01833
-0.0480957  0.548677
-0.0478516  0.129262
-0.0476074  -0.279273
-0.0473633  -0.687173
-0.0471191  -1.10361
-0.046875  -1.55756
-0.0466309  -2.53261
-0.0463867  1.13575
-0.0461426  0.636383
-0.0458984  0.212172
-0.0456543  -0.197439
-0.0454102  -0.604761
-0.045166  -1.01819
-0.0449219  -1.45873
-0.0446777  -2.13534
-0.0444336  1.26949
-0.0441895  0.724019
-0.0439453  0.294313
-0.0437012  -0.11646
-0.043457  -0.523389
-0.0432129  -0.934543
-0.0429688  -1.36599
-0.0427246  -1.9301
-0.0424805  1.44699
-0.0422363  0.814432
-0.0419922  0.377298
-0.041748  -0.0350422
-0.0415039  -0.441796
-0.0412598  -0.851108
-0.0410156  -1.27575
-0.0407715  -1.78393
-0.0405273  1.73197
-0.0402832  0.907102
-0.0400391  0.460457
-0.0397949  0.0463327
-0.0395508  -0.360305
-0.0393066  -0.767983
-0.0390625  -1.18716
-0.0388184  -1.66231
-0.0385742  2.36985
-0.0383301  1.00109
-0.0380859  0.542405
-0.0378418  0.126285
-0.0375977  -0.280444
-0.0373535  -0.687042
-0.0371094  -1.1026
-0.0368652  -1.55865
-0.0366211  -2.79962
-0.036377  1.10603
-0.0361328  0.627859
-0.0358887  0.208679
-0.0356445  -0.198357
-0.0354004  -0.603774
-0.0351562  -1.01554
-0.0349121  -1.45594
-0.034668  -2.21981
-0.0344238  1.21111
-0.0341797  0.709013
-0.0339355  0.287338
-0.0336914  -0.119827
-0.0334473  -0.524419
-0.0332031  -0.933841
-0.032959  -1.36527
-0.0327148  -1.97202
-0.0324707  1.34206
-0.0322266  0.795211
-0.0319824  0.368963
-0.0317383  -0.0389332
-0.0314941  -0.442861
-0.03125  -0.849913
-0.0310059  -1.27324
-0.0307617  -1.79989
-0.0305176  1.50152
-0.0302734  0.879023
-0.0300293  0.448208
-0.0297852  0.0397833
-0.029541  -0.363556
-0.0292969  -0.768842
-0.0290527  -1.18672
-0.0288086  -1.6731
-0.0285645  1.75811
-0.0283203  0.966146
-0.0280762  0.528638
-0.027832  0.119245
-0.0275879  -0.283671
-0.0273438  -0.687333
-0.0270996  -1.10045
-0.0268555  -1.56
-0.0266113  2.37093
-0.0263672  1.05374
-0.026123  0.607855
-0.0258789  0.197411
-0.0256348  -0.205202
-0.0253906  -0.607634
-0.0251465  -1.01737
-0.0249023  -1.46079
-0.0246582  -2.71804
-0.0244141  1.1458
-0.0241699  0.687924
-0.0239258  0.275952
-0.0236816  -0.126541
-0.0234375  -0.527912
-0.0231934  -0.93474
-0.0229492  -1.36612
-0.0227051  -2.10836
-0.0224609  1.24475
-0.0222168  0.76844
-0.0219727  0.354457
-0.0217285  -0.0480238
-0.0214844  -0.448443
-0.0212402  -0.852767
-0.0209961  -1.27525
-0.020752  -1.85726
-0.0205078  1.34801
-0.0202637  0.847029
-0.0200195  0.431137
-0.0197754  0.0286699
-0.0195312  -0.371047
-0.0192871  -0.773634
-0.019043  -1.19031
-0.0187988  -1.70273
-0.0185547  1.48183
-0.0183105  0.929572
-0.0180664  0.509867
-0.0178223  0.106852
-0.0175781  -0.292391
-0.017334  -0.693398
-0.0170898  -1.10508
-0.0168457  -1.57835
-0.0166016  1.65729
-0.0163574  1.0106
-0.0161133  0.587106
-0.0158691  0.183735
-0.015625  -0.215013
-0.0153809  -0.614675
-0.0151367  -1.02253
-0.0148926  -1.4723
-0.0146484  2.01804
-0.0144043  1.09356
-0.0141602  0.664439
-0.013916  0.260324
-0.0136719  -0.138189
-0.0134277  -0.536897
-0.0131836  -0.94203
-0.0129395  -1.37754
-0.0126953  -3.11031
-0.0124512  1.17975
-0.012207  0.742553
-0.0119629  0.33732
-0.0117188  -0.0611063
-0.0114746  -0.458985
-0.0112305  -0.861749
-0.0109863  -1.2867
-0.0107422  -2.10183
-0.010498  1.26873
-0.0102539  0.820263
-0.0100098  0.413671
-0.00976562  0.0152047
-0.00952148  -0.382086
-0.00927734  -0.783147
-0.0090332  -1.20116
-0.00878906  -1.79788
-0.00854492  1.36591
-0.00830078  0.899294
-0.00805664  0.490665
-0.0078125  0.0919445
-0.00756836  -0.304875
-0.00732422  -0.704424
-0.00708008  -1.11688
-0.00683594  -1.62946
-0.0065918  1.47186
-0.00634766  0.977543
-0.00610352  0.566629
-0.00585938  0.167556
-0.00561523  -0.229023
-0.00537109  -0.62764
-0.00512695  -1.03664
-0.00488281  -1.51075
-0.00463867  1.61188
-0.00439453  1.0594
-0.00415039  0.644493
-0.00390625  0.244605
-0.00366211  -0.151879
-0.00341797  -0.549559
-0.00317383  -0.955258
-0.00292969  -1.40461
-0.00268555  1.81725
-0.00244141  1.13984
-0.00219727  0.720768
-0.00195312  0.320156
-0.00170898  -0.0763135
-0.00146484  -0.473428
-0.0012207  -0.877095
-0.000976562  -1.31282
-0.000732422  2.37611
-0.000488281  1.2248
-0.000244141  0.798742
0  -1.91051e-07
0.000244141  -0.396748
0.000488281  -0.798744
0.000732422  -1.22481
0.000976562  -2.37675
0.0012207  1.31281
0.00146484  0.877092
0.00170898  0.473428
0.00195312  0.0763132
0.00219727  -0.320156
0.00244141  -0.720766
0.00268555  -1.13983
0.00292969  -1.81702
0.00317383  1.40463
0.00341797  0.955263
0.00366211  0.549561
0.00390625  0.15188
0.00415039  -0.244604
0.00439453  -0.644493
0.00463867  -1.0594
0.00488281  -1.61189
0.00512695  1.51075
0.00537109  1.03664
0.00561523  0.62764
0.00585938  0.229023
0.00610352  -0.167557
0.00634766  -0.56663
0.0065918  -0.977546
0.00683594  -1.47188
0.00708008  1.62943
0.00732422  1.11688
0.00756836  0.704423
0.0078125  0.304875
0.00805664  -0.0919441
0.00830078  -0.490664
0.00854492  -0.899292
0.00878906  -1.36591
0.0090332  1.79789
0.00927734  1.20116
0.00952148  0.783147
0.00976562  0.382086
0.0100098  -0.0152043
0.0102539  -0.41367
0.010498  -0.820259
0.0107422  -1.26871
0.0109863  2.10236
0.0112305  1.28672
0.0114746  0.861754
0.0117188  0.458987
0.0119629  0.0611068
0.012207  -0.337321
0.0124512  -0.742558
0.0126953  -1.17977
0.0129395  3.10757
0.0131836  1.37751
0.0134277  0.942024
0.0136719  0.536894
0.013916  0.138188
0.0141602  -0.260325
0.0144043  -0.664439
0.0146484  -1.09355
0.0148926  -2.01789
0.0151367  1.4723
0.0153809  1.02253
0.015625  0.614675
0.0158691  0.215013
0.0161133  -0.183734
0.0163574  -0.587104
0.0166016  -1.01059
0.0168457  -1.65711
0.0170898  1.57839
0.017334  1.10509
0.0175781  0.6934
0.0178223  0.292392
0.0180664  -0.106852
0.0183105  -0.509868
0.0185547  -0.929576
0.0187988  -1.48187
0.019043  1.70271
0.0192871  1.19031
0.0195312  0.773634
0.0197754  0.371046
0.0200195  -0.02867
0.0202637  -0.431137
0.0205078  -0.847029
0.020752  -1.34801
0.0209961  1.85726
0.0212402  1.27525
0.0214844  0.852766
0.0217285  0.448443
0.0219727  0.0480232
0.0222168  -0.354459
0.0224609  -0.768446
0.0227051  -1.24479
0.0229492  2.10803
0.0231934  1.3661
0.0234375  0.934734
0.0236816  0.52791
0.0239258  0.12654
0.0241699  -0.275951
0.0244141  -0.687919
0.0246582  -1.14577
0.0249023  2.71918
0.0251465  1.46081
0.0253906  1.01738
0.0256348  0.607636
0.0258789  0.205204
0.026123  -0.197409
0.0263672  -0.607851
0.0266113  -1.05372
0.0268555  -2.36969
0.0270996  1.56003
0.0273438  1.10046
0.0275879  0.687338
0.027832  0.283674
0.0280762  -0.119245
0.0283203  -0.528641
0.0285645  -0.966163
0.0288086  -1.75854
0.0290527  1.67304
0.0292969  1.18671
0.029541  0.768838
0.0297852  0.363554
0.0300293  -0.0397843
0.0302734  -0.448208
0.0305176  -0.879023
0.0307617  -1.50152
0.0310059  1.79989
0.03125  1.27324
0.0314941  0.849912
0.0317383  0.44286
0.0319824  0.0389328
0.0322266  -0.368963
0.0324707  -0.795211
0.0327148  -1.34206
0.032959  1.97202
0.0332031  1.36527
0.0334473  0.93384
0.0336914  0.524419
0.0339355  0.119827
0.0341797  -0.287337
0.0344238  -0.709011
0.034668  -1.21109
0.0349121  2.21996
0.0351562  1.45595
0.0354004  1.01555
0.0356445  0.603776
0.0358887  0.198358
0.0361328  -0.208679
0.036377  -0.62786
0.0366211  -1.10604
0.0368652  2.79918
0.0371094  1.55863
0.0373535  1.10259
0.0375977  0.68704
0.0378418  0.280443
0.0380859  -0.126286
0.0383301  -0.542404
0.0385742  -1.00109
0.0388184  -2.36949
0.0390625  1.66233
0.0393066  1.18717
0.0395508  0.767984
0.0397949  0.360306
0.0400391  -0.0463321
0.0402832  -0.460456
0.0405273  -0.907099
0.0407715  -1.73189
0.0410156  1.78395
0.0412598  1.27575
0.0415039  0.85111
0.041748  0.441797
0.0419922  0.0350429
0.0422363  -0.377298
0.0424805  -0.814438
0.0427246  -1.44708
0.0429688  1.93003
0.0432129  1.36598
0.043457  0.934538
0.0437012  0.523386
0.0439453  0.116458
0.0441895  -0.294314
0.0444336  -0.724017
0.0446777  -1.26947
0.0449219  2.13542
0.045166  1.45874
0.0454102  1.01819
0.0456543  0.604762
0.0458984  0.19744
0.0461426  -0.212172
0.0463867  -0.636381
0.0466309  -1.13573
0.046875  2.53288
0.0471191  1.55758
0.0473633  1.10361
0.0476074  0.687177
0.0478516  0.279275
0.0480957  -0.129261
0.0483398  -0.548678
0.048584  -1.01835
0.0488281  -2.7216
0.0490723  1.66247
0.0493164  1.18898
0.0495605  0.76888
0.0498047  0.360195
0.0500488  -0.0475844
0.050293  -0.463421
0.0505371  -0.914507
0.0507812  -1.80567
0.0510254  1.78284
0.0512695  1.27658
0.0515137  0.85139
0.0517578  0.44154
0.052002  0.0343084
0.0522461  -0.378496
0.0524902  -0.816124
0.0527344  -1.44698
0.0529785  1.93596
0.0532227  1.36663
0.0534668  0.934308
0.0537109  0.52288
0.0539551  0.115996
0.0541992  -0.29428
0.0544434  -0.722084
0.0546875  -1.25281
0.0549316  2.17105
0.0551758  1.45849
0.0554199  1.01645
0.0556641  0.603003
0.0559082  0.196165
0.0561523  -0.21227
0.0563965  -0.633241
0.0566406  -1.11536
0.0568848  2.81574
0.0571289  1.56045
0.057373  1.10147
0.0576172  0.684746
0.0578613  0.277573
0.0581055  -0.129249
0.0583496  -0.544499
0.0585938  -0.997339
0.0588379  -2.06792
0.059082  1.67027
0.0593262  1.18502
0.0595703  0.764369
0.0598145  0.356669
0.0600586  -0.0490102
0.0603027  -0.460256
0.0605469  -0.89597
0.060791  -1.53746
0.0610352  1.81534
0.0612793  1.27295
0.0615234  0.845587
0.0617676  0.436602
0.0620117  0.0316602
0.0622559  -0.376354
0.0625  -0.800219
0.0627441  -1.31722
0.0629883  2.05423
0.0632324  1.36291
0.0634766  0.925844
0.0637207  0.515092
0.0639648  0.110541
0.064209  -0.295111
0.0644531  -0.711137
0.0646973  -1.17671
0.0649414  2.92967
0.0651855  1.46245
0.0654297  1.00783
0.0656738  0.59404
0.065918  0.18939
0.0661621  -0.214466
0.0664062  -0.624763
0.0666504  -1.06334
0.0668945  -1.85917
0.0671387  1.57764
0.0673828  1.09014
0.067627  0.67195
0.0678711  0.266779
0.0681152  -0.135843
0.0683594  -0.542169
0.0686035  -0.965569
0.0688477  -1.50632
0.0690918  1.74845
0.0693359  1.17629
0.0695801  0.750563
0.0698242  0.344103
0.0700684  -0.0577937
0.0703125  -0.461211
0.0705566  -0.875003
0.0708008  -1.34165
0.0710449  2.21874
0.0712891  1.26739
0.0715332  0.829055
0.0717773  0.420509
0.0720215  0.0188874
0.0722656  -0.382499
0.0725098  -0.790144
0.0727539  -1.22556
0.072998  -2.13355
0.0732422  1.37249
0.0734863  0.909032
0.0737305  0.496924
0.0739746  0.0950361
0.0742188  -0.304967
0.0744629  -0.708449
0.074707  -1.12771
0.0749512  -1.66623
0.0751953  1.51343
0.0754395  0.990548
0.0756836  0.572849
0.0759277  0.170165
0.0761719  -0.229008
0.076416  -0.629749
0.0766602  -1.04002
0.0769043  -1.50105
0.0771484  1.83309
0.0773926  1.07653
0.0776367  0.64933
0.0778809  0.245106
0.078125  -0.153713
0.0783691  -0.552615
0.0786133  -0.957421
0.0788574  -1.3893
0.0791016  -2.59676
0.0793457  1.16794
0.0795898  0.725553
0.079834  0.31922
0.0800781  -0.0795872
0.0803223  -0.477355
0.0805664  -0.878983
0.0808105  -1.2979
0.0810547  -1.90491
0.0812988  1.26701
0.081543  0.801784
0.0817871  0.393008
0.0820312  -0.00597682
0.0822754  -0.403078
0.0825195  -0.802955
0.0827637  -1.21619
0.0830078  -1.7418
0.083252  1.35625
0.0834961  0.874764
0.0837402  0.465231
0.0839844  0.0665129
0.0842285  -0.330096
0.0844727  -0.729396
0.0847168  -1.14252
0.0849609  -1.69702
0.0852051  1.3989
0.0854492  0.940545
0.0856934  0.534762
0.0859375  0.137642
0.0861816  -0.258165
0.0864258  -0.657886
0.0866699  -1.07953
0.0869141  2.81835
0.0871582  1.41619
0.0874023  0.998441
0.0876465  0.600368
0.0878906  0.206445
0.0881348  -0.187924
0.0883789  -0.589637
0.088623  -1.07017
0.0888672  1.88165
0.0891113  1.45274
0.0893555  1.05574
0.0895996  0.663931
0.0898438  0.272705
0.0900879  -0.122691
0.090332  -0.57741
0.0905762  2.30142
0.0908203  1.89521
0.0910645  1.50407
0.0913086  1.1154
0.0915527  0.724723
0.0917969  -2.78006
0.092041  3.10595
0.0922852  2.71913
0.0925293  2.33345
0.0927734  1.94819
0.0930176  1.56316
0.0932617  1.17827
0.0935059  0.793479
0.09375  0.408768
0.0939941  0.0241166
0.0942383  -0.360489
0.0944824  -0.74506
0.0947266  -1.1296
0.0949707  -1.51413
0.0952148  -1.89864
0.095459  -2.28316
0.0957031  -2.66768
0.0959473  -3.05221
0.0961914  2.8464
0.0964355  2.46178
0.0966797  2.07708
0.0969238  1.69227
0.097168  1.30729
0.0974121  0.922047
0.0976562  0.536397
0.0979004  0.15005
0.0981445  -0.237599
0.0983887  -0.628103
0.0986328  -1.02698
0.098877  -1.47889
0.0991211  1.52045
0.0993652  1.04282
0.0996094  0.641966
0.0998535  0.251021
0.100098  -0.136694
0.100342  -0.52295
0.100586  -0.908417
0.10083  -1.29341
0.101074  -1.67808
0.101318  -2.06254
0.101562  -2.44683
0.101807  -2.831
0.102051  3.06811
0.102295  2.68411
0.102539  2.30017
0.102783  1.91629
0.103027  1.53245
0.103271  1.14865
0.103516  0.764887
0.10376  0.381149
0.104004  -0.00256422
0.104248  -0.386256
0.104492  -0.769928
0.104736  -1.15358
0.10498  -1.53723
0.105225  -1.92085
0.105469  -2.30447
0.105713  -2.68808
0.105957  -3.07168
0.106201  2.82792
0.106445  2.44434
0.106689  2.06076
0.106934  1.67719
0.107178  1.29362
0.107422  0.910063
0.107666  0.526506
0.10791  0.142952
0.108154  -0.240597
0.108398  -0.624144
0.108643  -1.00769
0.108887  -1.39123
0.109131  -1.77477
0.109375  -2.1583
0.109619  -2.54184
0.109863  -2.92537
0.110107  2.97429
0.110352  2.59076
0.110596  2.20723
0.11084  1.8237
0.111084  1.44018
0.111328  1.05666
0.111572  0.673133
0.111816  0.289612
0.112061  -0.0939075
0.112305  -0.477426
0.112549  -0.860944
0.112793  -1.24446
0.113037  -1.62798
0.113281  -2.01149
0.113525  -2.39501
0.11377  -2.77852
0.114014  3.12115
0.114258  2.73764
0.114502  2.35412
0.114746  1.97061
0.11499  1.5871
0.115234  1.20359
0.115479  0.820081
0.115723  0.436571
0.115967  0.0530618
0.116211  -0.330447
0.116455  -0.713955
0.116699  -1.09746
0.116943  -1.48097
0.117188  -1.86448
0.117432  -2.24799
0.117676  -2.63149
0.11792  -3.015
0.118164  2.88468
0.118408  2.50118
0.118652  2.11767
0.118896  1.73416
0.119141  1.35066
0.119385  0.967155
0.119629  0.58365
0.119873  0.200146
0.120117  -0.183358
0.120361  -0.566862
0.120605  -0.950365
0.12085  -1.33387
0.121094  -1.71737
0.121338  -2.10088
0.121582  -2.48438
0.121826  -2.86788
0.12207  3.0318
0.122314  2.6483
0.122559  2.2648
0.122803  1.8813
0.123047  1.49779
0.123291  1.11429
0.123535  0.73079
0.123779  0.347289
0.124023  -0.0362127
0.124268  -0.419714
0.124512  -0.803215
0.124756  -1.18672
0.125  -1.57022
0.125244  -1.95372
0.125488  -2.33722
0.125732  -2.72072
0.125977  -3.10422
0.126221  2.79547
0.126465  2.41197
0.126709  2.02846
0.126953  1.64496
0.127197  1.26146
0.127441  0.877965
0.127686  0.494465
0.12793  0.110965
0.128174  -0.272534
0.128418  -0.656034
0.128662  -1.03953
0.128906  -1.42303
0.12915  -1.80653
0.129395  -2.19003
0.129639  -2.57353
0.129883  -2.95703
0.130127  2.94266
0.130371  2.55916
0.130615  2.17566
0.130859  1.79216
0.131104  1.40866
0.131348  1.02516
0.131592  0.641663
0.131836  0.258164
0.13208  -0.125335
0.132324  -0.508833
0.132568  -0.892332
0.132812  -1.27583
0.133057  -1.65933
0.133301  -2.04283
0.133545  -2.42633
0.133789  -2.80982
0.134033  3.08986
0.134277  2.70636
0.134521  2.32287
0.134766  1.93937
0.13501  1.55587
0.135254  1.17237
0.135498  0.788874
0.135742  0.405376
0.135986  0.0218783
0.13623  -0.36162
0.136475  -0.745117
0.136719  -1.12862
0.136963  -1.51211
0.137207  -1.89561
0.137451  -2.27911
0.137695  -2.66261
0.137939  -3.0461
0.138184  2.85358
0.138428  2.47009
0.138672  2.08659
0.138916  1.70309
0.13916  1.31959
0.139404  0.936096
0.139648  0.552599
0.139893  0.169101
0.140137  -0.214396
0.140381  -0.597894
0.140625  -0.981391
0.140869  -1.36489
0.141113  -1.74839
0.141357  -2.13188
0.141602  -2.51538
0.141846  -2.89888
0.14209  3.00081
0.142334  2.61731
0.142578  2.23382
0.142822  1.85032
0.143066  1.46682
0.143311  1.08333
0.143555  0.699828
0.143799  0.316331
0.144043  -0.0671661
0.144287  -0.450663
0.144531  -0.83416
0.144775  -1.21766
0.14502  -1.60115
0.145264  -1.98465
0.145508  -2.36815
0.145752  -2.75164
0.145996  -3.13514
0.14624  2.76455
0.146484  2.38105
0.146729  1.99755
0.146973  1.61406
0.147217  1.23056
0.147461  0.847063
0.147705  0.463566
0.147949  0.0800692
0.148193  -0.303427
0.148438  -0.686924
0.148682  -1.07042
0.148926  -1.45392
0.14917  -1.83741
0.149414  -2.22091
0.149658  -2.60441
0.149902  -2.9879
0.150146  2.91178
0.150391  2.52829
0.150635  2.14479
0.150879  1.76129
0.151123  1.3778
0.151367  0.994302
0.151611  0.610805
0.151855  0.227309
0.1521  -0.156188
0.152344  -0.539684
0.152588  -0.923181
0.152832  -1.30668
0.153076  -1.69017
0.15332  -2.07367
0.153564  -2.45717
0.153809  -2.84066
0.154053  3.05903
0.154297  2.67553
0.154541  2.29203
0.154785  1.90854
0.155029  1.52504
0.155273  1.14154
0.155518  0.758048
0.155762  0.374551
0.156006  -0.00894511
0.15625  -0.392441
0.156494  -0.775938
0.156738  -1.15943
0.156982  -1.54293
0.157227  -1.92643
0.157471  -2.30992
0.157715  -2.69342
0.157959  -3.07692
0.158203  2.82277
0.158447  2.43928
0.158691  2.05578
0.158936  1.67228
0.15918  1.28879
0.159424  0.905293
0.159668  0.521796
0.159912  0.1383
0.160156  -0.245196
0.1604  -0.628692
0.160645  -1.01219
0.160889  -1.39568
0.161133  -1.77918
0.161377  -2.16268
0.161621  -2.54617
0.161865  -2.92967
0.162109  2.97002
0.162354  2.58652
0.162598  2.20303
0.162842  1.81953
0.163086  1.43604
0.16333  1.05254
0.163574  0.669044
0.163818  0.285548
0.164062  -0.0979485
0.164307  -0.481445
0.164551  -0.864941
0.164795  -1.24844
0.165039  -1.63193
0.165283  -2.01543
0.165527  -2.39892
0.165771  -2.78242
0.166016  3.11727
0.16626  2.73377
0.166504  2.35028
0.166748  1.96678
0.166992  1.58328
0.167236  1.19979
0.16748  0.816293
0.167725  0.432797
0.167969  0.0493006
0.168213  -0.334195
0.168457  -0.717691
0.168701  -1.10119
0.168945  -1.48468
0.169189  -1.86818
0.169434  -2.25168
0.169678  -2.63517
0.169922  -3.01867
0.170166  2.88102
0.17041  2.49753
0.170654  2.11403
0.170898  1.73053
0.171143  1.34704
0.171387  0.963543
0.171631  0.580047
0.171875  0.196551
0.172119  -0.186945
0.172363  -0.570441
0.172607  -0.953936
0.172852  -1.33743
0.173096  -1.72093
0.17334  -2.10442
0.173584  -2.48792
0.173828  -2.87142
0.174072  3.02827
0.174316  2.64478
0.174561  2.26128
0.174805  1.87779
0.175049  1.49429
0.175293  1.11079
0.175537  0.727299
0.175781  0.343803
0.176025  -0.0396928
0.17627  -0.423189
0.176514  -0.806684
0.176758  -1.19018
0.177002  -1.57368
0.177246  -1.95717
0.17749  -2.34067
0.177734  -2.72416
0.177979  -3.10766
0.178223  2.79203
0.178467  2.40853
0.178711  2.02504
0.178955  1.64154
0.179199  1.25805
0.179443  0.874552
0.179688  0.491056
0.179932  0.10756
0.180176  -0.275936
0.18042  -0.659431
0.180664  -1.04293
0.180908  -1.42642
0.181152  -1.80992
0.181396  -2.19341
0.181641  -2.57691
0.181885  -2.96041
0.182129  2.93928
0.182373  2.55579
0.182617  2.17229
0.182861  1.7888
0.183105  1.4053
0.18335  1.02181
0.183594  0.638309
0.183838  0.254814
0.184082  -0.128682
0.184326  -0.512178
0.18457  -0.895673
0.184814  -1.27917
0.185059  -1.66266
0.185303  -2.04616
0.185547  -2.42966
0.185791  -2.81315
0.186035  3.08654
0.186279  2.70304
0.186523  2.31955
0.186768  1.93605
0.187012  1.55256
0.187256  1.16906
0.1875  0.785564
0.187744  0.402068
0.187988  0.0185725
0.188232  -0.364923
0.188477  -0.748419
0.188721  -1.13191
0.188965  -1.51541
0.189209  -1.89891
0.189453  -2.2824
0.189697  -2.6659
0.189941  -3.04939
0.190186  2.8503
0.19043  2.4668
0.190674  2.08331
0.190918  1.69981
0.191162  1.31631
0.191406  0.932819
0.19165  0.549323
0.191895  0.165828
0.192139  -0.217668
0.192383  -0.601164
0.192627  -0.984659
0.192871  -1.36815
0.193115  -1.75165
0.193359  -2.13515
0.193604  -2.51864
0.193848  -2.90214
0.194092  2.99755
0.194336  2.61406
0.19458  2.23056
0.194824  1.84707
0.195068  1.46357
0.195312  1.08007
0.195557  0.696579
0.195801  0.313083
0.196045  -0.0704122
0.196289  -0.453908
0.196533  -0.837403
0.196777  -1.2209
0.197021  -1.60439
0.197266  -1.98789
0.19751  -2.37139
0.197754  -2.75488
0.197998  -3.13838
0.198242  2.76131
0.198486  2.37782
0.19873  1.99432
0.198975  1.61083
0.199219  1.22733
0.199463  0.843835
0.199707  0.46034
0.199951  0.0768441
0.200195  -0.306651
0.200439  -0.690147
0.200684  -1.07364
0.200928  -1.45714
0.201172  -1.84063
0.201416  -2.22413
0.20166  -2.60762
0.201904  -2.99112
0.202148  2.90857
0.202393  2.52507
0.202637  2.14158
0.202881  1.75808
0.203125  1.37459
0.203369  0.991092
0.203613  0.607596
0.203857  0.224101
0.204102  -0.159395
0.204346  -0.54289
0.20459  -0.926386
0.204834  -1.30988
0.205078  -1.69338
0.205322  -2.07687
0.205566  -2.46037
0.205811  -2.84386
0.206055  3.05583
0.206299  2.67233
0.206543  2.28884
0.206787  1.90534
0.207031  1.52184
0.207275  1.13835
0.20752  0.754853
0.207764  0.371358
0.208008  -0.0121376
0.208252  -0.395633
0.208496  -0.779129
0.20874  -1.16262
0.208984  -1.54612
0.209229  -1.92962
0.209473  -2.31311
0.209717  -2.69661
0.209961  -3.0801
0.210205  2.81959
0.210449  2.43609
0.210693  2.0526
0.210938  1.6691
0.211182  1.28561
0.211426  0.902111
0.21167  0.518615
0.211914  0.13512
0.212158  -0.248376
0.212402  -0.631871
0.212646  -1.01537
0.212891  -1.39886
0.213135  -1.78236
0.213379  -2.16585
0.213623  -2.54935
0.213867  -2.93284
0.214111  2.96685
0.214355  2.58335
0.2146  2.19985
0.214844  1.81636
0.215088  1.43286
0.215332  1.04937
0.215576  0.665873
0.21582  0.282378
0.216064  -0.101118
0.216309  -0.484613
0.216553  -0.868109
0.216797  -1.2516
0.217041  -1.6351
0.217285  -2.0186
0.217529  -2.40209
0.217773  -2.78559
0.218018  3.1141
0.218262  2.73061
0.218506  2.34711
0.21875  1.96362
0.218994  1.58012
0.219238  1.19663
0.219482  0.813131
0.219727  0.429636
0.219971  0.0461403
0.220215  -0.337355
0.220459  -0.720851
0.220703  -1.10435
0.220947  -1.48784
0.221191  -1.87134
0.221436  -2.25483
0.22168  -2.63833
0.221924  -3.02182
0.222168  2.87787
0.222412  2.49437
0.222656  2.11088
0.2229  1.72738
0.223145  1.34388
0.223389  0.960389
0.223633  0.576894
0.223877  0.193399
0.224121  -0.190097
0.224365  -0.573592
0.224609  -0.957088
0.224854  -1.34058
0.225098  -1.72408
0.225342  -2.10757
0.225586  -2.49107
0.22583  -2.87456
0.226074  3.02513
0.226318  2.64163
0.226562  2.25813
0.226807  1.87464
0.227051  1.49114
0.227295  1.10765
0.227539  0.724153
0.227783  0.340657
0.228027  -0.0428382
0.228271  -0.426334
0.228516  -0.809829
0.22876  -1.19332
0.229004  -1.57682
0.229248  -1.96032
0.229492  -2.34381
0.229736  -2.72731
0.22998  -3.1108
0.230225  2.78889
0.230469  2.40539
0.230713  2.0219
0.230957  1.6384
0.231201  1.25491
0.231445  0.871411
0.231689  0.487916
0.231934  0.104421
0.232178  -0.279075
0.232422  -0.66257
0.232666  -1.04607
0.23291  -1.42956
0.233154  -1.81306
0.233398  -2.19655
0.233643  -2.58005
0.233887  -2.96354
0.234131  2.93615
0.234375  2.55265
0.234619  2.16916
0.234863  1.78566
0.235107  1.40217
0.235352  1.01867
0.235596  0.635175
0.23584  0.25168
0.236084  -0.131816
0.236328  -0.515311
0.236572  -0.898807
0.236816  -1.2823
0.237061  -1.6658
0.237305  -2.04929
0.237549  -2.43279
0.237793  -2.81628
0.238037  3.08341
0.238281  2.69991
0.238525  2.31642
0.23877  1.93292
0.239014  1.54942
0.239258  1.16593
0.239502  0.782434
0.239746  0.398939
0.23999  0.0154434
0.240234  -0.368052
0.240479  -0.751547
0.240723  -1.13504
0.240967  -1.51854
0.241211  -1.90203
0.241455  -2.28553
0.241699  -2.66902
0.241943  -3.05252
0.242188  2.84717
0.242432  2.46367
0.242676  2.08018
0.24292  1.69668
0.243164  1.31319
0.243408  0.929693
0.243652  0.546198
0.243896  0.162703
0.244141  -0.220793
0.244385  -0.604288
0.244629  -0.987783
0.244873  -1.37128
0.245117  -1.75477
0.245361  -2.13827
0.245605  -2.52176
0.24585  -2.90526
0.246094  2.99443
0.246338  2.61093
0.246582  2.22744
0.246826  1.84394
0.24707  1.46045
0.247314  1.07695
0.247559  0.693458
0.247803  0.309962
0.248047  -0.0735331
0.248291  -0.457029
0.248535  -0.840524
0.248779  -1.22402
0.249023  -1.60751
0.249268  -1.99101
0.249512  -2.37451
0.249756  -2.758
0.25  -3.1415
0.250244  2.75819
0.250488  2.3747
0.250732  1.9912
0.250977  1.60771
0.251221  1.22421
0.251465  0.840717
0.251709  0.457222
0.251953  0.0737265
0.252197  -0.309769
0.252441  -0.693264
0.252686  -1.07676
0.25293  -1.46025
0.253174  -1.84375
0.253418  -2.22725
0.253662  -2.61074
0.253906  -2.99424
0.25415  2.90545
0.254395  2.52196
0.254639  2.13846
0.254883  1.75497
0.255127  1.37147
0.255371  0.987977
0.255615  0.604482
0.255859  0.220986
0.256104  -0.162509
0.256348  -0.546004
0.256592  -0.9295
0.256836  -1.313
0.25708  -1.69649
0.257324  -2.07999
0.257568  -2.46348
0.257812  -2.84698
0.258057  3.05271
0.258301  2.66922
0.258545  2.28572
0.258789  1.90223
0.259033  1.51873
0.259277  1.13524
0.259521  0.751741
0.259766  0.368246
0.26001  -0.0152492
0.260254  -0.398745
0.260498  -0.78224
0.260742  -1.16574
0.260986  -1.54923
0.26123  -1.93273
0.261475  -2.31622
0.261719  -2.69972
0.261963  -3.08321
0.262207  2.81648
0.262451  2.43298
0.262695  2.04949
0.262939  1.66599
0.263184  1.2825
0.263428  0.899001
0.263672  0.515506
0.263916  0.132011
0.26416  -0.251485
0.264404  -0.63498
0.264648  -1.01848
0.264893  -1.40197
0.265137  -1.78547
0.265381  -2.16896
0.265625  -2.55246
0.265869  -2.93595
0.266113  2.96374
0.266357  2.58024
0.266602  2.19675
0.266846  1.81325
0.26709  1.42976
0.267334  1.04626
0.267578  0.662766
0.267822  0.279271
0.268066  -0.104224
0.268311  -0.48772
0.268555  -0.871215
0.268799  -1.25471
0.269043  -1.63821
0.269287  -2.0217
0.269531  -2.4052
0.269775  -2.78869
0.27002  3.111
0.270264  2.7275
0.270508  2.34401
0.270752  1.96051
0.270996  1.57702
0.27124  1.19352
0.271484  0.810026
0.271729  0.426531
0.271973  0.0430358
0.272217  -0.34046
0.272461  -0.723955
0.272705  -1.10745
0.272949  -1.49095
0.273193  -1.87444
0.273438  -2.25794
0.273682  -2.64143
0.273926  -3.02493
0.27417  2.87476
0.274414  2.49127
0.274658  2.10777
0.274902  1.72428
0.275146  1.34078
0.275391  0.957287
0.275635  0.573791
0.275879  0.190296
0.276123  -0.193199
0.276367  -0.576695
0.276611  -0.96019
0.276855  -1.34369
0.2771  -1.72718
0.277344  -2.11068
0.277588  -2.49417
0.277832  -2.87767
0.278076  3.02202
0.27832  2.63853
0.278564  2.25503
0.278809  1.87154
0.279053  1.48804
0.279297  1.10455
0.279541  0.721052
0.279785  0.337556
0.280029  -0.0459389
0.280273  -0.429434
0.280518  -0.812929
0.280762  -1.19642
0.281006  -1.57992
0.28125  -1.96342
0.281494  -2.34691
0.281738  -2.73041
0.281982  -3.1139
0.282227  2.78579
0.282471  2.40229
0.282715  2.0188
0.282959  1.6353
0.283203  1.25181
0.283447  0.868312
0.283691  0.484817
0.283936  0.101322
0.28418  -0.282174
0.284424  -0.665669
0.284668  -1.04916
0.284912  -1.43266
0.285156  -1.81615
0.2854  -2.19965
0.285645  -2.58315
0.285889  -2.96664
0.286133  2.93305
0.286377  2.54955
0.286621  2.16606
0.286865  1.78256
0.287109  1.39907
0.287354  1.01557
0.287598  0.632077
0.287842  0.248582
0.288086  -0.134913
0.28833  -0.518409
0.288574  -0.901904
0.288818  -1.2854
0.289062  -1.66889
0.289307  -2.05239
0.289551  -2.43589
0.289795  -2.81938
0.290039  3.08031
0.290283  2.69681
0.290527  2.31332
0.290771  1.92982
0.291016  1.54633
0.29126  1.16283
0.291504  0.779338
0.291748  0.395843
0.291992  0.0123474
0.292236  -0.371148
0.29248  -0.754643
0.292725  -1.13814
0.292969  -1.52163
0.293213  -1.90513
0.293457  -2.28862
0.293701  -2.67212
0.293945  -3.05561
0.294189  2.84408
0.294434  2.46058
0.294678  2.07708
0.294922  1.69359
0.295166  1.31009
0.29541  0.926599
0.295654  0.543103
0.295898  0.159608
0.296143  -0.223887
0.296387  -0.607383
0.296631  -0.990878
0.296875  -1.37437
0.297119  -1.75787
0.297363  -2.14136
0.297607  -2.52486
0.297852  -2.90835
0.298096  2.99134
0.29834  2.60784
0.298584  2.22435
0.298828  1.84085
0.299072  1.45735
0.299316  1.07386
0.299561  0.690364
0.299805  0.306869
0.300049  -0.0766266
0.300293  -0.460122
0.300537  -0.843617
0.300781  -1.22711
0.301025  -1.61061
0.30127  -1.9941
0.301514  -2.3776
0.301758  -2.76109
0.302002  3.1386
0.302246  2.7551
0.30249  2.37161
0.302734  1.98811
0.302979  1.60462
0.303223  1.22112
0.303467  0.837625
0.303711  0.454129
0.303955  0.0706342
0.304199  -0.312861
0.304443  -0.696356
0.304688  -1.07985
0.304932  -1.46335
0.305176  -1.84684
0.30542  -2.23034
0.305664  -2.61383
0.305908  -2.99733
0.306152  2.90236
0.306396  2.51887
0.306641  2.13537
0.306885  1.75188
0.307129  1.36838
0.307373  0.984886
0.307617  0.60139
0.307861  0.217895
0.308105  -0.1656
0.30835  -0.549096
0.308594  -0.932591
0.308838  -1.31609
0.309082  -1.69958
0.309326  -2.08308
0.30957  -2.46657
0.309814  -2.85007
0.310059  3.04962
0.310303  2.66613
0.310547  2.28263
0.310791  1.89914
0.311035  1.51564
0.311279  1.13215
0.311523  0.748651
0.311768  0.365156
0.312012  -0.0183394
0.312256  -0.401835
0.3125  -0.78533
0.312744  -1.16883
0.312988  -1.55232
0.313232  -1.93582
0.313477  -2.31931
0.313721  -2.70281
0.313965  -3.0863
0.314209  2.81339
0.314453  2.42989
0.314697  2.0464
0.314941  1.6629
0.315186  1.27941
0.31543  0.895912
0.315674  0.512417
0.315918  0.128922
0.316162  -0.254574
0.316406  -0.638069
0.31665  -1.02156
0.316895  -1.40506
0.317139  -1.78855
0.317383  -2.17205
0.317627  -2.55555
0.317871  -2.93904
0.318115  2.96065
0.318359  2.57715
0.318604  2.19366
0.318848  1.81016
0.319092  1.42667
0.319336  1.04317
0.31958  0.659678
0.319824  0.276183
0.320068  -0.107313
0.320312  -0.490808
0.320557  -0.874303
0.320801  -1.2578
0.321045  -1.64129
0.321289  -2.02479
0.321533  -2.40828
0.321777  -2.79178
0.322021  3.10791
0.322266  2.72442
0.32251  2.34092
0.322754  1.95742
0.322998  1.57393
0.323242  1.19043
0.323486  0.806939
0.32373  0.423444
0.323975  0.0399482
0.324219  -0.343547
0.324463  -0.727042
0.324707  -1.11054
0.324951  -1.49403
0.325195  -1.87753
0.325439  -2.26102
0.325684  -2.64452
0.325928  -3.02801
0.326172  2.87168
0.326416  2.48818
0.32666  2.10469
0.326904  1.72119
0.327148  1.3377
0.327393  0.9542
0.327637  0.570705
0.327881  0.187209
0.328125  -0.196286
0.328369  -0.579781
0.328613  -0.963277
0.328857  -1.34677
0.329102  -1.73027
0.329346  -2.11376
0.32959  -2.49726
0.329834  -2.88075
0.330078  3.01894
0.330322  2.63544
0.330566  2.25195
0.330811  1.86845
0.331055  1.48496
0.331299  1.10146
0.331543  0.717966
0.331787  0.33447
0.332031  -0.0490249
0.332275  -0.43252
0.33252  -0.816015
0.332764  -1.19951
0.333008  -1.58301
0.333252  -1.9665
0.333496  -2.35
0.33374  -2.73349
0.333984  -3.11699
0.334229  2.7827
0.334473  2.39921
0.334717  2.01571
0.334961  1.63222
0.335205  1.24872
0.335449  0.865227
0.335693  0.481731
0.335938  0.0982362
0.336182  -0.285259
0.336426  -0.668754
0.33667  -1.05225
0.336914  -1.43574
0.337158  -1.81924
0.337402  -2.20274
0.337646  -2.58623
0.337891  -2.96973
0.338135  2.92996
0.338379  2.54647
0.338623  2.16297
0.338867  1.77948
0.339111  1.39598
0.339355  1.01249
0.3396  0.628993
0.339844  0.245497
0.340088  -0.137998
0.340332  -0.521493
0.340576  -0.904988
0.34082  -1.28848
0.341064  -1.67198
0.341309  -2.05547
0.341553  -2.43897
0.341797  -2.82246
0.342041  3.07723
0.342285  2.69373
0.342529  2.31023
0.342773  1.92674
0.343018  1.54324
0.343262  1.15975
0.343506  0.776254
0.34375  0.392759
0.343994  0.00926333
0.344238  -0.374232
0.344482  -0.757727
0.344727  -1.14122
0.344971  -1.52472
0.345215  -1.90821
0.345459  -2.29171
0.345703  -2.6752
0.345947  -3.0587
0.346191  2.84099
0.346436  2.4575
0.34668  2.074
0.346924  1.69051
0.347168  1.30701
0.347412  0.923515
0.347656  0.54002
0.3479  0.156525
0.348145  -0.226971
0.348389  -0.610466
0.348633  -0.993961
0.348877  -1.37746
0.349121  -1.76095
0.349365  -2.14445
0.349609  -2.52794
0.349854  -2.91144
0.350098  2.98825
0.350342  2.60476
0.350586  2.22126
0.35083  1.83777
0.351074  1.45427
0.351318  1.07078
0.351562  0.687281
0.351807  0.303786
0.352051  -0.0797094
0.352295  -0.463205
0.352539  -0.8467
0.352783  -1.2302
0.353027  -1.61369
0.353271  -1.99719
0.353516  -2.38068
0.35376  -2.76418
0.354004  3.13551
0.354248  2.75202
0.354492  2.36852
0.354736  1.98503
0.35498  1.60153
0.355225  1.21804
0.355469  0.834542
0.355713  0.451047
0.355957  0.0675518
0.356201  -0.315943
0.356445  -0.699439
0.356689  -1.08293
0.356934  -1.46643
0.357178  -1.84992
0.357422  -2.23342
0.357666  -2.61691
0.35791  -3.00041
0.358154  2.89928
0.358398  2.51578
0.358643  2.13229
0.358887  1.74879
0.359131  1.3653
0.359375  0.981804
0.359619  0.598308
0.359863  0.214813
0.360107  -0.168682
0.360352  -0.552177
0.360596  -0.935673
0.36084  -1.31917
0.361084  -1.70266
0.361328  -2.08616
0.361572  -2.46965
0.361816  -2.85315
0.362061  3.04654
0.362305  2.66305
0.362549  2.27955
0.362793  1.89606
0.363037  1.51256
0.363281  1.12906
0.363525  0.74557
0.36377  0.362074
0.364014  -0.0214208
0.364258  -0.404916
0.364502  -0.788411
0.364746  -1.17191
0.36499  -1.5554
0.365234  -1.9389
0.365479  -2.32239
0.365723  -2.70589
0.365967  -3.08938
0.366211  2.81031
0.366455  2.42681
0.366699  2.04332
0.366943  1.65982
0.367188  1.27633
0.367432  0.892831
0.367676  0.509336
0.36792  0.125841
0.368164  -0.257655
0.368408  -0.64115
0.368652  -1.02465
0.368896  -1.40814
0.369141  -1.79164
0.369385  -2.17513
0.369629  -2.55863
0.369873  -2.94212
0.370117  2.95757
0.370361  2.57407
0.370605  2.19058
0.37085  1.80708
0.371094  1.42359
0.371338  1.04009
0.371582  0.656597
0.371826  0.273102
0.37207  -0.110393
0.372314  -0.493888
0.372559  -0.877384
0.372803  -1.26088
0.373047  -1.64437
0.373291  -2.02787
0.373535  -2.41136
0.373779  -2.79486
0.374023  3.10483
0.374268  2.72133
0.374512  2.33784
0.374756  1.95434
0.375  1.57085
0.375244  1.18735
0.375488  0.803859
0.375732  0.420363
0.375977  0.0368682
0.376221  -0.346627
0.376465  -0.730122
0.376709  -1.11362
0.376953  -1.49711
0.377197  -1.88061
0.377441  -2.2641
0.377686  -2.6476
0.37793  -3.03109
0.378174  2.8686
0.378418  2.4851
0.378662  2.10161
0.378906  1.71811
0.37915  1.33462
0.379395  0.95112
0.379639  0.567625
0.379883  0.18413
0.380127  -0.199366
0.380371  -0.582861
0.380615  -0.966356
0.380859  -1.34985
0.381104  -1.73335
0.381348  -2.11684
0.381592  -2.50034
0.381836  -2.88383
0.38208  3.01586
0.382324  2.63236
0.382568  2.24887
0.382812  1.86537
0.383057  1.48188
0.383301  1.09838
0.383545  0.714886
0.383789  0.331391
0.384033  -0.0521041
0.384277  -0.435599
0.384521  -0.819095
0.384766  -1.20259
0.38501  -1.58609
0.385254  -1.96958
0.385498  -2.35308
0.385742  -2.73657
0.385986  -3.12007
0.38623  2.77962
0.386475  2.39613
0.386719  2.01263
0.386963  1.62914
0.387207  1.24564
0.387451  0.862148
0.387695  0.478653
0.387939  0.0951573
0.388184  -0.288338
0.388428  -0.671833
0.388672  -1.05533
0.388916  -1.43882
0.38916  -1.82232
0.389404  -2.20581
0.389648  -2.58931
0.389893  -2.9728
0.390137  2.92689
0.390381  2.54339
0.390625  2.15989
0.390869  1.7764
0.391113  1.3929
0.391357  1.00941
0.391602  0.625914
0.391846  0.242419
0.39209  -0.141077
0.392334  -0.524572
0.392578  -0.908067
0.392822  -1.29156
0.393066  -1.67506
0.393311  -2.05856
0.393555  -2.44206
0.393799  -2.82556
0.394043  3.07412
0.394287  2.6906
0.394531  2.30708
0.394775  1.92356
0.39502  1.54002
0.395264  1.15646
0.395508  0.772898
0.395752  0.389315
0.395996  0.00571332
0.39624  -0.377909
0.396484  -0.761552
0.396729  -1.14522
0.396973  -1.52891
0.397217  -1.91262
0.397461  -2.29636
0.397705  -2.68012
0.397949  -3.06391
0.398193  2.83546
0.398438  2.45162
0.398682  2.06777
0.398926  1.68389
0.39917  1.29998
0.399414  0.916062
0.399658  0.532121
0.399902  0.148162
0.400146  -0.235814
0.400391  -0.619805
0.400635  -1.00381
0.400879  -1.38783
0.401123  -1.77187
0.401367  -2.15591
0.401611  -2.53997
0.401855  -2.92403
0.4021  2.97508
0.402344  2.59099
0.402588  2.2069
0.402832  1.8228
0.403076  1.43869
0.40332  1.05458
0.403564  0.670463
0.403809  0.28634
0.404053  -0.0977868
0.404297  -0.481918
0.404541  -0.866053
0.404785  -1.25019
0.405029  -1.63433
0.405273  -2.01848
0.405518  -2.40263
0.405762  -2.78678
0.406006  3.11224
0.40625  2.72808
0.406494  2.3439
0.406738  1.95973
0.406982  1.57559
0.407227  1.19167
0.407471  0.808756
0.407715  0.42941
0.407959  0.0511223
0.408203  -0.333875
0.408447  -0.719948
0.408691  -1.10561
0.408936  -1.49197
0.40918  -1.88374
0.409424  -2.43593
0.409668  0.547555
0.409912  0.155703
0.410156  -0.225998
0.4104  -0.612957
0.410645  -1.0161
0.410889  -1.42433
0.411133  -1.82268
0.411377  -2.21275
0.411621  -2.59901
0.411865  -2.98375
0.412109  2.91527
0.412354  2.53131
0.412598  2.14746
0.412842  1.7641
0.413086  -1.7631
0.41333  -2.14674
0.413574  -2.53076
0.413818  -2.91484
0.414062  2.98425
0.414307  2.60022
0.414551  2.21647
0.414795  1.83416
0.415039  -1.71396
0.415283  -2.08282
0.415527  -2.46606
0.415771  -2.85007
0.416016  3.0489
0.41626  2.66468
0.416504  2.28065
0.416748  1.89761
0.416992  1.57054
0.417236  -2.02036
0.41748  -2.40321
0.417725  -2.78736
0.417969  3.11137
0.418213  2.72683
0.418457  2.34239
0.418701  1.95852
0.418945  1.58333
0.419189  -1.95928
0.419434  -2.34218
0.419678  -2.7267
0.419922  -3.11158
0.420166  2.78658
0.42041  2.40153
0.420654  2.01663
0.420898  1.63369
0.421143  -1.89916
0.421387  -2.28326
0.421631  -2.66857
0.421875  -3.05416
0.422119  2.84324
0.422363  2.45727
0.422607  2.07094
0.422852  1.68295
0.423096  -1.83796
0.42334  -2.22682
0.423584  -2.61372
0.423828  -3.00055
0.424072  2.89562
0.424316  2.50818
0.424561  2.11971
0.424805  1.72622
0.425049  -1.7676
0.425293  -2.17318
0.425537  -2.56332
0.425781  -2.95235
0.426025  2.94171
0.42627  2.55182
0.426514  2.15983
0.426758  1.75833
0.427002  -1.65407
0.427246  -2.12222
0.42749  -2.51909
0.427734  -2.91222
0.427979  2.97804
0.428223  2.58375
0.428467  2.18539
0.428711  1.76974
0.428955  -1.35251
0.429199  -2.07242
0.429443  -2.48358
0.429688  -2.88478
0.429932  2.99808
0.430176  2.59512
0.43042  2.18389
0.430664  1.73834
0.430908  -0.748569
0.431152  -2.01873
0.431396  -2.4605
0.431641  -2.87873
0.431885  2.98828
0.432129  2.56599
0.432373  2.12423
0.432617  1.60074
0.432861  -0.599346
0.433105  -1.94954
0.43335  -2.45494
0.433594  -2.91205
0.433838  2.9163
0.434082  2.44305
0.434326  1.91304
0.43457  1.15001
0.434814  -0.710041
0.435059  -1.84726
0.435303  -2.4719
0.435547  -3.02533
0.435791  2.69442
0.436035  2.06935
0.436279  1.30327
0.436523  0.300269
0.436768  -0.789476
0.437012  -1.70604
0.437256  -2.51035
0.4375  2.97296
0.437744  2.13932
0.437988  1.31308
0.438232  0.551926
0.438477  -0.142609
0.438721  -0.814882
0.438965  -1.55042
0.439209  -2.54295
0.439453  2.44274
0.439697  1.47893
0.439941  0.808371
0.440186  0.246945
0.44043  -0.27702
0.440674  -0.805593
0.440918  -1.41339
0.441162  -2.5008
0.441406  1.95737
0.44165  1.16953
0.441895  0.632701
0.442139  0.154764
0.442383  -0.306801
0.442627  -0.775993
0.442871  -1.30329
0.443115  -2.31361
0.443359  1.72714
0.443604  1.06404
0.443848  0.583558
0.444092  0.14006
0.444336  -0.294001
0.44458  -0.734019
0.444824  -1.21295
0.445068  -2.03478
0.445312  1.6501
0.445557  1.04072
0.445801  0.5861
0.446045  0.159411
0.446289  -0.260355
0.446533  -0.684147
0.446777  -1.13374
0.447021  -1.78724
0.447266  1.65274
0.44751  1.05558
0.447754  0.61391
0.447998  0.196456
0.448242  -0.215017
0.448486  -0.628988
0.44873  -1.06032
0.448975  -1.60961
0.449219  1.70917
0.449463  1.09084
0.449707  0.655731
0.449951  0.243761
0.450195  -0.162505
0.450439  -0.570119
0.450684  -0.989626
0.450928  -1.4793
0.451172  1.83294
0.451416  1.13871
0.45166  0.706183
0.451904  0.297554
0.452148  -0.105285
0.452393  -0.5086
0.452637  -0.920199
0.452881  -1.37553
0.453125  2.13546
0.453369  1.19533
0.453613  0.762372
0.453857  0.355739
0.454102  -0.0447695
0.454346  -0.445059
0.45459  -0.851166
0.454834  -1.2857
0.455078  -2.96762
0.455322  1.25896
0.455566  0.822587
0.455811  0.416996
0.456055  0.0180854
0.456299  -0.380027
0.456543  -0.782232
0.456787  -1.20363
0.457031  -1.95328
0.457275  1.3296
0.45752  0.88591
0.457764  0.480583
0.458008  0.0827484
0.458252  -0.313767
0.458496  -0.713114
0.45874  -1.12581
0.458984  -1.67279
0.459229  1.40877
0.459473  0.951634
0.459717  0.545882
0.459961  0.148731
0.460205  -0.246608
0.460449  -0.64384
0.460693  -1.0506
0.460938  -1.52718
0.461182  1.5028
0.461426  1.01963
0.46167  0.612668
0.461914  0.215867
0.462158  -0.17861
0.462402  -0.574233
0.462646  -0.976763
0.462891  -1.42042
0.463135  1.63047
0.463379  1.08953
0.463623  0.680519
0.463867  0.2838
0.464111  -0.110055
0.464355  -0.504458
0.4646  -0.903936
0.464844  -1.32965
0.465088  1.9027
0.465332  1.16187
0.465576  0.749491
0.46582  0.352547
0.466064  -0.0408938
0.466309  -0.434361
0.466553  -0.831558
0.466797  -1.24641
0.467041  -2.63512
0.467285  1.23682
0.467529  0.8193
0.467773  0.42186
0.468018  0.0286696
0.468262  -0.364083
0.468506  -0.759565
0.46875  -1.16742
0.468994  -1.76792
0.469238  1.31587
0.469482  0.890049
0.469727  0.491756
0.469971  0.0986554
0.470215  -0.29356
0.470459  -0.687722
0.470703  -1.09081
0.470947  -1.57607
0.471191  1.40169
0.471436  0.961684
0.47168  0.562122
0.471924  0.168962
0.472168  -0.222864
0.472412  -0.616012
0.472656  -1.01574
0.4729  -1.46033
0.473145  1.50194
0.473389  1.03438
0.473633  0.632976
0.473877  0.239597
0.474121  -0.151964
0.474365  -0.544323
0.474609  -0.941595
0.474854  -1.36644
0.475098  1.64474
0.475342  1.10831
0.475586  0.704263
0.47583  0.310499
0.476074  -0.080909
0.476318  -0.47266
0.476562  -0.868106
0.476807  -1.28182
0.477051  2.06949
0.477295  1.18392
0.477539  0.776012
0.477783  0.381662
0.478027  -0.00969737
0.478271  -0.400986
0.478516  -0.795047
0.47876  -1.20182
0.479004  -1.9848
0.479248  1.26205
0.479492  0.848263
0.479736  0.45308
0.47998  0.0616634
0.480225  -0.329283
0.480469  -0.722282
0.480713  -1.12445
0.480957  -1.6376
0.481201  1.34434
0.481445  0.921077
0.481689  0.524745
0.481934  0.133165
0.482178  -0.257542
0.482422  -0.649717
0.482666  -1.04867
0.48291  -1.50165
0.483154  1.43475
0.483398  0.99456
0.483643  0.596651
0.483887  0.204791
0.484131  -0.185769
0.484375  -0.57731
0.484619  -0.973959
0.484863  -1.40221
0.485107  1.54517
0.485352  1.06894
0.485596  0.668836
0.48584  0.276558
0.486084  -0.113942
0.486328  -0.504996
0.486572  -0.899932
0.486816  -1.31525
0.487061  1.73349
0.487305  1.14451
0.487549  0.741307
0.487793  0.348452
0.488037  -0.0420718
0.488281  -0.432759
0.488525  -0.826407
0.48877  -1.23405
0.489014  -3.0928
0.489258  1.22189
0.489502  0.814121
0.489746  0.420485
0.48999  0.0298524
0.490234  -0.36057
0.490479  -0.753233
0.490723  -1.15592
0.490967  -1.7347
0.491211  1.30219
0.491455  0.887335
0.491699  0.492655
0.491943  0.101822
0.492188  -0.288426
0.492432  -0.680335
0.492676  -1.07966
0.49292  -1.5504
0.493164  1.38788
0.493408  0.961084
0.493652  0.564997
0.493896  0.173861
0.494141  -0.216293
0.494385  -0.607621
0.494629  -1.00454
0.494873  -1.44034
0.495117  1.48518
0.495361  1.03549
0.495605  0.637502
0.49585  0.245944
0.496094  -0.144193
0.496338  -0.535082
0.496582  -0.930254
0.496826  -1.34965
0.49707  1.617
0.497314  1.11088
0.497559  0.710234
0.497803  0.318106
0.498047  -0.0720919
0.498291  -0.462656
0.498535  -0.856521
0.498779  -1.26669
0.499023  1.96839
0.499268  1.18766
0.499512  0.783215
0.499756  0.390338
