(-26.3339,-144.669)
(-247.8,138.613)
(373.301,368.822)
(216.126,-678.452)
(-842.892,346.11)
(1261.47,520.856)
(-594.065,-2277.76)
(-2514.38,2479.87)
(4518.03,1411.31)
(-1598.87,-5497.34)
(-4031.96,5639.92)
(9168.3,-627.499)
(-7763.94,-9641.43)
(-5324.92,14854)
(18184.6,-3792.37)
(-15086.5,-14430.1)
(-2619,23609.8)
(24390.2,-14515.8)
(-30783,-14367.9)
(4640.58,38669.7)
(32714.3,-26564.7)
(-42194.4,-12569)
(15885.9,43836.6)
(28534.4,-42303.9)
(-56005.9,-474.217)
(30311.4,50707.5)
(27553.5,-52121.8)
(-56244,5133.96)
(35379.2,41377.4)
(13315.4,-52707.5)
(-52409.5,16996.2)
(39234.6,36933.2)
(13906.5,-47172.5)
(-41136.2,7911.8)
(22530,26237.9)
(9160.41,-28524.8)
(-28171.4,5016.55)
(14821,24879)
(20720.7,-20982)
(-25229.8,-15560.3)
(-8042.18,27519.5)
(26653.5,-2482.18)
(-14598.2,-20658.2)
(-9274.25,25006.1)
(30140.9,-5449.78)
(-19546.7,-28137.4)
(-19863.3,28765)
(30960.1,8400.39)
(-2640.2,-26297.3)
(-17536.4,10839.4)
(15716.5,7478.85)
(-1559.79,-18170.1)
(-19216.9,9140.81)
(15418.3,18984.6)
(16675.4,-20500.1)
(-23643.5,-11424.7)
(-3353.86,23357.1)
(18837.9,-6000.39)
(-14235.1,-10209.8)
(392.267,19229.9)
(20150.1,-10535.9)
(-17706.4,-17642.6)
(-13195.1,21081.2)
(20913.9,8146.3)
(3064.03,-18309.6)
(-14222.1,2153.03)
(7631.3,8861.99)
(2399.76,-12899.4)
(-16816.3,5125.73)
(12466.7,18105.2)
(16133.6,-18297.3)
(-20897.5,-11348.1)
(-5085.55,19795)
(15381.5,-1123.34)
(-6248.81,-9042.96)
(-2302.65,10020.8)
(12643.2,-3960.82)
(-9188.7,-14252.9)
(-14592.4,13536.2)
(16509,13131.8)
(9554.86,-17788.1)
(-16492.4,-4193.76)
(1914.88,12579.8)
(6488.15,-7441.98)
(-11349.9,501.36)
(6904.21,13270.8)
(13451.1,-11777)
(-14537,-12352.8)
(-10261,15560.8)
(14878.5,7170.22)
(3031.4,-12872.6)
(-9267.83,1899.53)
(6892.66,4322.28)
(-1585.08,-10944.7)
(-13207.5,7451.44)
(12093.9,13365.4)
(11704.8,-14776.9)
(-15051.3,-8845.92)
(-5370.07,13476.1)
(10388.2,1590.59)
(-2367.58,-6577.8)
(-2122.19,6318.39)
(9807.07,-2572.92)
(-7256.72,-12167.2)
(-12803.5,11252.8)
(13750.4,11516.1)
(8626.65,-14302.4)
(-12627.8,-4811.33)
(-780.768,9402.13)
(5098.1,-2991.6)
(-6295.45,-690.402)
(3588.46,9020.32)
(10946.1,-7300.29)
(-10351.7,-11708.3)
(-10960.7,12373.8)
(12903.8,8630.9)
(5062.65,-11769.3)
(-8832.92,-922.249)
(3059.98,4820.64)
(220.057,-6362.28)
(-8757.15,3959.79)
(7462.7,10214.8)
(10708,-9888.56)
(-11300.4,-10121.9)
(-8325.15,11586.6)
(10569.5,5356.66)
(1564.38,-8298.72)
(-4736.05,2437.87)
(5968.89,603.322)
(-3673.8,-8531.65)
(-9927.21,7142.82)
(9601.08,10206.2)
(9494.52,-10721.1)
(-10703,-7871.73)
(-5375.36,9633.25)
(7546.93,2128.32)
(-1536.53,-4654.1)
(-969.952,5084.53)
(7924.08,-2826.48)
(-6415.15,-9626.48)
(-10047.8,8948.25)
(10315.4,9313.22)
(7664.21,-10271.6)
(-9126.47,-5322.82)
(-2448.83,7106.57)
(4392.53,-781.085)
(-4066.21,-1297.61)
(2147.81,6966.13)
(8999.39,-5331.67)
(-8059.37,-9827.97)
(-9374.6,9607.25)
(9970.35,7828.46)
(5512.88,-8981.53)
(-7030.02,-2746.21)
(231.967,4431.66)
(1455.62,-3219.24)
(-5960.34,1528.83)
(4504.94,8115.38)
(9319.76,-6939.74)
(-8767.94,-9333.55)
(-8147.29,9391.21)
(8907.6,6000.82)
(3269.65,-7214.93)
(-4753.77,-329.579)
(2535.89,1887.66)
(-1070.9,-5121.93)
(-7227.65,3732.59)
(6113.57,8613.6)
(9029.62,-7763.12)
(-8738.98,-8331.66)
(-6572.52,8558.63)
(7412.29,4028.23)
(1101.14,-5246.78)
(-2529.4,1807.19)
(4398.31,-361.259)
(-3103.25,-6483.09)
(-7919.85,5313.06)
(7051.28,8564.81)
(8273.97,-7946.34)
(-8166.94,-6990.76)
(-4820.66,7331.28)
(5706.78,2061.55)
(-878.448,-3272.92)
(-503.38,3596.98)
(5802.8,-2232.59)
(-4627.91,-7335.37)
(-8113.35,6322.09)
(7425.49,8080.67)
(7187.63,-7638.49)
(-7225.66,-5453.4)
(-3024.73,5888.46)
(3955.35,208.095)
(-2599.38,-1423.38)
(1243.13,5013.35)
(6765.91,-3701.57)
(-5675.83,-7733.46)
(-7893.36,6838.84)
(7351.42,7267.5)
(5887.05,-6976.52)
(-6058.8,-3833.69)
(-1283.63,4365.39)
(2270.48,-1459.88)
(-4023.91,224.282)
(2675.61,6055.89)
(7322.44,-4779.1)
(-6299.76,-7741.48)
(-7345.22,6949.2)
(6936.54,6222.59)
(4471.5,-6076.91)
(-4779.56,-2222.5)
(330.32,2860.72)
(726.313,-2896.94)
(-5138.45,1628.11)
(3788.58,6743.47)
(7519.96,-5495.97)
(-6561.76,-7428.79)
(-6551.46,6737.84)
(6277.35,5032.57)
(3022.77,-5036.92)
(-3475.87,-688.323)
(1769.26,1444.42)
(-631.948,-4081.26)
(-5949.41,2772.22)
(4596.98,7109.15)
(7413.09,-5895.74)
(-6528.12,-6864.04)
(-5586.31,6284.97)
(5457.88,3769.11)
(1602.87,-3934.66)
(-2211.73,722.304)
(3006.49,160.394)
(-1784.17,-5008.42)
(-6474.83,3661.55)
(5129.58,7190.86)
(7054.74,-6027.15)
(-6261.37,-6108.66)
(-4512.79,5659.19)
(4544.78,2490.32)
(259.388,-2827.73)
(-1030.28,1976.8)
(4027.66,-966.234)
(-2724.99,-5683.93)
(-6739.46,4310.57)
(5418.96,7029.71)
(6497.22,-5937.29)
(-5817.64,-5219.69)
(-3385.97,4919.06)
(3592.22,1243.36)
(-973.011,-1759.94)
(39.3564,3056.08)
(4830.82,-1923.39)
(-3459.88,-6122.85)
(-6773.63,4741.13)
(5500.72,6667.7)
(5789.27,-5671.49)
(-5246.9,-4246.85)
(-2250.91,4113.42)
(2642.35,63.8695)
(-2071.44,-762.204)
(980.402,3951.84)
(5422.57,-2709.53)
(-4002,-6345.72)
(-6609.43,4979.14)
(5410.44,6144.9)
(4974.37,-5271.05)
(-4591.57,-3232.13)
(-1143.52,3281.11)
(1726.22,-1021.91)
(-3021.73,145.324)
(1785.27,4663.01)
(5814.79,-3329.81)
(-4368.09,-6376.01)
(-6279.45,5050.92)
(5181.25,5499.43)
(4091.81,-4772.48)
(-3887.69,-2211.39)
(-92.1332,2453.74)
(867.413,-1996.24)
(-3818.22,949.731)
(2452.94,5196.07)
(6024.83,-3794.82)
(-4578.76,-6239.66)
(-5815.21,4984.39)
(4845.1,4764.92)
(3173.69,-4208.2)
(-3164.57,-1211.79)
(883.77,1654.26)
(80.1249,-2848.96)
(-4460.69,1646.84)
(2989.18,5560.19)
(6069.98,-4119.01)
(-4654.92,-5960.24)
(-5244.27,4804.39)
(4428.07,3970.29)
(2247.43,-3602.98)
(-2443.41,-256.405)
(1767.96,898.457)
(-626.693,-3572.51)
(-4951,2235.26)
(3400.16,5766.51)
(5969.39,-4315.3)
(-4614.94,-5562.83)
(-4594.91,4532.86)
(3953.55,3143.81)
(1337.97,-2979.34)
(-1743.5,636.126)
(2550.25,200.114)
(-1246.47,-4166.11)
(-5297.52,2716.52)
(3695.3,5831)
(5744.47,-4399.75)
(-4479.34,-5071.65)
(-3891.48,4192.22)
(3443.2,2307.51)
(462.936,-2355.83)
(-1078.38,1454.22)
(3226.08,-433.499)
(-1778.77,-4632.48)
(-5509.65,3096.82)
(3886.45,5768.65)
(5414.02,-4388.29)
(-4266.21,-4507.39)
(-3154.54,3800.7)
(2913.55,1479.82)
(-363.207,-1745.7)
(-456.833,2188.81)
(3792.68,-998.75)
(-2225.32,-4975.38)
(-5597.27,3382.9)
(3984.52,5594.25)
(4996.24,-4294.74)
(-3990.74,-3889.79)
(-2403.35,3373.34)
(2378.09,677.561)
(-1127.88,-1159.76)
(113.932,2833.03)
(4249.83,-1492.77)
(-2587.98,-5201.33)
(-5572.83,3581.35)
(4000.28,5324.64)
(4510.21,-4132.9)
(-3668.22,-3237.83)
(-1654.66,2925.09)
(1849.66,-86.54)
(-1823.58,-607.193)
(629.388,3385.13)
(4601.4,-1916.1)
(-2872.14,-5319.08)
(-5448.81,3701.58)
(3945.82,4974.6)
(3971.52,-3916.02)
(-3311.49,-2566.47)
(-921.483,2467.06)
(1336.66,-802.533)
(-2444.35,-93.168)
(1087.85,3843.83)
(4851.01,-2270.52)
(-3082.83,-5336.97)
(-5237.44,3751.39)
(3831.07,4558.9)
(3395.78,-3655.2)
(-2931.69,-1890.41)
(-215.919,2009.27)
(846.942,-1462.23)
(-2986.78,377.532)
(1488.14,4210.78)
(5005.12,-2558.63)
(-3226.14,-5265.38)
(-4951.69,3739.76)
(3666.8,4091.56)
(2796.45,-3361.72)
(-2539.21,-1221.08)
(453.619,1559.98)
(385.686,-2060.9)
(-3450.01,803.204)
(1831.99,4488.88)
(5069.99,-2785.13)
(-3309.04,-5113.27)
(-4602.41,3675)
(3461.73,3584.31)
(2185.06,-3043.85)
(-2141.16,-568.799)
(1079.11,1124.6)
(-43.6887,-2593.65)
(-3832.93,1182.61)
(2120.39,4681.07)
(5052.44,-2953.2)
(-3336.7,-4890.69)
(-4201.77,3563.96)
(3223.86,3049.98)
(1573.57,-2709.94)
(-1745.31,56.873)
(1654.44,709.384)
(-437.273,-3058.46)
(-4137.71,1514.72)
(2355.34,4793.31)
(4961.37,-3067.69)
(-3316.26,-4608.37)
(-3761.01,3415.17)
(2962.05,2499.04)
(970.532,-2368.06)
(-1357.95,650.015)
(2176.75,318.087)
(-794.196,-3455.56)
(-4367.38,1801.46)
(2541.15,4830.97)
(4803.9,-3134.54)
(-3254.44,-4274.52)
(-3288.75,3235.36)
(2682.32,1939.83)
(383.362,-2023.05)
(-982.392,1204.83)
(2642.43,-47.5699)
(-1114.28,-3783.98)
(-4523.88,2044.08)
(2680.32,4798.88)
(4587.45,-3157.38)
(-3155.85,-3898.42)
(-2795.09,3029.88)
(2390.36,1382.01)
(-180.006,-1680.39)
(-623.271,1716.12)
(3049.66,-384.511)
(-1396.54,-4045.38)
(-4612.01,2243.93)
(2776.41,4704.22)
(4320.57,-3141.52)
(-3026.84,-3488.98)
(-2288.32,2805.25)
(2092.06,832.472)
(-714.658,-1344.64)
(-283.316,2181.31)
(3398.28,-692.008)
(-1642.2,-4241.96)
(-4636.03,2403.88)
(2833.54,4552.89)
(4010.27,-3091.84)
(-2872.47,-3053.62)
(-1775.59,2566.26)
(1791.44,297.376)
(-1216,-1018.72)
(35.8839,2597.79)
(3687.94,-969.875)
(-1852.36,-4375.63)
(-4599.96,2526.15)
(2854.74,4350.75)
(3663.71,-3011.92)
(-2696.67,-2600.17)
(-1264.55,2316.94)
(1492.41,-216.725)
(-1679.47,-706.055)
(331.797,2963.67)
(3919.71,-1216.92)
(-2027.56,-4450.27)
(-4509.94,2613.1)
(2844.04,4105.22)
(3288.61,-2906.93)
(-2505.01,-2135.62)
(-760.71,2062.42)
(1198.89,-706.228)
(-2103.5,-408.845)
(604.151,3279.28)
(4095.53,-1434.64)
(-2170.6,-4469.15)
(-4370.24,2668.32)
(2805.22,3821.33)
(2890.44,-2780.45)
(-2300.57,-1665.57)
(-269.331,1805.21)
(912.753,-1166.78)
(-2485.21,-128.333)
(852.383,3543.68)
(4216.67,-1623.24)
(-2282.57,-4435.71)
(-4186.11,2693.77)
(2741.08,3505.55)
(2476.09,-2635.9)
(-2087.08,-1196.46)
(204.392,1548.9)
(637.014,-1595.06)
(-2823.49,133.493)
(1075.87,3758.04)
(4286.33,-1783.61)
(-2365.78,-4354.63)
(-3963.09,2692.88)
(2655.66,3163.58)
(2050.83,-2477.35)
(-1868.05,-732.677)
(657.275,1296.06)
(373.003,-1989.22)
(-3117.91,376.543)
(1275.63,3923.29)
(4306.69,-1917.57)
(-2422.56,-4229.21)
(-3705.39,2668.18)
(2551.43,2800.24)
(1619.7,-2307.05)
(-1645.44,-278.998)
(1085.29,1048.27)
(121.944,-2346.51)
(-3367.39,600.032)
(1451.41,4040.28)
(4280.53,-2025.55)
(-2454.08,-4063.93)
(-3418.65,2621.61)
(2431.01,2421.64)
(1188.52,-2128.12)
(-1422.51,159.826)
(1485.39,808.523)
(-113.968,-2665.96)
(-3573.1,802.948)
(1603.66,4112.05)
(4212.24,-2109.46)
(-2463.48,-3863.8)
(-3107.79,2557.05)
(2298.37,2032.04)
(760.495,-1943.92)
(-1201.46,581.743)
(1856.59,577.64)
(-335.25,-2947.48)
(-3735.68,986.84)
(1734.5,4139.89)
(4103.74,-2171.51)
(-2452.68,-3631.42)
(-2776.13,2475.95)
(2154.49,1635.35)
(339.854,-1755.16)
(-982.99,982.69)
(2195.61,356.417)
(-540.998,-3189.18)
(-3855.1,1150.85)
(1843.42,4125.8)
(3958.89,-2211.86)
(-2422.77,-3371.99)
(-2429.45,2380.34)
(2002.14,1237.05)
(-69.013,-1564.97)
(-769.982,1359.93)
(2501.62,147.023)
(-730.183,-3392.08)
(-3933.91,1295.26)
(1931.97,4073.37)
(3781.79,-2233.03)
(-2376.78,-3089.64)
(-2071.46,2273.3)
(1844.02,840.188)
(-463.911,-1375.29)
(-563.462,1712.19)
(2774.29,-50.4636)
(-903.572,-3556.75)
(-3973.49,1421.48)
(2001.93,3984.7)
(3575.1,-2236.91)
(-2316.49,-2787.39)
(-1705.36,2156.31)
(1681.19,447.89)
(-842.007,-1186.79)
(-363.779,2037.22)
(3012.22,-235.899)
(-1061.16,-3682.92)
(-3974.89,1529.6)
(2053.61,3862.19)
(3342.41,-2224.15)
(-2243,-2469.6)
(-1335.69,2030.95)
(1515.58,64.2197)
(-1200.31,-1001.51)
(-172.678,2333.51)
(3215.52,-408.177)
(-1202.75,-3772.19)
(-3940.86,1620.41)
(2088.64,3709.26)
(3087.33,-2196.88)
(-2158.61,-2139.71)
(-965.448,1899.31)
(1348.81,-308.443)
(-1537.19,-820.453)
(9.46548,2600.24)
(3384.27,-567.458)
(-1328.96,-3825.55)
(-3873.27,1694.84)
(2108.2,3528.54)
(2813,-2156.48)
(-2064.73,-1801.05)
(-597.796,1762.74)
(1182.05,-667.433)
(-1850.74,-644.504)
(182.121,2836.48)
(3518.59,-713.574)
(-1439.97,-3844.22)
(-3774.36,1753.44)
(2113.2,3323.1)
(2523.02,-2104.2)
(-1962.94,-1457.31)
(-236.018,1623.03)
(1017.04,-1010.34)
(-2139.75,-475.108)
(344.478,3042.34)
(3619.81,-846.546)
(-1536.74,-3830.44)
(-3646.82,1797.88)
(2105.74,3095.7)
(2219.92,-2042.11)
(-1854.91,-1110.62)
(118.16,1481.19)
(854.085,-1335.81)
(-2403.24,-311.993)
(497.151,3217.26)
(3687.95,-967.058)
(-1619.85,-3784.95)
(-3492.29,1828.62)
(2086.23,2848.81)
(1906.76,-1970.73)
(-1741.37,-764.284)
(461.709,1338.15)
(694.203,-1641.55)
(-2639.95,-156.071)
(639.564,3361.18)
(3724.07,-1075)
(-1689.72,-3709.76)
(-3313.39,1846.51)
(2055.83,2585.36)
(1586.53,-1891.3)
(-1623.5,-421.044)
(792.327,1194.96)
(538.218,-1925.9)
(-2849.09,-7.94516)
(771.395,3474.31)
(3729.41,-1170.35)
(-1746.76,-3607.02)
(-3112.95,1852.38)
(2015.76,2308.52)
(1262.26,-1805.34)
(-1502.89,-83.4143)
(1108.31,1052.98)
(387.033,-2188.12)
(-3030.81,132.101)
(893.026,3557.53)
(3705.4,-1254.02)
(-1792.15,-3478.53)
(-2892.99,1847.45)
(1967.13,2020.42)
(936.114,-1713.68)
(-1380.1,246.506)
(1407.84,912.614)
(240.93,-2426.89)
(-3184.54,263.848)
(1004.37,3611.22)
(3653.35,-1326.11)
(-1826.34,-3326.41)
(-2656.16,1832.48)
(1910.97,1723.86)
(610.7,-1617.49)
(-1256.27,566.648)
(1689.56,774.733)
(100.37,-2641.63)
(-3310.49,387.269)
(1105.82,3636.22)
(3574.68,-1387.27)
(-1850.15,-3152.53)
(-2404.64,1808.33)
(1848.11,1421.18)
(288.276,-1517.53)
(-1132.04,875.042)
(1952,639.852)
(-34.309,-2831.6)
(-3408.67,502.218)
(1197.47,3633.39)
(3470.96,-1437.83)
(-1864.11,-2959.01)
(-2140.89,1775.67)
(1779.37,1114.93)
(-28.7765,-1414.65)
(-1008.26,1169.74)
(2193.92,508.761)
(-162.501,-2996.4)
(-3479.65,608.362)
(1279.42,3604.15)
(3344.3,-1478.31)
(-1869.24,-2748.33)
(-1867.4,1735.81)
(1706.14,807.286)
(-338.833,-1310.08)
(-885.772,1449.79)
(2414.99,381.763)
(-284.474,-3136.26)
(-3524.06,706.392)
(1352.62,3549.47)
(3195.89,-1509.66)
(-1866.33,-2521.94)
(-1585.81,1689.27)
(1628.74,500.032)
(-640.099,-1203.95)
(-764.63,1713.57)
(2614.03,258.92)
(-400.152,-3250.62)
(-3542.1,796.213)
(1417.07,3470.33)
(3027.43,-1531.98)
(-1855.68,-2282)
(-1298.55,1636.5)
(1547.75,195.557)
(-930.499,-1096.92)
(-645.507,1959.57)
(2790.22,140.846)
(-509.085,-3339.5)
(-3534.66,877.578)
(1472.85,3368.39)
(2841.14,-1545.67)
(-1838.08,-2031.05)
(-1008.07,1578.54)
(1464.38,-104.068)
(-1208.62,-990.119)
(-529.238,2187.16)
(2943.76,27.9091)
(-611.489,-3403.75)
(-3503,951.193)
(1521.04,3245.09)
(2638.47,-1551.86)
(-1814.49,-1770.45)
(-715.669,1515.96)
(1378.78,-397.594)
(-1473.24,-883.338)
(-415.469,2395.2)
(3073.73,-80.1647)
(-707.428,-3442.93)
(-3447.4,1016.83)
(1561.3,3101.59)
(2421.41,-1550.23)
(-1784.95,-1502.8)
(-424.151,1449.2)
(1291.9,-682.489)
(-1722.56,-777.827)
(-305.468,2582.96)
(3180.54,-182.422)
(-796.591,-3458.47)
(-3369.9,1074.89)
(1594.76,2940.15)
(2192.02,-1542.28)
(-1751.03,-1229.71)
(-134.546,1379.49)
(1204.41,-958.216)
(-1956.39,-673.549)
(-198.624,2750.38)
(3264.21,-279.782)
(-879.937,-3450.43)
(-3270.78,1126.04)
(1621.74,2761.4)
(1951.4,-1527.92)
(-1712.49,-952.767)
(151.196,1306.54)
(1116.21,-1222.74)
(-2172.94,-570.692)
(-95.3945,2896.32)
(3324.42,-371.64)
(-956.962,-3419.44)
(-3151.49,1169.98)
(1642.37,2567.38)
(1701.85,-1507.59)
(-1670.11,-674.222)
(431.187,1231.18)
(1028.15,-1474.7)
(-2371.52,-469.878)
(3.88253,3020.69)
(3361.67,-457.939)
(-1027.91,-3366.52)
(-3013.43,1207.1)
(1657.22,2359.78)
(1445.19,-1481.86)
(-1624.54,-395.845)
(703.877,1154)
(940.775,-1712.93)
(-2551.47,-371.505)
(98.9876,3123.47)
(3376.56,-538.673)
(-1093.08,-3292.79)
(-2858.09,1237.89)
(1667.07,2140.3)
(1183.05,-1451.5)
(-1576.57,-119.073)
(968.182,1075.53)
(854.364,-1936.75)
(-2712.51,-275.499)
(190.28,3204.7)
(3369.41,-614.344)
(-1153.06,-3198.86)
(-2686.35,1262.74)
(1672.21,1910.05)
(916.809,-1416.51)
(-1526.19,154.531)
(1222.51,995.663)
(768.991,-2144.73)
(-2853.62,-182.055)
(277.439,3264.01)
(3340.61,-684.586)
(-1207.67,-3085.85)
(-2499.86,1281.64)
(1672.98,1671.03)
(648.452,-1377.38)
(-1474.1,423.209)
(1465.55,914.99)
(685.156,-2336.04)
(-2974.53,-91.4401)
(360.389,3301.62)
(3290.84,-749.421)
(-1257.09,-2954.9)
(-2300.15,1294.72)
(1669.79,1425.08)
(379.905,-1334.51)
(-1421,685.169)
(1695.94,834.246)
(603.675,-2510)
(-3075.35,-4.23292)
(438.94,3318.4)
(3221.51,-809.118)
(-1302.16,-2807.7)
(-2088.82,1303.04)
(1663.89,1173.52)
(112.065,-1288.8)
(-1367.49,939.875)
(1913.43,753.352)
(524.087,-2666.48)
(-3155.98,80.3582)
(513.918,3314.3)
(3132.69,-864.254)
(-1343.26,-2644.59)
(-1866.59,1306.48)
(1655.1,917.514)
(-153.576,-1239.77)
(-1313.38,1185.63)
(2116.45,672.166)
(446.607,-2804.21)
(-3215.76,161.964)
(584.855,3289.38)
(3025.19,-914.328)
(-1380.19,-2467.07)
(-1635.35,1304.93)
(1643.83,659.184)
(-415.053,-1187.89)
(-1259.5,1420.82)
(2303.96,591.379)
(371.947,-2922.82)
(-3255.03,240.18)
(651.676,3244.58)
(2900.34,-959.511)
(-1413.57,-2276.76)
(-1396.73,1298.95)
(1631,400.069)
(-671.126,-1133.71)
(-1206.52,1644.51)
(2475.46,511.212)
(300.247,-3022.21)
(-3274.06,315.163)
(714.717,3180.52)
(2759.06,-1000.13)
(-1443.96,-2074.84)
(-1152,1288.83)
(1617.14,141.546)
(-920.54,-1077.36)
(-1154.84,1855.56)
(2630.19,431.743)
(231.747,-3101.96)
(-3272.99,386.814)
(773.992,3097.9)
(2602.47,-1036.2)
(-1471.84,-1862.83)
(-902.759,1274.84)
(1603.1,-114.774)
(-1162.04,-1019.27)
(-1105.2,2053.07)
(2767.76,353.179)
(166.613,-3162.13)
(-3252.27,455.36)
(829.975,2997.46)
(2431.48,-1068.11)
(-1497.9,-1641.87)
(-650.104,1257.12)
(1589.41,-367.633)
(-1394.48,-959.308)
(-1057.93,2235.88)
(2887.36,275.438)
(105.138,-3202.2)
(-3211.96,520.574)
(882.491,2879.88)
(2247.29,-1095.55)
(-1522.51,-1413.72)
(-395.897,1235.75)
(1577.13,-615.074)
(-1616.39,-897.998)
(-1014.27,2402.94)
(2988.71,199.09)
(47.962,-3222.51)
(-3153.01,582.386)
(931.996,2746.55)
(2051.35,-1119.04)
(-1547.02,-1180)
(-141.354,1211.33)
(1567.67,-855.952)
(-1827.13,-835.571)
(-974.987,2553.75)
(3071.75,123.881)
(-4.9529,-3223.13)
(-3075.81,641.2)
(979.105,2598.17)
(1844.48,-1138.75)
(-1572.4,-941.976)
(112.404,1183.77)
(1562.1,-1088.78)
(-2025.6,-771.808)
(-940.98,2687.11)
(3135.84,49.7832)
(-53.046,-3203.72)
(-2980.64,696.741)
(1023.88,2435.74)
(1628.01,-1154.33)
(-1599.71,-701.781)
(363.518,1153.03)
(1562.44,-1311.36)
(-2210.42,-707.25)
(-914.367,2801.91)
(3180.99,-22.5068)
(-95.2648,-3164.87)
(-2868.87,748.849)
(1067.19,2261.23)
(1403.7,-1166.4)
(-1631.67,-461.609)
(610.877,1119.99)
(1571.8,-1522.38)
(-2381.45,-642.193)
(-896.972,2897.84)
(3207.63,-93.4657)
(-131.606,-3106.88)
(-2741.06,798.243)
(1110.59,2075.66)
(1172.16,-1175.24)
(-1670.97,-223.226)
(853.686,1084.33)
(1593.24,-1719.86)
(-2537.8,-576.127)
(-891.128,2973.28)
(3215.22,-163.275)
(-161.118,-3029.3)
(-2597.55,844.615)
(1155.18,1880.7)
(934.698,-1180.41)
(-1721.43,9.93112)
(1090.25,1045.92)
(1632.14,-1900.46)
(-2678.35,-509.38)
(-901.223,3026.38)
(3203.84,-231.475)
(-182.366,-2932.41)
(-2439.47,887.759)
(1203.55,1679.36)
(692.915,-1182.04)
(-1789.87,233.029)
(1319.2,1005.09)
(1697.11,-2059.95)
(-2802.48,-442.299)
(-933.426,3054.93)
(3173.87,-297.845)
(-194.073,-2816.72)
(-2268.08,927.748)
(1260.58,1476.29)
(448.273,-1180.49)
(-1887.78,438.441)
(1539.54,962.244)
(1801.97,-2191.87)
(-2909.97,-375.025)
(-996.69,3055.6)
(3125.83,-362.558)
(-195.569,-2683.11)
(-2084.36,964.897)
(1335.29,1279.83)
(201.887,-1176.05)
(-2035.05,611.821)
(1750.48,917.504)
(1970.24,-2284.11)
(-3000.64,-307.366)
(-1104.86,3022.81)
(3060.03,-426.077)
(-187.974,-2534.58)
(-1888.82,999.52)
(1445.18,1109.1)
(-45.55,-1168.47)
(-2269.07,720.853)
(1950.99,870.166)
(2245.77,-2310.88)
(-3073.39,-238.911)
(-1280.94,2948.34)
(2976.04,-487.962)
(-177.071,-2385.77)
(-1682.46,1030.64)
(1626.26,1020.84)
(-291.881,-1157.17)
(-2670.64,677.631)
(2139.08,820.745)
(2725.12,-2216.21)
(-3127.77,-170.845)
(-1565.43,2840.97)
(2875.3,-547.5)
(-185.822,-2313.92)
(-1467.42,1058.72)
(1954.49,1217.1)
(-535.735,-1143.29)
(-3446.86,199.62)
(2314.65,769.854)
(3694.62,-1904.89)
(-3164.34,-102.767)
(-2068.25,2918.83)
(2758.32,-605.439)
(-239.206,-2770.87)
(-1244.25,1083.94)
(2504.64,2699.19)
(-776.111,-1126.43)
(-5748.97,-2132.69)
(2476.46,717.313)
(7987.2,-2174.21)
(-3182.69,-35.2141)
(-3532.05,8703.26)
(2626.31,-661.196)
(-7014.56,-9035.58)
(-1015.09,1106.84)
(12905.9,1.77904)
(-1011.91,-1108.14)
(-7016.84,9033.42)
(2625.55,663.879)
(-3529.58,-8703.93)
(-3184.5,33.4662)
(7986.43,2176.68)
(2479.05,-717.527)
(-5749.95,2130.42)
(-777.783,1127.85)
(2506.18,-2698.22)
(-1243.96,-1085.34)
(-240.299,2771.17)
(2759.06,606.157)
(-2067.92,-2919.89)
(-3165.58,102.787)
(3694.94,1906.17)
(2315.86,-770.401)
(-3447.55,-200.644)
(-536.489,1144.04)
(1955.21,-1216.67)
(-1467.34,-1059.33)
(-186.286,2314.17)
(2875.85,547.778)
(-1565.35,-2841.75)
(-3128.69,170.967)
(2725.42,2217.18)
(2139.97,-821.182)
(-2671.16,-678.367)
(-292.381,1157.7)
(1626.74,-1020.62)
(-1682.52,-1031.01)
(-177.304,2386.09)
(2976.57,488.038)
(-1281.01,-2949.02)
(-3074.13,239.114)
(2246.07,2311.62)
(1951.65,-870.526)
(-2269.44,-721.362)
(-45.8683,1168.82)
(1445.47,-1109)
(-1888.93,-999.713)
(-188.058,2534.89)
(3060.48,426.053)
(-1104.98,-3023.35)
(-3001.23,307.551)
(1970.46,2284.69)
(1750.99,-917.742)
(-2035.28,-612.227)
(201.622,1176.26)
(1335.47,-1279.74)
(-2084.44,-965.025)
(-195.64,2683.36)
(3126.24,362.564)
(-996.754,-3056.11)
(-2910.53,375.154)
(1802.15,2192.42)
(1540.02,-962.456)
(-1888,-438.795)
(448.076,1180.68)
(1260.74,-1476.26)
(-2268.22,-927.844)
(-194.108,2817.01)
(3174.28,297.822)
(-933.5,-3055.41)
(-2802.99,442.415)
(1697.26,2060.45)
(1319.62,-1005.26)
(-1790.05,-233.341)
(692.752,1182.21)
(1203.7,-1679.37)
(-2439.65,-887.867)
(-182.416,2932.74)
(3204.28,231.457)
(-901.31,-3026.89)
(-2678.86,509.526)
(1632.33,1900.91)
(1090.6,-1046.13)
(-1721.63,-10.1407)
(934.648,1180.58)
(1155.29,-1880.81)
(-2597.8,-844.662)
(-161.094,3029.66)
(3215.65,163.186)
(-891.267,-2973.73)
(-2538.22,576.298)
(1593.42,1720.21)
(853.931,-1084.5)
(-1671.11,223.102)
(1172.17,1175.34)
(1110.63,-2075.79)
(-2741.3,-798.239)
(-131.554,3107.21)
(3208.01,93.3717)
(-897.098,-2898.23)
(-2381.81,642.338)
(1571.95,1522.68)
(611.075,-1120.13)
(-1631.77,461.527)
(1403.74,1166.46)
(1067.21,-2261.38)
(-2869.12,-748.822)
(-95.1955,3165.19)
(3181.34,22.4049)
(-914.489,-2802.26)
(-2210.73,707.378)
(1562.56,1311.61)
(363.672,-1153.13)
(-1599.78,701.729)
(1628.07,1154.36)
(1023.87,-2435.9)
(-2980.88,-696.703)
(-52.9793,3204.02)
(3136.16,-49.8714)
(-941.081,-2687.43)
(-2025.89,771.912)
(1562.2,1089)
(112.537,-1183.85)
(-1572.46,941.943)
(1844.56,1138.78)
(979.099,-2598.34)
(-3076.05,-641.16)
(-4.88296,3223.42)
(3072.06,-123.972)
(-975.089,-2554.05)
(-1827.39,835.67)
(1567.75,856.135)
(-141.257,-1211.4)
(-1547.06,1179.99)
(2051.44,1119.05)
(931.974,-2746.72)
(-3153.25,-582.338)
(48.0325,3222.8)
(2989,-199.176)
(-1014.36,-2403.22)
(-1616.61,898.088)
(1577.2,615.23)
(-395.83,-1235.8)
(-1522.54,1413.74)
(2247.4,1095.55)
(882.456,-2880.07)
(-3212.21,-520.513)
(105.217,3202.48)
(2887.63,-275.526)
(-1058.02,-2236.13)
(-1394.68,959.386)
(1589.47,367.754)
(-650.068,-1257.16)
(-1497.91,1641.92)
(2431.62,1068.09)
(829.925,-2997.65)
(-3252.52,-455.29)
(166.696,3162.39)
(2768.01,-353.264)
(-1105.28,-2053.29)
(-1162.2,1019.33)
(1603.14,114.864)
(-902.747,-1274.85)
(-1471.82,1862.9)
(2602.61,1036.16)
(773.937,-3098.09)
(-3273.22,-386.749)
(231.817,3102.2)
(2630.42,-431.81)
(-1154.89,-1855.76)
(-920.678,1077.4)
(1617.16,-141.478)
(-1152.01,-1288.83)
(-1443.94,2074.92)
(2759.21,1000.08)
(714.659,-3180.72)
(-3274.28,-315.1)
(300.308,3022.43)
(2475.67,-511.263)
(-1206.56,-1644.68)
(-671.244,1133.73)
(1631,-400.016)
(-1396.75,-1298.94)
(-1413.54,2276.84)
(2900.48,959.472)
(651.63,-3244.77)
(-3255.24,-240.132)
(371.994,2923.04)
(2304.16,-591.419)
(-1259.53,-1420.98)
(-415.151,1187.9)
(1643.83,-659.153)
(-1635.39,-1304.91)
(-1380.16,2467.18)
(3025.34,914.286)
(584.81,-3289.57)
(-3215.97,-161.92)
(446.643,2804.41)
(2116.62,-672.192)
(-1313.39,-1185.77)
(-153.657,1239.77)
(1655.09,-917.496)
(-1866.63,-1306.46)
(-1343.23,2644.7)
(3132.85,864.221)
(513.884,-3314.49)
(-3156.18,-80.327)
(524.112,2666.67)
(1913.6,-753.37)
(-1367.5,-939.996)
(112.001,1288.79)
(1663.87,-1173.51)
(-2088.88,-1303.02)
(-1302.14,2807.81)
(3221.67,809.089)
(438.912,-3318.59)
(-3075.54,4.25773)
(603.693,2510.18)
(1696.08,-834.255)
(-1421,-685.271)
(379.857,1334.5)
(1669.77,-1425.09)
(-2300.21,-1294.69)
(-1257.06,2955.02)
(3290.99,749.401)
(360.376,-3301.8)
(-2974.71,91.4476)
(685.158,2336.21)
(1465.69,-914.988)
(-1474.09,-423.309)
(648.407,1377.38)
(1672.98,-1671.05)
(-2499.94,-1281.63)
(-1207.67,3085.98)
(3340.78,684.581)
(277.432,-3264.2)
(-2853.81,182.064)
(769,2144.89)
(1222.64,-995.672)
(-1526.2,-154.611)
(916.788,1416.52)
(1672.21,-1910.09)
(-2686.45,-1262.74)
(-1153.06,3199.01)
(3369.58,614.333)
(190.267,-3204.88)
(-2712.68,275.511)
(854.375,1936.9)
(968.29,-1075.53)
(-1576.58,119.015)
(1183.05,1451.5)
(1667.07,-2140.35)
(-2858.19,-1237.88)
(-1093.08,3292.92)
(3376.72,538.67)
(98.9861,-3123.64)
(-2551.64,371.506)
(940.777,1713.08)
(703.984,-1154.01)
(-1624.55,395.788)
(1445.19,1481.87)
(1657.24,-2359.85)
(-3013.54,-1207.11)
(-1027.92,3366.68)
(3361.86,457.936)
(3.86827,-3020.88)
(-2371.69,469.901)
(1028.18,1474.83)
(431.264,-1231.21)
(-1670.13,674.205)
(1701.9,1507.6)
(1642.37,-2567.48)
(-3151.63,-1169.97)
(-956.941,3419.6)
(3324.59,371.613)
(-95.4219,-2896.48)
(-2173.08,570.716)
(1116.23,1222.83)
(151.246,-1306.55)
(-1712.5,952.767)
(1951.45,1527.92)
(1621.73,-2761.49)
(-3270.91,-1126.02)
(-879.921,3450.57)
(3264.36,279.765)
(-198.639,-2750.53)
(-1956.51,673.561)
(1204.42,958.302)
(-134.503,-1379.5)
(-1751.03,1229.71)
(2192.07,1542.28)
(1594.75,-2940.24)
(-3370.03,-1074.88)
(-796.584,3458.61)
(3180.69,182.415)
(-305.475,-2583.1)
(-1722.68,777.836)
(1291.91,682.572)
(-424.113,-1449.21)
(-1784.96,1502.81)
(2421.47,1550.24)
(1561.3,-3101.69)
(-3447.53,-1016.82)
(-707.417,3443.08)
(3073.88,80.1511)
(-415.484,-2395.33)
(-1473.34,883.353)
(1378.79,397.66)
(-715.649,-1515.97)
(-1814.5,1770.47)
(2638.55,1551.87)
(1521.04,-3245.2)
(-3503.14,-951.185)
(-611.476,3403.89)
(2943.9,-27.9263)
(-529.258,-2187.28)
(-1208.71,990.138)
(1464.39,104.117)
(-1008.07,-1578.55)
(-1838.08,2031.09)
(2841.23,1545.67)
(1472.84,-3368.5)
(-3534.8,-877.561)
(-509.067,3339.64)
(2790.35,-140.864)
(-645.522,-1959.68)
(-930.576,1096.93)
(1547.75,-195.519)
(-1298.55,-1636.5)
(-1855.68,2282.05)
(3027.52,1531.97)
(1417.06,-3470.44)
(-3542.24,-796.199)
(-400.137,3250.75)
(2614.15,-258.936)
(-764.644,-1713.67)
(-640.165,1203.96)
(1628.74,-500.006)
(-1585.82,-1689.27)
(-1866.32,2521.99)
(3195.98,1509.65)
(1352.61,-3549.59)
(-3524.19,-706.378)
(-284.46,3136.39)
(2415.11,-381.776)
(-885.782,-1449.88)
(-338.889,1310.09)
(1706.15,-807.269)
(-1867.42,-1735.81)
(-1869.23,2748.39)
(3344.39,1478.3)
(1279.41,-3604.27)
(-3479.77,-608.349)
(-162.489,2996.52)
(2194.03,-508.771)
(-1008.26,-1169.82)
(-28.8241,1414.65)
(1779.37,-1114.92)
(-2140.92,-1775.67)
(-1864.11,2959.08)
(3471.06,1437.82)
(1197.46,-3633.51)
(-3408.8,-502.206)
(-34.2978,2831.72)
(1952.1,-639.861)
(-1132.04,-875.114)
(288.239,1517.53)
(1848.11,-1421.19)
(-2404.68,-1808.32)
(-1850.14,3152.6)
(3574.78,1387.26)
(1105.81,-3636.34)
(-3310.6,-387.261)
(100.374,2641.74)
(1689.65,-774.733)
(-1256.27,-566.715)
(610.667,1617.49)
(1910.96,-1723.87)
(-2656.2,-1832.48)
(-1826.34,3326.48)
(3653.45,1326.11)
(1004.37,-3611.33)
(-3184.67,-263.85)
(240.929,2427)
(1407.94,-912.614)
(-1380.1,-246.573)
(936.085,1713.68)
(1967.13,-2020.43)
(-2893.04,-1847.45)
(-1792.16,3478.62)
(3705.52,1254.02)
(893.024,-3557.66)
(-3030.94,-132.095)
(387.042,2188.23)
(1108.4,-1052.99)
(-1502.9,83.3646)
(1262.25,1805.35)
(2015.77,-2308.55)
(-3113.02,-1852.38)
(-1746.75,3607.12)
(3729.53,1170.35)
(771.388,-3474.44)
(-2849.21,7.9542)
(538.228,1926.01)
(792.4,-1194.97)
(-1623.51,421.009)
(1586.54,1891.3)
(2055.83,-2585.41)
(-3313.47,-1846.51)
(-1689.72,3709.87)
(3724.2,1074.99)
(639.554,-3361.31)
(-2640.06,156.082)
(694.214,1641.64)
(461.768,-1338.16)
(-1741.38,764.265)
(1906.79,1970.73)
(2086.23,-2848.87)
(-3492.39,-1828.62)
(-1619.84,3785.07)
(3688.08,967.047)
(497.138,-3217.38)
(-2403.34,312.007)
(854.097,1335.89)
(118.201,-1481.2)
(-1854.92,1110.62)
(2219.96,2042.11)
(2105.73,-3095.77)
(-3646.92,-1797.87)
(-1536.73,3830.55)
(3619.93,846.536)
(344.468,-3042.45)
(-2139.85,475.116)
(1017.04,1010.41)
(-235.988,-1623.03)
(-1962.94,1457.32)
(2523.07,2104.2)
(2113.2,-3323.18)
(-3774.46,-1753.43)
(-1439.97,3844.34)
(3518.71,713.563)
(182.109,-2836.58)
(-1850.82,644.516)
(1182.06,667.484)
(-597.782,-1762.75)
(-2064.73,1801.08)
(2813.06,2156.48)
(2108.19,-3528.63)
(-3873.38,-1694.83)
(-1328.94,3825.67)
(3384.38,567.445)
(9.45283,-2600.34)
(-1537.26,820.463)
(1348.82,308.478)
(-965.449,-1899.31)
(-2158.61,2139.75)
(3087.4,2196.88)
(2088.63,-3709.36)
(-3940.97,-1620.39)
(-1202.74,3772.3)
(3215.62,408.162)
(-172.691,-2333.59)
(-1200.37,1001.52)
(1515.59,-64.2009)
(-1335.7,-2030.95)
(-2243,2469.65)
(3342.48,2224.13)
(2053.6,-3862.28)
(-3974.99,-1529.59)
(-1061.15,3683.02)
(3012.31,235.892)
(-363.782,-2037.29)
(-842.052,1186.79)
(1681.18,-447.875)
(-1705.38,-2156.31)
(-2316.49,2787.44)
(3575.18,2236.9)
(2001.92,-3984.79)
(-3973.59,-1421.47)
(-903.565,3556.85)
(2774.37,50.457)
(-563.467,-1712.25)
(-463.947,1375.29)
(1844.02,-840.185)
(-2071.49,-2273.3)
(-2376.77,3089.7)
(3781.87,2233.02)
(1931.96,-4073.46)
(-3934,-1295.25)
(-730.171,3392.17)
(2501.69,-147.032)
(-769.986,-1359.97)
(-69.0317,1564.97)
(2002.13,-1237.07)
(-2429.49,-2380.32)
(-2422.75,3372.05)
(3958.96,2211.85)
(1843.41,-4125.89)
(-3855.19,-1150.84)
(-540.995,3189.26)
(2195.68,-356.415)
(-982.984,-982.734)
(339.836,1755.16)
(2154.48,-1635.36)
(-2776.17,-2475.94)
(-2452.67,3631.48)
(4103.82,2171.5)
(1734.49,-4139.98)
(-3735.77,-986.837)
(-335.248,2947.56)
(1856.65,-577.641)
(-1201.46,-581.779)
(760.488,1943.91)
(2298.36,-2032.06)
(-3107.84,-2557.04)
(-2463.47,3863.87)
(4212.33,2109.45)
(1603.65,-4112.14)
(-3573.18,-802.944)
(-113.967,2666.03)
(1485.44,-808.52)
(-1422.5,-159.851)
(1188.53,2128.12)
(2431,-2421.67)
(-3418.7,-2621.6)
(-2454.07,4064.01)
(4280.61,2025.55)
(1451.41,-4040.36)
(-3367.46,-600.034)
(121.939,2346.57)
(1085.33,-1048.26)
(-1645.43,278.978)
(1619.71,2307.04)
(2551.42,-2800.27)
(-3705.44,-2668.18)
(-2422.56,4229.29)
(4306.77,1917.57)
(1275.63,-3923.38)
(-3117.99,-376.546)
(372.998,1989.28)
(657.312,-1296.05)
(-1868.05,732.667)
(2050.85,2477.35)
(2655.66,-3163.63)
(-3963.15,-2692.88)
(-2365.78,4354.71)
(4286.41,1783.61)
(1075.88,-3758.12)
(-2823.56,-133.496)
(637.01,1595.11)
(204.418,-1548.9)
(-2087.07,1196.46)
(2476.11,2635.89)
(2741.08,-3505.6)
(-4186.17,-2693.76)
(-2282.57,4435.79)
(4216.75,1623.24)
(852.386,-3543.75)
(-2485.27,128.327)
(912.745,1166.82)
(-269.314,-1805.2)
(-2300.56,1665.58)
(2890.47,2780.44)
(2805.22,-3821.38)
(-4370.3,-2668.32)
(-2170.61,4469.23)
(4095.6,1434.65)
(604.16,-3279.35)
(-2103.56,408.834)
(1198.88,706.265)
(-760.696,-2062.41)
(-2505,2135.63)
(3288.64,2906.93)
(2844.04,-4105.28)
(-4510.01,-2613.11)
(-2027.56,4450.35)
(3919.79,1216.93)
(331.805,-2963.74)
(-1679.53,706.049)
(1492.41,216.756)
(-1264.54,-2316.94)
(-2696.67,2600.19)
(3663.76,3011.92)
(2854.75,-4350.82)
(-4600.04,-2526.16)
(-1852.37,4375.71)
(3688.01,969.878)
(35.8871,-2597.85)
(-1216.04,1018.72)
(1791.44,-297.361)
(-1775.6,-2566.25)
(-2872.47,3053.65)
(4010.32,3091.84)
(2833.54,-4552.96)
(-4636.1,-2403.88)
(-1642.2,4242.03)
(3398.35,692.016)
(-283.308,-2181.36)
(-714.692,1344.64)
(2092.05,-832.459)
(-2288.33,-2805.25)
(-3026.84,3489.01)
(4320.62,3141.53)
(2776.42,-4704.29)
(-4612.08,-2243.94)
(-1396.55,4045.45)
(3049.72,384.52)
(-623.265,-1716.17)
(-180.035,1680.39)
(2390.36,-1382.01)
(-2795.11,-3029.89)
(-3155.86,3898.46)
(4587.51,3157.39)
(2680.33,-4798.95)
(-4523.96,-2044.09)
(-1114.29,3784.05)
(2642.49,47.574)
(-982.39,-1204.87)
(383.345,2023.05)
(2682.32,-1939.84)
(-3288.78,-3235.37)
(-3254.45,4274.57)
(4803.96,3134.55)
(2541.16,-4831.04)
(-4367.46,-1801.47)
(-794.204,3455.63)
(2176.8,-318.08)
(-1357.94,-650.049)
(970.519,2368.06)
(2962.05,-2499.05)
(-3761.04,-3415.18)
(-3316.27,4608.43)
(4961.44,3067.7)
(2355.35,-4793.39)
(-4137.78,-1514.72)
(-437.277,3058.53)
(1654.49,-709.385)
(-1745.31,-56.8983)
(1573.57,2709.94)
(3223.87,-3050.01)
(-4201.82,-3563.97)
(-3336.71,4890.75)
(5052.51,2953.21)
(2120.4,-4681.15)
(-3833,-1182.62)
(-43.69,2593.7)
(1079.14,-1124.6)
(-2141.17,568.783)
(2185.07,3043.86)
(3461.74,-3584.34)
(-4602.46,-3675.01)
(-3309.05,5113.33)
(5070.07,2785.13)
(1832,-4488.95)
(-3450.07,-803.203)
(385.689,2060.95)
(453.644,-1559.98)
(-2539.21,1221.08)
(2796.47,3361.72)
(3666.8,-4091.6)
(-4951.74,-3739.77)
(-3226.14,5265.44)
(5005.19,2558.63)
(1488.15,-4210.84)
(-2986.83,-377.531)
(846.944,1462.27)
(-215.903,-2009.28)
(-2931.69,1890.41)
(3395.81,3655.21)
(3831.07,-4558.95)
(-5237.5,-3751.4)
(-3082.83,5337.04)
(4851.08,2270.53)
(1087.86,-3843.89)
(-2444.4,93.1682)
(1336.67,802.563)
(-921.474,-2467.06)
(-3311.49,2566.49)
(3971.55,3916.03)
(3945.83,-4974.65)
(-5448.87,-3701.59)
(-2872.15,5319.14)
(4601.46,1916.1)
(629.388,-3385.19)
(-1823.62,607.196)
(1849.67,86.5608)
(-1654.66,-2925.1)
(-3668.23,3237.85)
(4510.25,4132.91)
(4000.29,-5324.69)
(-5572.89,-3581.36)
(-2587.98,5201.39)
(4249.89,1492.77)
(113.93,-2833.08)
(-1127.91,1159.76)
(2378.09,-677.551)
(-2403.36,-3373.34)
(-3990.75,3889.82)
(4996.29,4294.74)
(3984.53,-5594.31)
(-5597.34,-3382.9)
(-2225.32,4975.44)
(3792.73,998.75)
(-456.835,-2188.85)
(-363.23,1745.7)
(2913.55,-1479.81)
(-3154.55,-3800.71)
(-4266.22,4507.43)
(5414.07,4388.3)
(3886.46,-5768.71)
(-5509.72,-3096.82)
(-1778.77,4632.54)
(3226.13,433.5)
(-1078.38,-1454.26)
(462.92,2355.84)
(3443.21,-2307.51)
(-3891.5,-4192.23)
(-4479.35,5071.69)
(5744.52,4399.76)
(3695.31,-5831.07)
(-5297.58,-2716.53)
(-1246.47,4166.17)
(2550.29,-200.118)
(-1743.51,-636.151)
(1337.97,2979.35)
(3953.56,-3143.82)
(-4594.95,-4532.87)
(-4614.95,5562.88)
(5969.45,4315.31)
(3400.17,-5766.57)
(-4951.06,-2235.26)
(-626.689,3572.56)
(1767.99,-898.464)
(-2443.42,256.393)
(2247.44,3602.99)
(4428.08,-3970.32)
(-5244.32,-4804.4)
(-4654.93,5960.3)
(6070.04,4119.01)
(2989.18,-5560.25)
(-4460.74,-1646.83)
(80.1297,2849)
(883.792,-1654.27)
(-3164.57,1211.79)
(3173.7,4208.21)
(4845.11,-4764.95)
(-5815.26,-4984.39)
(-4578.76,6239.72)
(6024.89,3794.83)
(2452.94,-5196.12)
(-3818.27,-949.728)
(867.418,1996.27)
(-92.121,-2453.74)
(-3887.7,2211.4)
(4091.83,4772.49)
(5181.25,-5499.47)
(-6279.51,-5050.92)
(-4368.09,6376.07)
(5814.85,3329.81)
(1785.26,-4663.05)
(-3021.76,-145.32)
(1726.23,1021.93)
(-1143.52,-3281.11)
(-4591.57,3232.14)
(4974.4,5271.06)
(5410.45,-6144.94)
(-6609.48,-4979.14)
(-4002,6345.77)
(5422.62,2709.53)
(980.4,-3951.88)
(-2071.47,762.208)
(2642.36,-63.8576)
(-2250.92,-4113.43)
(-5246.91,4246.88)
(5789.31,5671.5)
(5500.72,-6667.75)
(-6773.68,-4741.13)
(-3459.88,6122.9)
(4830.86,1923.38)
(39.3516,-3056.11)
(-973.03,1759.94)
(3592.23,-1243.35)
(-3385.99,-4919.07)
(-5817.65,5219.72)
(6497.26,5937.29)
(5418.96,-7029.76)
(-6739.51,-4310.57)
(-2724.99,5683.98)
(4027.7,966.229)
(-1030.29,-1976.82)
(259.38,2827.73)
(4544.79,-2490.32)
(-4512.81,-5659.19)
(-6261.37,6108.69)
(7054.78,6027.15)
(5129.58,-7190.91)
(-6474.87,-3661.55)
(-1784.16,5008.46)
(3006.52,-160.398)
(-2211.73,-722.319)
(1602.87,3934.66)
(5457.89,-3769.13)
(-5586.34,-6284.98)
(-6528.12,6864.08)
(7413.13,5895.74)
(4596.99,-7109.2)
(-5949.45,-2772.22)
(-631.947,4081.29)
(1769.28,-1444.42)
(-3475.87,688.314)
(3022.78,5036.93)
(6277.36,-5032.59)
(-6551.49,-6737.84)
(-6561.76,7428.83)
(7520,5495.97)
(3788.58,-6743.51)
(-5138.49,-1628.1)
(726.317,2896.97)
(330.332,-2860.72)
(-4779.56,2222.5)
(4471.52,6076.91)
(6936.55,-6222.61)
(-7345.25,-6949.2)
(-6299.76,7741.52)
(7322.48,4779.11)
(2675.61,-6055.93)
(-4023.94,-224.282)
(2270.48,1459.9)
(-1283.62,-4365.39)
(-6058.8,3833.7)
(5887.07,6976.52)
(7351.43,-7267.53)
(-7893.4,-6838.85)
(-5675.84,7733.5)
(6765.95,3701.57)
(1243.13,-5013.38)
(-2599.41,1423.38)
(3955.35,-208.082)
(-3024.73,-5888.46)
(-7225.67,5453.41)
(7187.66,7638.49)
(7425.5,-8080.7)
(-8113.39,-6322.1)
(-4627.91,7335.41)
(5802.83,2232.6)
(-503.38,-3597)
(-878.466,3272.92)
(5706.79,-2061.54)
(-4820.67,-7331.29)
(-8166.95,6990.78)
(8274,7946.35)
(7051.28,-8564.85)
(-7919.89,-5313.06)
(-3103.25,6483.13)
(4398.34,361.259)
(-2529.4,-1807.21)
(1101.13,5246.79)
(7412.29,-4028.23)
(-6572.54,-8558.64)
(-8738.99,8331.69)
(9029.65,7763.13)
(6113.58,-8613.64)
(-7227.69,-3732.59)
(-1070.9,5121.96)
(2535.91,-1887.66)
(-4753.78,329.565)
(3269.65,7214.94)
(8907.61,-6000.83)
(-8147.32,-9391.22)
(-8767.95,9333.59)
(9319.8,6939.74)
(4504.94,-8115.42)
(-5960.38,-1528.83)
(1455.63,3219.27)
(231.983,-4431.67)
(-7030.03,2746.21)
(5512.89,8981.54)
(9970.36,-7828.49)
(-9374.64,-9607.26)
(-8059.37,9828.01)
(8999.44,5331.67)
(2147.81,-6966.17)
(-4066.24,1297.61)
(4392.54,781.101)
(-2448.83,-7106.57)
(-9126.48,5322.83)
(7664.23,10271.6)
(10315.4,-9313.25)
(-10047.8,-8948.26)
(-6415.15,9626.52)
(7924.12,2826.48)
(-969.957,-5084.55)
(-1536.55,4654.1)
(7546.94,-2128.32)
(-5375.37,-9633.26)
(-10703,7871.75)
(9494.55,10721.1)
(9601.08,-10206.3)
(-9927.24,-7142.82)
(-3673.8,8531.69)
(5968.92,-603.327)
(-4736.06,-2437.88)
(1564.37,8298.73)
(10569.5,-5356.67)
(-8325.17,-11586.6)
(-11300.4,10121.9)
(10708,9888.56)
(7462.7,-10214.8)
(-8757.18,-3959.79)
(220.061,6362.31)
(3059.99,-4820.64)
(-8832.92,922.246)
(5062.66,11769.3)
(12903.8,-8630.92)
(-10960.7,-12373.9)
(-10351.7,11708.3)
(10946.2,7300.29)
(3588.46,-9020.35)
(-6295.47,690.404)
(5098.1,2991.62)
(-780.764,-9402.13)
(-12627.8,4811.34)
(8626.67,14302.4)
(13750.4,-11516.1)
(-12803.5,-11252.8)
(-7256.73,12167.2)
(9807.1,2572.92)
(-2122.19,-6318.41)
(-2367.59,6577.8)
(10388.2,-1590.59)
(-5370.08,-13476.1)
(-15051.3,8845.93)
(11704.8,14776.9)
(12093.9,-13365.5)
(-13207.5,-7451.45)
(-1585.08,10944.7)
(6892.68,-4322.29)
(-9267.84,-1899.54)
(3031.39,12872.6)
(14878.5,-7170.22)
(-10261,-15560.8)
(-14537,12352.8)
(13451.1,11777)
(6904.21,-13270.9)
(-11349.9,-501.36)
(6488.15,7442.01)
(1914.89,-12579.8)
(-16492.4,4193.76)
(9554.86,17788.1)
(16509,-13131.8)
(-14592.5,-13536.2)
(-9188.7,14252.9)
(12643.3,3960.82)
(-2302.65,-10020.9)
(-6248.82,9042.97)
(15381.5,1123.34)
(-5085.55,-19795.1)
(-20897.5,11348.1)
(16133.6,18297.3)
(12466.7,-18105.3)
(-16816.4,-5125.73)
(2399.76,12899.5)
(7631.32,-8862)
(-14222.1,-2153.04)
(3064.03,18309.6)
(20913.9,-8146.31)
(-13195.1,-21081.2)
(-17706.4,17642.6)
(20150.1,10535.9)
(392.267,-19229.9)
(-14235.1,10209.8)
(18837.9,6000.4)
(-3353.85,-23357.2)
(-23643.5,11424.7)
(16675.4,20500.1)
(15418.3,-18984.6)
(-19216.9,-9140.81)
(-1559.79,18170.2)
(15716.5,-7478.86)
(-17536.4,-10839.4)
(-2640.2,26297.3)
(30960.1,-8400.39)
(-19863.3,-28765)
(-19546.7,28137.4)
(30140.9,5449.78)
(-9274.25,-25006.1)
(-14598.2,20658.2)
(26653.5,2482.19)
(-8042.18,-27519.5)
(-25229.9,15560.3)
(20720.7,20982)
(14821,-24879)
(-28171.4,-5016.55)
(9160.42,28524.8)
(22530,-26238)
(-41136.2,-7911.8)
(13906.5,47172.5)
(39234.6,-36933.2)
(-52409.5,-16996.2)
(13315.4,52707.5)
(35379.2,-41377.4)
(-56244,-5133.97)
(27553.5,52121.8)
(30311.4,-50707.5)
(-56005.9,474.211)
(28534.4,42303.9)
(15885.9,-43836.6)
(-42194.4,12569)
(32714.3,26564.7)
(4640.59,-38669.7)
(-30783,14367.9)
(24390.2,14515.8)
(-2619,-23609.8)
(-15086.5,14430.1)
(18184.6,3792.38)
(-5324.92,-14854)
(-7763.94,9641.43)
(9168.3,627.501)
(-4031.96,-5639.92)
(-1598.87,5497.34)
(4518.03,-1411.31)
(-2514.38,-2479.87)
(-594.065,2277.76)
(1261.47,-520.856)
(-842.892,-346.11)
(216.126,678.452)
(373.301,-368.822)
(-247.8,-138.613)
(-26.3339,144.669)
