0  -3.14012
0.000244141  -1.5767
0.000488281  -3.13704
0.000732422  -1.57354
0.000976562  -3.13395
0.0012207  -1.57042
0.00146484  -3.1309
0.00170898  -1.56725
0.00195312  -3.1278
0.00219727  -1.56414
0.00244141  -3.12474
0.00268555  -1.56097
0.00292969  -3.12165
0.00317383  -1.55786
0.00341797  -3.11859
0.00366211  -1.5547
0.00390625  -3.1155
0.00415039  -1.55159
0.00439453  -3.11244
0.00463867  -1.54843
0.00488281  -3.10934
0.00512695  -1.54533
0.00537109  -3.10629
0.00561523  -1.54216
0.00585938  -3.10319
0.00610352  -1.53907
0.00634766  -3.10014
0.0065918  -1.53591
0.00683594  -3.09704
0.00708008  -1.53282
0.00732422  -3.094
0.00756836  -1.52965
0.0078125  -3.09088
0.00805664  -1.52658
0.00830078  -3.08785
0.00854492  -1.52339
0.00878906  -3.08473
0.0090332  -1.52033
0.00927734  -3.0817
0.00952148  -1.51716
0.00976562  -3.07859
0.0100098  -1.51408
0.0102539  -3.07555
0.010498  -1.51092
0.0107422  -3.07244
0.0109863  -1.50784
0.0112305  -3.0694
0.0114746  -1.5047
0.0117188  -3.0663
0.0119629  -1.5016
0.012207  -3.06325
0.0124512  -1.49847
0.0126953  -3.06015
0.0129395  -1.49538
0.0131836  -3.0571
0.0134277  -1.49223
0.0136719  -3.054
0.013916  -1.48916
0.0141602  -3.05096
0.0144043  -1.486
0.0146484  -3.04785
0.0148926  -1.48293
0.0151367  -3.04481
0.0153809  -1.47979
0.015625  -3.04171
0.0158691  -1.47671
0.0161133  -3.03866
0.0163574  -1.47357
0.0166016  -3.03557
0.0168457  -1.47049
0.0170898  -3.03252
0.017334  -1.46736
0.0175781  -3.02942
0.0178223  -1.46428
0.0180664  -3.02637
0.0183105  -1.46115
0.0185547  -3.02328
0.0187988  -1.45806
0.019043  -3.02022
0.0192871  -1.45495
0.0195312  -3.01714
0.0197754  -1.45184
0.0200195  -3.01407
0.0202637  -1.44875
0.0205078  -3.011
0.020752  -1.44563
0.0209961  -3.00792
0.0212402  -1.44255
0.0214844  -3.00487
0.0217285  -1.43942
0.0219727  -3.00176
0.0222168  -1.43636
0.0224609  -2.99873
0.0227051  -1.43322
0.0229492  -2.99562
0.0231934  -1.43016
0.0234375  -2.99259
0.0236816  -1.42702
0.0239258  -2.98947
0.0241699  -1.42397
0.0244141  -2.98644
0.0246582  -1.42082
0.0249023  -2.98333
0.0251465  -1.41777
0.0253906  -2.9803
0.0256348  -1.41463
0.0258789  -2.97719
0.026123  -1.41157
0.0263672  -2.97415
0.0266113  -1.40844
0.0268555  -2.97104
0.0270996  -1.40539
0.0273438  -2.96801
0.0275879  -1.40225
0.027832  -2.9649
0.0280762  -1.3992
0.0283203  -2.96188
0.0285645  -1.39606
0.0288086  -2.95875
0.0290527  -1.39302
0.0292969  -2.95574
0.029541  -1.38987
0.0297852  -2.95261
0.0300293  -1.38683
0.0302734  -2.94959
0.0305176  -1.3837
0.0307617  -2.94648
0.0310059  -1.38064
0.03125  -2.94344
0.0314941  -1.37752
0.0317383  -2.94034
0.0319824  -1.37445
0.0322266  -2.9373
0.0324707  -1.37134
0.0327148  -2.9342
0.032959  -1.36828
0.0332031  -2.93117
0.0334473  -1.36515
0.0336914  -2.92805
0.0339355  -1.36211
0.0341797  -2.92503
0.0344238  -1.35897
0.034668  -2.92191
0.0349121  -1.35593
0.0351562  -2.91888
0.0354004  -1.3528
0.0356445  -2.91578
0.0358887  -1.34974
0.0361328  -2.91273
0.036377  -1.34663
0.0366211  -2.90964
0.0368652  -1.34356
0.0371094  -2.90659
0.0373535  -1.34047
0.0375977  -2.90351
0.0378418  -1.33739
0.0380859  -2.90044
0.0383301  -1.3343
0.0385742  -2.89738
0.0388184  -1.33121
0.0390625  -2.89429
0.0393066  -1.32814
0.0395508  -2.89125
0.0397949  -1.32503
0.0400391  -2.88815
0.0402832  -1.32197
0.0405273  -2.88511
0.0407715  -1.31886
0.0410156  -2.88201
0.0412598  -1.3158
0.0415039  -2.87897
0.041748  -1.3127
0.0419922  -2.87587
0.0422363  -1.30963
0.0424805  -2.87283
0.0427246  -1.30653
0.0429688  -2.86974
0.0432129  -1.30346
0.043457  -2.86668
0.0437012  -1.30037
0.0439453  -2.8636
0.0441895  -1.2973
0.0444336  -2.86055
0.0446777  -1.2942
0.0449219  -2.85746
0.045166  -1.29114
0.0454102  -2.85441
0.0456543  -1.28804
0.0458984  -2.85132
0.0461426  -1.28498
0.0463867  -2.84827
0.0466309  -1.28188
0.046875  -2.84519
0.0471191  -1.27881
0.0473633  -2.84213
0.0476074  -1.27573
0.0478516  -2.83906
0.0480957  -1.27265
0.0483398  -2.83599
0.048584  -1.26956
0.0488281  -2.83291
0.0490723  -1.26649
0.0493164  -2.82986
0.0495605  -1.2634
0.0498047  -2.82677
0.0500488  -1.26034
0.050293  -2.82372
0.0505371  -1.25724
0.0507812  -2.82064
0.0510254  -1.25418
0.0512695  -2.81759
0.0515137  -1.25109
0.0517578  -2.8145
0.052002  -1.24802
0.0522461  -2.81145
0.0524902  -1.24493
0.0527344  -2.80836
0.0529785  -1.24187
0.0532227  -2.80532
0.0534668  -1.23877
0.0537109  -2.80223
0.0539551  -1.23571
0.0541992  -2.79918
0.0544434  -1.23262
0.0546875  -2.7961
0.0549316  -1.22955
0.0551758  -2.79304
0.0554199  -1.22647
0.0556641  -2.78996
0.0559082  -1.22341
0.0561523  -2.78691
0.0563965  -1.22031
0.0566406  -2.78382
0.0568848  -1.21725
0.0571289  -2.78078
0.057373  -1.21416
0.0576172  -2.77769
0.0578613  -1.2111
0.0581055  -2.77463
0.0583496  -1.20802
0.0585938  -2.77156
0.0588379  -1.20494
0.059082  -2.76849
0.0593262  -1.20187
0.0595703  -2.76543
0.0598145  -1.19879
0.0600586  -2.76236
0.0603027  -1.19572
0.0605469  -2.75929
0.060791  -1.19265
0.0610352  -2.75623
0.0612793  -1.18957
0.0615234  -2.75315
0.0617676  -1.1865
0.0620117  -2.75011
0.0622559  -1.18341
0.0625  -2.74701
0.0627441  -1.18036
0.0629883  -2.74398
0.0632324  -1.17726
0.0634766  -2.74088
0.0637207  -1.17421
0.0639648  -2.73784
0.064209  -1.17112
0.0644531  -2.73475
0.0646973  -1.16806
0.0649414  -2.73171
0.0651855  -1.16498
0.0654297  -2.72863
0.0656738  -1.16191
0.065918  -2.72557
0.0661621  -1.15883
0.0664062  -2.7225
0.0666504  -1.15576
0.0668945  -2.71944
0.0671387  -1.15269
0.0673828  -2.71637
0.067627  -1.14962
0.0678711  -2.7133
0.0681152  -1.14655
0.0683594  -2.71025
0.0686035  -1.14347
0.0688477  -2.70716
0.0690918  -1.14041
0.0693359  -2.70412
0.0695801  -1.13732
0.0698242  -2.70103
0.0700684  -1.13426
0.0703125  -2.69799
0.0705566  -1.13118
0.0708008  -2.6949
0.0710449  -1.12812
0.0712891  -2.69186
0.0715332  -1.12503
0.0717773  -2.68877
0.0720215  -1.12198
0.0722656  -2.68574
0.0725098  -1.11889
0.0727539  -2.68264
0.072998  -1.11584
0.0732422  -2.67961
0.0734863  -1.11275
0.0737305  -2.67653
0.0739746  -1.10969
0.0742188  -2.67347
0.0744629  -1.10662
0.074707  -2.67041
0.0749512  -1.10354
0.0751953  -2.66734
0.0754395  -1.10048
0.0756836  -2.66429
0.0759277  -1.0974
0.0761719  -2.66121
0.076416  -1.09434
0.0766602  -2.65817
0.0769043  -1.09126
0.0771484  -2.65509
0.0773926  -1.0882
0.0776367  -2.65204
0.0778809  -1.08512
0.078125  -2.64897
0.0783691  -1.08205
0.0786133  -2.64592
0.0788574  -1.07898
0.0791016  -2.64286
0.0793457  -1.07591
0.0795898  -2.63979
0.079834  -1.07284
0.0800781  -2.63675
0.0803223  -1.06976
0.0805664  -2.63367
0.0808105  -1.06671
0.0810547  -2.63064
0.0812988  -1.06362
0.081543  -2.62755
0.0817871  -1.06057
0.0820312  -2.62453
0.0822754  -1.05747
0.0825195  -2.62143
0.0827637  -1.05442
0.0830078  -2.61841
0.083252  -1.05133
0.0834961  -2.61533
0.0837402  -1.04827
0.0839844  -2.6123
0.0842285  -1.04519
0.0844727  -2.60924
0.0847168  -1.04212
0.0849609  -2.60619
0.0852051  -1.03905
0.0854492  -2.60314
0.0856934  -1.03597
0.0859375  -2.60008
0.0861816  -1.0329
0.0864258  -2.59706
0.0866699  -1.02981
0.0869141  -2.59398
0.0871582  -1.02675
0.0874023  -2.59098
0.0876465  -1.02365
0.0878906  -2.5879
0.0881348  -1.02058
0.0883789  -2.58489
0.088623  -1.01749
0.0888672  -2.58185
0.0891113  -1.01441
0.0893555  -2.57882
0.0895996  -1.01132
0.0898438  -2.5758
0.0900879  -1.00822
0.090332  -2.57277
0.0905762  -1.00514
0.0908203  -2.56978
0.0910645  -1.00203
0.0913086  -2.56675
0.0915527  -0.998933
0.0917969  -2.56378
0.092041  -0.995812
0.0922852  -2.56079
0.0925293  -0.992692
0.0927734  -2.55781
0.0930176  -0.989568
0.0932617  -2.55487
0.0935059  -0.986418
0.09375  -2.55193
0.0939941  -0.983268
0.0942383  -2.54902
0.0944824  -0.980093
0.0947266  -2.54613
0.0949707  -0.976905
0.0952148  -2.54327
0.095459  -0.973694
0.0957031  -2.54038
0.0959473  -0.970483
0.0961914  -2.53745
0.0964355  -0.967265
0.0966797  -2.53415
0.0969238  -0.964124
0.097168  -2.53008
0.0974121  -0.96123
0.0976562  -2.5252
0.0979004  -0.960078
0.0981445  -2.52282
0.0983887  2.1961
0.0986328  0.624657
0.098877  -0.945202
0.0991211  -2.515
0.0993652  2.19839
0.0996094  0.62863
0.0998535  -0.941096
0.100098  -2.51077
0.100342  2.20279
0.100586  0.633221
0.10083  -0.936283
0.101074  -2.50573
0.101318  2.20805
0.101562  0.638691
0.101807  -0.930646
0.102051  -2.49997
0.102295  2.21391
0.102539  0.644614
0.102783  -0.924678
0.103027  -2.49397
0.103271  2.21994
0.103516  0.650655
0.10376  -0.918624
0.104004  -2.4879
0.104248  2.22601
0.104492  0.656737
0.104736  -0.912535
0.10498  -2.48181
0.105225  2.23211
0.105469  0.662839
0.105713  -0.906431
0.105957  -2.4757
0.106201  2.23822
0.106445  0.66895
0.106689  -0.900317
0.106934  -2.46958
0.107178  2.24433
0.107422  0.675069
0.107666  -0.894198
0.10791  -2.46346
0.108154  2.25046
0.108398  0.681191
0.108643  -0.888074
0.108887  -2.45734
0.109131  2.25658
0.109375  0.687316
0.109619  -0.881949
0.109863  -2.45121
0.110107  2.26271
0.110352  0.693443
0.110596  -0.875821
0.11084  -2.44509
0.111084  2.26884
0.111328  0.699572
0.111572  -0.869692
0.111816  -2.43896
0.112061  2.27497
0.112305  0.705702
0.112549  -0.863562
0.112793  -2.43283
0.113037  2.2811
0.113281  0.711832
0.113525  -0.857431
0.11377  -2.42669
0.114014  2.28723
0.114258  0.717964
0.114502  -0.851299
0.114746  -2.42056
0.11499  2.29336
0.115234  0.724096
0.115479  -0.845167
0.115723  -2.41443
0.115967  2.29949
0.116211  0.730228
0.116455  -0.839035
0.116699  -2.4083
0.116943  2.30562
0.117188  0.736361
0.117432  -0.832902
0.117676  -2.40216
0.11792  2.31176
0.118164  0.742495
0.118408  -0.826768
0.118652  -2.39603
0.118896  2.31789
0.119141  0.748628
0.119385  -0.820635
0.119629  -2.3899
0.119873  2.32402
0.120117  0.754762
0.120361  -0.814501
0.120605  -2.38376
0.12085  2.33016
0.121094  0.760896
0.121338  -0.808367
0.121582  -2.37763
0.121826  2.33629
0.12207  0.76703
0.122314  -0.802233
0.122559  -2.3715
0.122803  2.34243
0.123047  0.773164
0.123291  -0.796099
0.123535  -2.36536
0.123779  2.34856
0.124023  0.779298
0.124268  -0.789964
0.124512  -2.35923
0.124756  2.3547
0.125  0.785433
0.125244  -0.78383
0.125488  -2.35309
0.125732  2.36083
0.125977  0.791568
0.126221  -0.777695
0.126465  -2.34696
0.126709  2.36696
0.126953  0.797702
0.127197  -0.77156
0.127441  -2.34082
0.127686  2.3731
0.12793  0.803837
0.128174  -0.765426
0.128418  -2.33469
0.128662  2.37923
0.128906  0.809972
0.12915  -0.759291
0.129395  -2.32855
0.129639  2.38537
0.129883  0.816107
0.130127  -0.753156
0.130371  -2.32242
0.130615  2.3915
0.130859  0.822242
0.131104  -0.747021
0.131348  -2.31628
0.131592  2.39764
0.131836  0.828377
0.13208  -0.740886
0.132324  -2.31015
0.132568  2.40377
0.132812  0.834512
0.133057  -0.734751
0.133301  -2.30401
0.133545  2.40991
0.133789  0.840647
0.134033  -0.728615
0.134277  -2.29788
0.134521  2.41604
0.134766  0.846782
0.13501  -0.72248
0.135254  -2.29174
0.135498  2.42218
0.135742  0.852918
0.135986  -0.716345
0.13623  -2.28561
0.136475  2.42832
0.136719  0.859053
0.136963  -0.71021
0.137207  -2.27947
0.137451  2.43445
0.137695  0.865188
0.137939  -0.704074
0.138184  -2.27334
0.138428  2.44059
0.138672  0.871324
0.138916  -0.697939
0.13916  -2.2672
0.139404  2.44672
0.139648  0.877459
0.139893  -0.691804
0.140137  -2.26107
0.140381  2.45286
0.140625  0.883594
0.140869  -0.685668
0.141113  -2.25493
0.141357  2.45899
0.141602  0.88973
0.141846  -0.679533
0.14209  -2.2488
0.142334  2.46513
0.142578  0.895865
0.142822  -0.673397
0.143066  -2.24266
0.143311  2.47126
0.143555  0.902001
0.143799  -0.667262
0.144043  -2.23652
0.144287  2.4774
0.144531  0.908136
0.144775  -0.661126
0.14502  -2.23039
0.145264  2.48353
0.145508  0.914272
0.145752  -0.654991
0.145996  -2.22425
0.14624  2.48967
0.146484  0.920407
0.146729  -0.648855
0.146973  -2.21812
0.147217  2.49581
0.147461  0.926543
0.147705  -0.64272
0.147949  -2.21198
0.148193  2.50194
0.148438  0.932678
0.148682  -0.636584
0.148926  -2.20585
0.14917  2.50808
0.149414  0.938814
0.149658  -0.630449
0.149902  -2.19971
0.150146  2.51421
0.150391  0.944949
0.150635  -0.624313
0.150879  -2.19358
0.151123  2.52035
0.151367  0.951085
0.151611  -0.618177
0.151855  -2.18744
0.1521  2.52648
0.152344  0.957221
0.152588  -0.612042
0.152832  -2.1813
0.153076  2.53262
0.15332  0.963356
0.153564  -0.605906
0.153809  -2.17517
0.154053  2.53875
0.154297  0.969492
0.154541  -0.599771
0.154785  -2.16903
0.155029  2.54489
0.155273  0.975627
0.155518  -0.593635
0.155762  -2.1629
0.156006  2.55103
0.15625  0.981763
0.156494  -0.587499
0.156738  -2.15676
0.156982  2.55716
0.157227  0.987899
0.157471  -0.581364
0.157715  -2.15063
0.157959  2.5633
0.158203  0.994034
0.158447  -0.575228
0.158691  -2.14449
0.158936  2.56943
0.15918  1.00017
0.159424  -0.569092
0.159668  -2.13835
0.159912  2.57557
0.160156  1.00631
0.1604  -0.562957
0.160645  -2.13222
0.160889  2.5817
0.161133  1.01244
0.161377  -0.556821
0.161621  -2.12608
0.161865  2.58784
0.162109  1.01858
0.162354  -0.550685
0.162598  -2.11995
0.162842  2.59398
0.163086  1.02471
0.16333  -0.544549
0.163574  -2.11381
0.163818  2.60011
0.164062  1.03085
0.164307  -0.538414
0.164551  -2.10768
0.164795  2.60625
0.165039  1.03698
0.165283  -0.532278
0.165527  -2.10154
0.165771  2.61238
0.166016  1.04312
0.16626  -0.526142
0.166504  -2.0954
0.166748  2.61852
0.166992  1.04926
0.167236  -0.520007
0.16748  -2.08927
0.167725  2.62465
0.167969  1.05539
0.168213  -0.513871
0.168457  -2.08313
0.168701  2.63079
0.168945  1.06153
0.169189  -0.507735
0.169434  -2.077
0.169678  2.63693
0.169922  1.06766
0.170166  -0.501599
0.17041  -2.07086
0.170654  2.64306
0.170898  1.0738
0.171143  -0.495464
0.171387  -2.06473
0.171631  2.6492
0.171875  1.07993
0.172119  -0.489328
0.172363  -2.05859
0.172607  2.65533
0.172852  1.08607
0.173096  -0.483192
0.17334  -2.05245
0.173584  2.66147
0.173828  1.09221
0.174072  -0.477056
0.174316  -2.04632
0.174561  2.6676
0.174805  1.09834
0.175049  -0.470921
0.175293  -2.04018
0.175537  2.67374
0.175781  1.10448
0.176025  -0.464785
0.17627  -2.03405
0.176514  2.67988
0.176758  1.11061
0.177002  -0.458649
0.177246  -2.02791
0.17749  2.68601
0.177734  1.11675
0.177979  -0.452513
0.178223  -2.02178
0.178467  2.69215
0.178711  1.12288
0.178955  -0.446377
0.179199  -2.01564
0.179443  2.69828
0.179688  1.12902
0.179932  -0.440242
0.180176  -2.0095
0.18042  2.70442
0.180664  1.13516
0.180908  -0.434106
0.181152  -2.00337
0.181396  2.71055
0.181641  1.14129
0.181885  -0.42797
0.182129  -1.99723
0.182373  2.71669
0.182617  1.14743
0.182861  -0.421834
0.183105  -1.9911
0.18335  2.72283
0.183594  1.15356
0.183838  -0.415698
0.184082  -1.98496
0.184326  2.72896
0.18457  1.1597
0.184814  -0.409563
0.185059  -1.97883
0.185303  2.7351
0.185547  1.16584
0.185791  -0.403427
0.186035  -1.97269
0.186279  2.74123
0.186523  1.17197
0.186768  -0.397291
0.187012  -1.96655
0.187256  2.74737
0.1875  1.17811
0.187744  -0.391155
0.187988  -1.96042
0.188232  2.75351
0.188477  1.18424
0.188721  -0.385019
0.188965  -1.95428
0.189209  2.75964
0.189453  1.19038
0.189697  -0.378884
0.189941  -1.94815
0.190186  2.76578
0.19043  1.19651
0.190674  -0.372748
0.190918  -1.94201
0.191162  2.77191
0.191406  1.20265
0.19165  -0.366612
0.191895  -1.93587
0.192139  2.77805
0.192383  1.20879
0.192627  -0.360476
0.192871  -1.92974
0.193115  2.78418
0.193359  1.21492
0.193604  -0.35434
0.193848  -1.9236
0.194092  2.79032
0.194336  1.22106
0.19458  -0.348204
0.194824  -1.91747
0.195068  2.79646
0.195312  1.22719
0.195557  -0.342069
0.195801  -1.91133
0.196045  2.80259
0.196289  1.23333
0.196533  -0.335933
0.196777  -1.9052
0.197021  2.80873
0.197266  1.23947
0.19751  -0.329797
0.197754  -1.89906
0.197998  2.81486
0.198242  1.2456
0.198486  -0.323666
0.19873  -1.89295
0.198975  2.8209
0.199219  1.2515
0.199463  -0.318004
0.199707  -1.8876
0.199951  2.82589
0.200195  1.25613
0.200439  -0.313682
0.200684  -1.88354
0.200928  2.82977
0.201172  1.25987
0.201416  -0.310046
0.20166  -1.87998
0.201904  2.8354
0.202148  1.26479
0.202393  2.849
0.202637  1.26747
0.202881  -0.308988
0.203125  -1.87706
0.203369  -0.307125
0.203613  -1.87528
0.203857  -0.306153
0.204102  -1.87424
0.204346  -0.305617
0.20459  -1.87354
0.204834  -0.305495
0.205078  -1.87317
0.205322  -0.305867
0.205566  -1.8732
0.205811  -0.306862
0.206055  -1.87374
0.206299  -0.308672
0.206543  -1.87491
0.206787  -0.311609
0.207031  -1.87697
0.207275  -0.316118
0.20752  -1.88021
0.207764  -0.322974
0.208008  -1.88516
0.208252  -0.333493
0.208496  -1.89267
0.20874  -0.350232
0.208984  -1.90427
0.209229  -0.378786
0.209473  -1.923
0.209717  -0.434245
0.209961  -1.95589
0.210205  -0.574393
0.210449  -2.0233
0.210693  -1.25058
0.210938  -2.21723
0.211182  -2.81735
0.211426  2.90259
0.21167  -3.11497
0.211914  1.75005
0.212158  3.07984
0.212402  1.55761
0.212646  3.03953
0.212891  1.49052
0.213135  3.01736
0.213379  1.45777
0.213623  3.00396
0.213867  1.43919
0.214111  2.9954
0.214355  1.42762
0.2146  2.98988
0.214844  1.42024
0.215088  2.98631
0.215332  1.41536
0.215576  2.98413
0.21582  1.41224
0.216064  2.98292
0.216309  1.41028
0.216553  2.98246
0.216797  1.40924
0.217041  2.98256
0.217285  1.40882
0.217529  2.98312
0.217773  1.40893
0.218018  2.98402
0.218262  1.40943
0.218506  2.98522
0.21875  1.41025
0.218994  2.98665
0.219238  1.41133
0.219482  2.98829
0.219727  1.41262
0.219971  2.9901
0.220215  1.4141
0.220459  2.99206
0.220703  1.41571
0.220947  2.99414
0.221191  1.41747
0.221436  2.99633
0.22168  1.41932
0.221924  2.99862
0.222168  1.42127
0.222412  3.001
0.222656  1.42332
0.2229  3.00345
0.223145  1.42542
0.223389  3.00597
0.223633  1.42759
0.223877  3.00856
0.224121  1.42982
0.224365  3.0112
0.224609  1.43208
0.224854  3.01391
0.225098  1.43441
0.225342  3.01665
0.225586  1.43675
0.22583  3.01946
0.226074  1.43917
0.226318  3.0223
0.226562  1.44157
0.226807  3.0252
0.227051  1.44404
0.227295  3.02812
0.227539  1.44651
0.227783  3.03109
0.228027  1.44903
0.228271  3.0341
0.228516  1.45154
0.22876  3.03715
0.229004  1.4541
0.229248  3.04022
0.229492  1.45664
0.229736  3.04336
0.22998  1.45924
0.230225  3.04651
0.230469  1.46181
0.230713  3.04972
0.230957  1.46445
0.231201  3.05294
0.231445  1.46703
0.231689  3.05625
0.231934  1.46971
0.232178  3.05954
0.232422  1.47231
0.232666  3.06294
0.23291  1.475
0.233154  3.06632
0.233398  1.47763
0.233643  3.0698
0.233887  1.48033
0.234131  3.07329
0.234375  1.48297
0.234619  3.07688
0.234863  1.48571
0.235107  3.08047
0.235352  1.48834
0.235596  3.08421
0.23584  1.49111
0.236084  3.0879
0.236328  1.49374
0.236572  3.09179
0.236816  1.49652
0.237061  3.09565
0.237305  1.49917
0.237549  3.09971
0.237793  1.50195
0.238037  3.10375
0.238281  1.50461
0.238525  3.10803
0.23877  1.5074
0.239014  3.11231
0.239258  1.51007
0.239502  3.11686
0.239746  1.51286
0.23999  3.12145
0.240234  1.51555
0.240479  3.12634
0.240723  1.51834
0.240967  3.13134
0.241211  1.52104
0.241455  3.13668
0.241699  1.52382
0.241943  -3.14093
0.242188  1.52655
0.242432  -3.13496
0.242676  1.52931
0.24292  -3.12861
0.243164  1.53205
0.243408  -3.12168
0.243652  1.53482
0.243896  -3.1142
0.244141  1.53755
0.244385  -3.1058
0.244629  1.54033
0.244873  -3.0965
0.245117  1.54308
0.245361  -3.08576
0.245605  1.54583
0.24585  -3.07324
0.246094  1.54862
0.246338  -3.05828
0.246582  1.55133
0.246826  -3.03947
0.24707  1.55416
0.247314  -3.01549
0.247559  1.55684
0.247803  -2.98191
0.248047  1.55969
0.248291  -2.93278
0.248535  1.56237
0.248779  -2.84915
0.249023  1.56521
0.249268  -2.68086
0.249512  1.5679
0.249756  -2.20924
0.25  1.57073
0.250244  -1.09868
0.250488  1.57344
0.250732  -0.512869
0.250977  1.57625
0.251221  -0.313576
0.251465  1.57897
0.251709  -0.220622
0.251953  1.58177
0.252197  -0.166543
0.252441  1.5845
0.252686  -0.13106
0.25293  1.58729
0.253174  -0.105441
0.253418  1.59003
0.253662  -0.0859479
0.253906  1.5928
0.25415  -0.070363
0.254395  1.59556
0.254639  -0.0573959
0.254883  1.5983
0.255127  -0.0464629
0.255371  1.60108
0.255615  -0.0368064
0.255859  1.6038
0.256104  -0.0283802
0.256348  1.6066
0.256592  -0.0206326
0.256836  1.6093
0.25708  -0.0137102
0.257324  1.6121
0.257568  -0.00717362
0.257812  1.6148
0.258057  -0.00120775
0.258301  1.61759
0.258545  0.00449613
0.258789  1.6203
0.259033  0.00981988
0.259277  1.62306
0.259521  0.0149411
0.259766  1.62578
0.26001  0.0197812
0.260254  1.62854
0.260498  0.0245024
0.260742  1.63123
0.260986  0.0289722
0.26123  1.634
0.261475  0.0333804
0.261719  1.63669
0.261963  0.0375852
0.262207  1.63944
0.262451  0.0417298
0.262695  1.64213
0.262939  0.045739
0.263184  1.64485
0.263428  0.0496732
0.263672  1.64755
0.263916  0.0535117
0.26416  1.65026
0.264404  0.0572867
0.264648  1.65294
0.264893  0.0609763
0.265137  1.65564
0.265381  0.0646213
0.265625  1.65831
0.265869  0.0681868
0.266113  1.66099
0.266357  0.071711
0.266602  1.66365
0.266846  0.0751801
0.26709  1.6663
0.267334  0.0785938
0.267578  1.66896
0.267822  0.0819728
0.268066  1.67159
0.268311  0.0852974
0.268555  1.67421
0.268799  0.0885845
0.269043  1.67683
0.269287  0.091832
0.269531  1.67942
0.269775  0.0950343
0.27002  1.68201
0.270264  0.0982031
0.270508  1.68458
0.270752  0.101332
0.270996  1.68713
0.27124  0.104418
0.271484  1.68967
0.271729  0.107474
0.271973  1.69218
0.272217  0.110483
0.272461  1.69468
0.272705  0.113462
0.272949  1.69714
0.273193  0.11639
0.273438  1.69959
0.273682  0.119286
0.273926  1.702
0.27417  0.122135
0.274414  1.70438
0.274658  0.124936
0.274902  1.70673
0.275146  0.127696
0.275391  1.70902
0.275635  0.130399
0.275879  1.71129
0.276123  0.133051
0.276367  1.7135
0.276611  0.135646
0.276855  1.71564
0.2771  0.138169
0.277344  1.71774
0.277588  0.140635
0.277832  1.71973
0.278076  0.143009
0.27832  1.72167
0.278564  0.145308
0.278809  1.7235
0.279053  0.147503
0.279297  1.72522
0.279541  0.149594
0.279785  1.7268
0.280029  0.151552
0.280273  1.72824
0.280518  0.153373
0.280762  1.72948
0.281006  0.155016
0.28125  1.73052
0.281494  0.156468
0.281738  1.73127
0.281982  0.157672
0.282227  1.73171
0.282471  0.158599
0.282715  1.73171
0.282959  0.159162
0.283203  1.73121
0.283447  0.159289
0.283691  1.73002
0.283936  0.158854
0.28418  1.72789
0.284424  0.157679
0.284668  1.72454
0.284912  0.155537
0.285156  1.71935
0.2854  0.152028
0.285645  1.71148
0.285889  0.14658
0.286133  1.69922
0.286377  0.138169
0.286621  1.67935
0.286865  0.124972
0.287109  1.64405
0.287354  0.10318
0.287598  1.5704
0.287842  0.0637389
0.288086  1.34862
0.28833  -0.0221516
0.288574  0.0307009
0.288818  -0.305866
0.289062  -0.950839
0.289307  -1.84295
0.289551  -1.12467
0.289795  -2.56039
0.290039  -1.18806
0.290283  -2.70519
0.290527  -1.21961
0.290771  -2.7618
0.291016  -1.2378
0.29126  -2.79081
0.291504  -1.24913
0.291748  -2.80775
0.291992  -1.25651
0.292236  -2.81839
0.29248  -1.26137
0.292725  -2.82531
0.292969  -1.26459
0.293213  -2.82987
0.293457  -1.26661
0.293701  -2.83283
0.293945  -1.26778
0.294189  -2.83466
0.294434  -1.26831
0.294678  -2.83567
0.294922  -1.26835
0.295166  -2.83605
0.29541  -1.26798
0.295654  -2.83594
0.295898  -1.26728
0.296143  -2.83541
0.296387  -1.26624
0.296631  -2.83444
0.296875  -1.26447
0.297119  -2.83259
0.297363  1.87376
0.297607  0.290957
0.297852  1.87682
0.298096  0.30621
0.29834  -1.26162
0.298584  -2.83155
0.298828  1.88172
0.299072  0.311816
0.299316  -1.25807
0.299561  -2.82793
0.299805  1.88544
0.300049  0.315668
0.300293  -1.25403
0.300537  -2.82365
0.300781  1.89002
0.301025  0.320607
0.30127  -1.24873
0.301514  -2.81802
0.301758  1.8959
0.302002  0.326638
0.302246  -1.24262
0.30249  -2.81189
0.302734  1.90204
0.302979  0.332774
0.303223  -1.23649
0.303467  -2.80575
0.303711  1.90817
0.303955  0.33891
0.304199  -1.23035
0.304443  -2.79961
0.304688  1.91431
0.304932  0.345046
0.305176  -1.22422
0.30542  -2.79348
0.305664  1.92044
0.305908  0.351182
0.306152  -1.21808
0.306396  -2.78734
0.306641  1.92658
0.306885  0.357317
0.307129  -1.21194
0.307373  -2.78121
0.307617  1.93272
0.307861  0.363453
0.308105  -1.20581
0.30835  -2.77507
0.308594  1.93885
0.308838  0.369589
0.309082  -1.19967
0.309326  -2.76894
0.30957  1.94499
0.309814  0.375725
0.310059  -1.19354
0.310303  -2.7628
0.310547  1.95112
0.310791  0.381861
0.311035  -1.1874
0.311279  -2.75666
0.311523  1.95726
0.311768  0.387997
0.312012  -1.18127
0.312256  -2.75053
0.3125  1.9634
0.312744  0.394133
0.312988  -1.17513
0.313232  -2.74439
0.313477  1.96953
0.313721  0.400269
0.313965  -1.16899
0.314209  -2.73826
0.314453  1.97567
0.314697  0.406405
0.314941  -1.16286
0.315186  -2.73212
0.31543  1.9818
0.315674  0.412541
0.315918  -1.15672
0.316162  -2.72598
0.316406  1.98794
0.31665  0.418677
0.316895  -1.15059
0.317139  -2.71985
0.317383  1.99408
0.317627  0.424813
0.317871  -1.14445
0.318115  -2.71371
0.318359  2.00021
0.318604  0.430949
0.318848  -1.13831
0.319092  -2.70758
0.319336  2.00635
0.31958  0.437085
0.319824  -1.13218
0.320068  -2.70144
0.320312  2.01248
0.320557  0.44322
0.320801  -1.12604
0.321045  -2.6953
0.321289  2.01862
0.321533  0.449356
0.321777  -1.11991
0.322021  -2.68917
0.322266  2.02475
0.32251  0.455492
0.322754  -1.11377
0.322998  -2.68303
0.323242  2.03089
0.323486  0.461628
0.32373  -1.10763
0.323975  -2.6769
0.324219  2.03703
0.324463  0.467764
0.324707  -1.1015
0.324951  -2.67076
0.325195  2.04316
0.325439  0.4739
0.325684  -1.09536
0.325928  -2.66462
0.326172  2.0493
0.326416  0.480036
0.32666  -1.08923
0.326904  -2.65849
0.327148  2.05543
0.327393  0.486172
0.327637  -1.08309
0.327881  -2.65235
0.328125  2.06157
0.328369  0.492308
0.328613  -1.07695
0.328857  -2.64622
0.329102  2.06771
0.329346  0.498444
0.32959  -1.07082
0.329834  -2.64008
0.330078  2.07384
0.330322  0.50458
0.330566  -1.06468
0.330811  -2.63394
0.331055  2.07998
0.331299  0.510716
0.331543  -1.05855
0.331787  -2.62781
0.332031  2.08611
0.332275  0.516851
0.33252  -1.05241
0.332764  -2.62167
0.333008  2.09225
0.333252  0.522987
0.333496  -1.04627
0.33374  -2.61554
0.333984  2.09839
0.334229  0.529123
0.334473  -1.04014
0.334717  -2.6094
0.334961  2.10452
0.335205  0.535259
0.335449  -1.034
0.335693  -2.60327
0.335938  2.11066
0.336182  0.541395
0.336426  -1.02787
0.33667  -2.59713
0.336914  2.11679
0.337158  0.547531
0.337402  -1.02173
0.337646  -2.59099
0.337891  2.12293
0.338135  0.553667
0.338379  -1.0156
0.338623  -2.58486
0.338867  2.12907
0.339111  0.559803
0.339355  -1.00946
0.3396  -2.57872
0.339844  2.1352
0.340088  0.565939
0.340332  -1.00332
0.340576  -2.57259
0.34082  2.14134
0.341064  0.572075
0.341309  -0.997187
0.341553  -2.56645
0.341797  2.14747
0.342041  0.578211
0.342285  -0.991052
0.342529  -2.56031
0.342773  2.15361
0.343018  0.584347
0.343262  -0.984916
0.343506  -2.55418
0.34375  2.15974
0.343994  0.590483
0.344238  -0.97878
0.344482  -2.54804
0.344727  2.16588
0.344971  0.596618
0.345215  -0.972644
0.345459  -2.54191
0.345703  2.17202
0.345947  0.602754
0.346191  -0.966508
0.346436  -2.53577
0.34668  2.17815
0.346924  0.60889
0.347168  -0.960372
0.347412  -2.52963
0.347656  2.18429
0.3479  0.615026
0.348145  -0.954236
0.348389  -2.5235
0.348633  2.19042
0.348877  0.621162
0.349121  -0.9481
0.349365  -2.51736
0.349609  2.19656
0.349854  0.627298
0.350098  -0.941964
0.350342  -2.51123
0.350586  2.2027
0.35083  0.633434
0.351074  -0.935828
0.351318  -2.50509
0.351562  2.20883
0.351807  0.63957
0.352051  -0.929692
0.352295  -2.49895
0.352539  2.21497
0.352783  0.645706
0.353027  -0.923556
0.353271  -2.49282
0.353516  2.2211
0.35376  0.651842
0.354004  -0.91742
0.354248  -2.48668
0.354492  2.22724
0.354736  0.657978
0.35498  -0.911285
0.355225  -2.48055
0.355469  2.23338
0.355713  0.664113
0.355957  -0.905149
0.356201  -2.47441
0.356445  2.23951
0.356689  0.670249
0.356934  -0.899013
0.357178  -2.46827
0.357422  2.24565
0.357666  0.676385
0.35791  -0.892877
0.358154  -2.46214
0.358398  2.25178
0.358643  0.682521
0.358887  -0.886741
0.359131  -2.456
0.359375  2.25792
0.359619  0.688657
0.359863  -0.880605
0.360107  -2.44987
0.360352  2.26406
0.360596  0.694793
0.36084  -0.874469
0.361084  -2.44373
0.361328  2.27019
0.361572  0.700929
0.361816  -0.868333
0.362061  -2.4376
0.362305  2.27633
0.362549  0.707065
0.362793  -0.862197
0.363037  -2.43146
0.363281  2.28246
0.363525  0.713201
0.36377  -0.856061
0.364014  -2.42532
0.364258  2.2886
0.364502  0.719336
0.364746  -0.849925
0.36499  -2.41919
0.365234  2.29474
0.365479  0.725472
0.365723  -0.843789
0.365967  -2.41305
0.366211  2.30087
0.366455  0.731608
0.366699  -0.837654
0.366943  -2.40692
0.367188  2.30701
0.367432  0.737744
0.367676  -0.831518
0.36792  -2.40078
0.368164  2.31314
0.368408  0.74388
0.368652  -0.825382
0.368896  -2.39464
0.369141  2.31928
0.369385  0.750016
0.369629  -0.819246
0.369873  -2.38851
0.370117  2.32541
0.370361  0.756152
0.370605  -0.81311
0.37085  -2.38237
0.371094  2.33155
0.371338  0.762287
0.371582  -0.806974
0.371826  -2.37624
0.37207  2.33769
0.372314  0.768423
0.372559  -0.800838
0.372803  -2.3701
0.373047  2.34382
0.373291  0.774559
0.373535  -0.794702
0.373779  -2.36396
0.374023  2.34996
0.374268  0.780695
0.374512  -0.788566
0.374756  -2.35783
0.375  2.35609
0.375244  0.786831
0.375488  -0.78243
0.375732  -2.35169
0.375977  2.36223
0.376221  0.792966
0.376465  -0.776294
0.376709  -2.34555
0.376953  2.36837
0.377197  0.799102
0.377441  -0.770159
0.377686  -2.33942
0.37793  2.3745
0.378174  0.805238
0.378418  -0.764023
0.378662  -2.33328
0.378906  2.38064
0.37915  0.811374
0.379395  -0.757887
0.379639  -2.32715
0.379883  2.38677
0.380127  0.817509
0.380371  -0.751751
0.380615  -2.32101
0.380859  2.39291
0.381104  0.823645
0.381348  -0.745615
0.381592  -2.31487
0.381836  2.39905
0.38208  0.829781
0.382324  -0.739479
0.382568  -2.30874
0.382812  2.40518
0.383057  0.835916
0.383301  -0.733343
0.383545  -2.3026
0.383789  2.41132
0.384033  0.842052
0.384277  -0.727207
0.384521  -2.29647
0.384766  2.41745
0.38501  0.848188
0.385254  -0.721072
0.385498  -2.29033
0.385742  2.42359
0.385986  0.854323
0.38623  -0.714936
0.386475  -2.28419
0.386719  2.42973
0.386963  0.860459
0.387207  -0.7088
0.387451  -2.27806
0.387695  2.43586
0.387939  0.866594
0.388184  -0.702664
0.388428  -2.27192
0.388672  2.442
0.388916  0.872729
0.38916  -0.696528
0.389404  -2.26578
0.389648  2.44813
0.389893  0.878865
0.390137  -0.690392
0.390381  -2.25965
0.390625  2.45427
0.390869  0.885
0.391113  -0.684257
0.391357  -2.25351
0.391602  2.46041
0.391846  0.891135
0.39209  -0.678121
0.392334  -2.24737
0.392578  2.46654
0.392822  0.89727
0.393066  -0.671985
0.393311  -2.24124
0.393555  2.47268
0.393799  0.903405
0.394043  -0.665849
0.394287  -2.2351
0.394531  2.47881
0.394775  0.90954
0.39502  -0.659714
0.395264  -2.22896
0.395508  2.48495
0.395752  0.915675
0.395996  -0.653578
0.39624  -2.22283
0.396484  2.49109
0.396729  0.92181
0.396973  -0.647442
0.397217  -2.21669
0.397461  2.49722
0.397705  0.927944
0.397949  -0.641307
0.398193  -2.21055
0.398438  2.50336
0.398682  0.934061
0.398926  -0.635238
0.39917  -2.20459
0.399414  2.50911
0.399658  0.939513
0.399902  -0.630121
0.400146  -2.1998
0.400391  2.51353
0.400635  0.943459
0.400879  -0.626087
0.401123  -2.19433
0.401367  2.50427
0.401611  -2.18331
0.401855  -0.618257
0.4021  -2.18122
0.402344  -0.615192
0.402588  -2.17815
0.402832  -0.612113
0.403076  -2.17507
0.40332  -0.609051
0.403564  -2.172
0.403809  -0.605987
0.404053  -2.16893
0.404297  -0.602918
0.404541  -2.16585
0.404785  -0.599871
0.405029  -2.1628
0.405273  -0.596777
0.405518  -2.1597
0.405762  -0.593755
0.406006  -2.15666
0.40625  -0.590646
0.406494  -2.15356
0.406738  -0.587625
0.406982  -2.15051
0.407227  -0.584522
0.407471  -2.14741
0.407715  -0.58149
0.407959  -2.14436
0.408203  -0.578399
0.408447  -2.14127
0.408691  -0.575352
0.408936  -2.13821
0.40918  -0.572276
0.409424  -2.13513
0.409668  -0.569216
0.409912  -2.13205
0.410156  -0.566148
0.4104  -2.12898
0.410645  -0.563085
0.410889  -2.12591
0.411133  -0.560013
0.411377  -2.12282
0.411621  -0.556959
0.411865  -2.11976
0.412109  -0.553876
0.412354  -2.11667
0.412598  -0.550826
0.412842  -2.1136
0.413086  -0.547747
0.41333  -2.11052
0.413574  -0.544688
0.413818  -2.10744
0.414062  -0.541619
0.414307  -2.10436
0.414551  -0.538553
0.414795  -2.10128
0.415039  -0.535482
0.415283  -2.0982
0.415527  -0.532426
0.415771  -2.09513
0.416016  -0.529341
0.41626  -2.09204
0.416504  -0.526294
0.416748  -2.08897
0.416992  -0.523204
0.417236  -2.08587
0.41748  -0.520159
0.417725  -2.08281
0.417969  -0.517073
0.418213  -2.07972
0.418457  -0.514015
0.418701  -2.07664
0.418945  -0.510947
0.419189  -2.07356
0.419434  -0.507873
0.419678  -2.07047
0.419922  -0.504811
0.420166  -2.06739
0.42041  -0.50174
0.420654  -2.06431
0.420898  -0.498671
0.421143  -2.06122
0.421387  -0.495604
0.421631  -2.05814
0.421875  -0.492532
0.422119  -2.05505
0.422363  -0.489469
0.422607  -2.05197
0.422852  -0.486395
0.423096  -2.04888
0.42334  -0.483327
0.423584  -2.0458
0.423828  -0.480263
0.424072  -2.04272
0.424316  -0.477182
0.424561  -2.03962
0.424805  -0.47413
0.425049  -2.03655
0.425293  -0.471037
0.425537  -2.03344
0.425781  -0.467996
0.426025  -2.03037
0.42627  -0.464896
0.426514  -2.02726
0.426758  -0.461856
0.427002  -2.0242
0.427246  -0.458758
0.42749  -2.02108
0.427734  -0.455715
0.427979  -2.01801
0.428223  -0.452618
0.428467  -2.0149
0.428711  -0.449575
0.428955  -2.01183
0.429199  -0.446477
0.429443  -2.00872
0.429688  -0.443432
0.429932  -2.00564
0.430176  -0.440342
0.43042  -2.00254
0.430664  -0.437284
0.430908  -1.99945
0.431152  -0.434204
0.431396  -1.99635
0.431641  -0.431143
0.431885  -1.99326
0.432129  -0.428062
0.432373  -1.99016
0.432617  -0.425
0.432861  -1.98707
0.433105  -0.42192
0.43335  -1.98397
0.433594  -0.418858
0.433838  -1.98088
0.434082  -0.415776
0.434326  -1.97777
0.43457  -0.412716
0.434814  -1.97468
0.435059  -0.409633
0.435303  -1.97157
0.435547  -0.406571
0.435791  -1.96848
0.436035  -0.403492
0.436279  -1.96538
0.436523  -0.400423
0.436768  -1.96228
0.437012  -0.397352
0.437256  -1.95918
0.4375  -0.394278
0.437744  -1.95607
0.437988  -0.391203
0.438232  -1.95296
0.438477  -0.388141
0.438721  -1.94988
0.438965  -0.38505
0.439209  -1.94675
0.439453  -0.381999
0.439697  -1.94367
0.439941  -0.378907
0.440186  -1.94054
0.44043  -0.375848
0.440674  -1.93745
0.440918  -0.372767
0.441162  -1.93433
0.441406  -0.369697
0.44165  -1.93122
0.441895  -0.366625
0.442139  -1.92812
0.442383  -0.363546
0.442627  -1.925
0.442871  -0.360482
0.443115  -1.9219
0.443359  -0.357397
0.443604  -1.91877
0.443848  -0.354335
0.444092  -1.91568
0.444336  -0.351246
0.44458  -1.91254
0.444824  -0.348193
0.445068  -1.90945
0.445312  -0.345091
0.445557  -1.9063
0.445801  -0.342049
0.446045  -1.90322
0.446289  -0.338942
0.446533  -1.90007
0.446777  -0.335896
0.447021  -1.89698
0.447266  -0.332799
0.44751  -1.89383
0.447754  -0.329743
0.447998  -1.89074
0.448242  -0.326647
0.448486  -1.88758
0.44873  -0.323597
0.448975  -1.88449
0.449219  -0.320497
0.449463  -1.88134
0.449707  -0.317443
0.449951  -1.87824
0.450195  -0.314348
0.450439  -1.87508
0.450684  -0.311291
0.450928  -1.87198
0.451172  -0.308198
0.451416  -1.86883
0.45166  -0.305138
0.451904  -1.86572
0.452148  -0.302048
0.452393  -1.86256
0.452637  -0.298983
0.452881  -1.85944
0.453125  -0.295899
0.453369  -1.8563
0.453613  -0.292827
0.453857  -1.85317
0.454102  -0.289746
0.454346  -1.85002
0.45459  -0.286675
0.454834  -1.84689
0.455078  -0.283589
0.455322  -1.84373
0.455566  -0.280523
0.455811  -1.8406
0.456055  -0.277435
0.456299  -1.83744
0.456543  -0.274367
0.456787  -1.83431
0.457031  -0.271282
0.457275  -1.83115
0.45752  -0.268208
0.457764  -1.828
0.458008  -0.265129
0.458252  -1.82485
0.458496  -0.262049
0.45874  -1.82169
0.458984  -0.258976
0.459229  -1.81854
0.459473  -0.255888
0.459717  -1.81536
0.459961  -0.252825
0.460205  -1.81223
0.460449  -0.249724
0.460693  -1.80902
0.460938  -0.246669
0.461182  -1.8059
0.461426  -0.243565
0.46167  -1.80268
0.461914  -0.240513
0.462158  -1.79956
0.462402  -0.237403
0.462646  -1.79634
0.462891  -0.234351
0.463135  -1.7932
0.463379  -0.231249
0.463623  -1.78999
0.463867  -0.228185
0.464111  -1.78683
0.464355  -0.225092
0.4646  -1.78362
0.464844  -0.222022
0.465088  -1.78045
0.465332  -0.218929
0.465576  -1.77723
0.46582  -0.215864
0.466064  -1.77407
0.466309  -0.212764
0.466553  -1.77083
0.466797  -0.209701
0.467041  -1.76766
0.467285  -0.206601
0.467529  -1.76442
0.467773  -0.203537
0.468018  -1.76124
0.468262  -0.200437
0.468506  -1.75799
0.46875  -0.197372
0.468994  -1.75481
0.469238  -0.194274
0.469482  -1.75155
0.469727  -0.191202
0.469971  -1.74834
0.470215  -0.188111
0.470459  -1.7451
0.470703  -0.185033
0.470947  -1.74187
0.471191  -0.181943
0.471436  -1.73861
0.47168  -0.178865
0.471924  -1.73537
0.472168  -0.175778
0.472412  -1.73211
0.472656  -0.172694
0.4729  -1.72885
0.473145  -0.169607
0.473389  -1.72557
0.473633  -0.166528
0.473877  -1.72232
0.474121  -0.163432
0.474365  -1.71901
0.474609  -0.160361
0.474854  -1.71576
0.475098  -0.157255
0.475342  -1.71241
0.475586  -0.154193
0.47583  -1.70916
0.476074  -0.151079
0.476318  -1.70579
0.476562  -0.14802
0.476807  -1.70253
0.477051  -0.144906
0.477295  -1.69914
0.477539  -0.141842
0.477783  -1.69585
0.478027  -0.138732
0.478271  -1.69245
0.478516  -0.135663
0.47876  -1.68913
0.479004  -0.132561
0.479248  -1.68573
0.479492  -0.129478
0.479736  -1.68235
0.47998  -0.126386
0.480225  -1.67894
0.480469  -0.123298
0.480713  -1.67554
0.480957  -0.120206
0.481201  -1.6721
0.481445  -0.117116
0.481689  -1.66866
0.481934  -0.114027
0.482178  -1.66521
0.482422  -0.110931
0.482666  -1.66171
0.48291  -0.107844
0.483154  -1.65822
0.483398  -0.104751
0.483643  -1.65471
0.483887  -0.101653
0.484131  -1.65115
0.484375  -0.0985688
0.484619  -1.64762
0.484863  -0.0954655
0.485107  -1.644
0.485352  -0.0923802
0.485596  -1.64041
0.48584  -0.0892757
0.486084  -1.63673
0.486328  -0.0861942
0.486572  -1.63311
0.486816  -0.0830813
0.487061  -1.62933
0.487305  -0.080005
0.487549  -1.62566
0.487793  -0.0768881
0.488037  -1.62179
0.488281  -0.0738109
0.488525  -1.61804
0.48877  -0.0706936
0.489014  -1.61408
0.489258  -0.0676149
0.489502  -1.61023
0.489746  -0.0644982
0.48999  -1.60616
0.490234  -0.0614147
0.490479  -1.60217
0.490723  -0.0583011
0.490967  -1.59799
0.491211  -0.0552113
0.491455  -1.59383
0.491699  -0.0521034
0.491943  -1.58951
0.492188  -0.0490066
0.492432  -1.58514
0.492676  -0.0458978
0.49292  -1.5806
0.493164  -0.0428036
0.493408  -1.57602
0.493652  -0.0396904
0.493896  -1.5712
0.494141  -0.0365939
0.494385  -1.56631
0.494629  -0.0334831
0.494873  -1.56115
0.495117  -0.030381
0.495361  -1.55583
0.495605  -0.0272727
0.49585  -1.55023
0.496094  -0.0241653
0.496338  -1.54434
0.496582  -0.0210577
0.496826  -1.53809
0.49707  -0.0179489
0.497314  -1.53141
0.497559  -0.014839
0.497803  -1.52421
0.498047  -0.0117282
0.498291  -1.51638
0.498535  -0.00861632
0.498779  -1.50772
0.499023  -0.00550516
0.499268  -1.49807
0.499512  -0.00239194
0.499756  -1.48708
0.5  0.000724231
0.500244  -1.47428
0.500488  0.00383692
0.500732  -1.45907
0.500977  0.00695386
0.501221  -1.44033
0.501465  0.0100725
0.501709  -1.41624
0.501953  0.0131869
0.502197  -1.38386
0.502441  0.01631
0.502686  -1.33648
0.50293  0.0194281
0.503174  -1.26008
0.503418  0.0225498
0.503662  -1.11362
0.503906  0.025674
0.50415  -0.747501
0.504395  0.0287916
0.504639  0.230192
0.504883  0.0319282
0.505127  0.975082
0.505371  0.0350394
0.505615  1.23323
0.505859  0.038182
0.506104  1.34671
0.506348  0.0412971
0.506592  1.41089
0.506836  0.0444384
0.50708  1.45177
0.507324  0.047561
0.507568  1.481
0.507812  0.0507019
0.508057  1.50281
0.508301  0.0538271
0.508545  1.52034
0.508789  0.0569752
0.509033  1.53446
0.509277  0.060098
0.509521  1.54673
0.509766  0.0632515
0.51001  1.55711
0.510254  0.0663807
0.510498  1.56648
0.510742  0.0695308
0.510986  1.57479
0.51123  0.0726707
0.511475  1.58242
0.511719  0.0758195
0.511963  1.58943
0.512207  0.0789655
0.512451  1.59596
0.512695  0.0821153
0.512939  1.60211
0.513184  0.0852692
0.513428  1.60789
0.513672  0.0884227
0.513916  1.6134
0.51416  0.0915732
0.514404  1.61872
0.514648  0.0947432
0.514893  1.62373
0.515137  0.0978907
0.515381  1.62867
0.515625  0.101062
0.515869  1.63339
0.516113  0.104226
0.516357  1.63798
0.516602  0.107388
0.516846  1.64251
0.51709  0.110571
0.517334  1.64682
0.517578  0.113726
0.517822  1.65119
0.518066  0.116924
0.518311  1.6553
0.518555  0.120081
0.518799  1.6595
0.519043  0.12328
0.519287  1.66351
0.519531  0.126454
0.519775  1.66753
0.52002  0.129645
0.520264  1.67147
0.520508  0.132841
0.520752  1.67534
0.520996  0.136027
0.52124  1.67921
0.521484  0.139236
0.521729  1.68299
0.521973  0.142429
0.522217  1.68678
0.522461  0.145645
0.522705  1.69049
0.522949  0.148843
0.523193  1.69422
0.523438  0.152071
0.523682  1.69785
0.523926  0.155277
0.52417  1.70152
0.524414  0.158511
0.524658  1.70512
0.524902  0.161734
0.525146  1.70872
0.525391  0.164966
0.525635  1.71231
0.525879  0.168212
0.526123  1.71584
0.526367  0.171444
0.526611  1.7194
0.526855  0.174704
0.5271  1.7229
0.527344  0.177953
0.527588  1.72641
0.527832  0.181218
0.528076  1.72989
0.52832  0.184482
0.528564  1.73337
0.528809  0.187765
0.529053  1.73681
0.529297  0.191033
0.529541  1.74029
0.529785  0.194339
0.530029  1.7437
0.530273  0.197621
0.530518  1.74715
0.530762  0.20094
0.531006  1.75054
0.53125  0.204239
0.531494  1.75397
0.531738  0.20758
0.531982  1.75735
0.532227  0.210896
0.532471  1.76076
0.532715  0.214251
0.532959  1.76413
0.533203  0.217597
0.533447  1.76752
0.533691  0.220968
0.533936  1.77088
0.53418  0.22434
0.534424  1.77426
0.534668  0.227734
0.534912  1.77761
0.535156  0.231132
0.5354  1.78097
0.535645  0.234556
0.535889  1.78432
0.536133  0.237984
0.536377  1.78767
0.536621  0.241431
0.536865  1.79102
0.537109  0.244908
0.537354  1.79434
0.537598  0.248374
0.537842  1.7977
0.538086  0.251899
0.53833  1.80101
0.538574  0.255407
0.538818  1.80436
0.539062  0.258967
0.539307  1.80768
0.539551  0.262533
0.539795  1.81101
0.540039  0.266134
0.540283  1.81434
0.540527  0.269762
0.540771  1.81766
0.541016  0.273417
0.54126  1.82099
0.541504  0.277114
0.541748  1.82431
0.541992  0.280833
0.542236  1.82764
0.54248  0.284607
0.542725  1.83096
0.542969  0.288417
0.543213  1.83428
0.543457  0.292267
0.543701  1.83761
0.543945  0.296184
0.544189  1.84094
0.544434  0.300148
0.544678  1.84426
0.544922  0.304171
0.545166  1.8476
0.54541  0.308288
0.545654  1.85091
0.545898  0.312446
0.546143  1.85426
0.546387  0.316734
0.546631  1.85758
0.546875  0.321086
0.547119  1.86092
0.547363  0.325575
0.547607  1.86426
0.547852  0.330175
0.548096  1.86761
0.54834  0.33494
0.548584  1.87095
0.548828  0.339851
0.549072  1.8743
0.549316  0.344982
0.549561  1.87765
0.549805  0.350326
0.550049  1.88101
0.550293  0.355958
0.550537  1.88437
0.550781  0.361898
0.551025  1.88774
0.55127  0.36825
0.551514  1.89112
0.551758  0.375063
0.552002  1.8945
0.552246  0.382514
0.55249  1.89788
0.552734  0.390651
0.552979  1.90128
0.553223  0.39987
0.553467  1.90467
0.553711  0.410271
0.553955  1.90809
0.554199  0.422524
0.554443  1.9115
0.554688  0.437208
0.554932  1.91493
0.555176  0.455579
0.55542  1.91836
0.555664  0.47968
0.555908  1.92181
0.556152  0.513536
0.556396  1.92526
0.556641  0.565652
0.556885  1.92874
0.557129  0.659465
0.557373  1.93221
0.557617  0.876964
0.557861  1.93571
0.558105  1.63779
0.55835  1.9392
0.558594  2.79458
0.558838  1.94274
0.559082  -3.13636
0.559326  1.94626
0.55957  -3.00787
0.559814  1.94983
0.560059  -2.9427
0.560303  1.95339
0.560547  -2.9025
0.560791  1.95699
0.561035  -2.87494
0.561279  1.9606
0.561523  -2.85438
0.561768  1.96424
0.562012  -2.83821
0.562256  1.9679
0.5625  -2.82496
0.562744  1.97158
0.562988  -2.81369
0.563232  1.97529
0.563477  -2.80391
0.563721  1.97903
0.563965  -2.79518
0.564209  1.98281
0.564453  -2.78731
0.564697  1.98661
0.564941  -2.78003
0.565186  1.99047
0.56543  -2.77334
0.565674  1.99434
0.565918  -2.76698
0.566162  1.99829
0.566406  -2.76103
0.56665  2.00226
0.566895  -2.7553
0.567139  2.00632
0.567383  -2.74985
0.567627  2.01041
0.567871  -2.74455
0.568115  2.01459
0.568359  -2.73944
0.568604  2.01883
0.568848  -2.73446
0.569092  2.02318
0.569336  -2.7296
0.56958  2.02761
0.569824  -2.72484
0.570068  2.03215
0.570312  -2.72015
0.570557  2.03684
0.570801  -2.71556
0.571045  2.04165
0.571289  -2.71101
0.571533  2.04667
0.571777  -2.70653
0.572021  2.05187
0.572266  -2.70208
0.57251  2.05734
0.572754  -2.69768
0.572998  2.0631
0.573242  -2.6933
0.573486  2.06925
0.57373  -2.68895
0.573975  2.07585
0.574219  -2.68462
0.574463  2.08307
0.574707  -2.68031
0.574951  2.09109
0.575195  -2.67601
0.575439  2.10016
0.575684  -2.6717
0.575928  2.11079
0.576172  -2.66742
0.576416  2.12355
0.57666  -2.6631
0.576904  2.1399
0.577148  -2.65881
0.577393  2.16193
0.577637  -2.65448
0.577881  2.19517
0.578125  -2.65016
0.578369  2.2532
0.578613  -2.6458
0.578857  2.38967
0.579102  -2.64143
0.579346  3.02839
0.57959  -2.63702
0.579834  -1.60656
0.580078  -2.63259
0.580322  -1.30088
0.580566  -2.62811
0.580811  -1.20802
0.581055  -2.62357
0.581299  -1.16251
0.581543  -2.61898
0.581787  -1.13448
0.582031  -2.6143
0.582275  -1.11497
0.58252  -2.60955
0.582764  -1.10005
0.583008  -2.60467
0.583252  -1.08806
0.583496  -2.59967
0.58374  -1.07788
0.583984  -2.59447
0.584229  -1.06904
0.584473  -2.58906
0.584717  -1.06108
0.584961  -2.58332
0.585205  -1.05385
0.585449  -2.5772
0.585693  -1.04711
0.585938  -2.57046
0.586182  -1.04079
0.586426  -2.56289
0.58667  -1.03478
0.586914  -2.55394
0.587158  -1.02903
0.587402  -2.54276
0.587646  -1.02347
0.587891  -2.52727
0.588135  -1.01809
0.588379  -2.50228
0.588623  -1.0128
0.588867  -2.4476
0.589111  -1.00763
0.589355  -2.16826
0.5896  -1.00249
0.589844  0.285649
0.590088  -0.997375
0.590332  0.471417
0.590576  -0.992218
0.59082  0.517718
0.591064  -0.986974
0.591309  0.540344
0.591553  -0.981528
0.591797  0.5547
0.592041  -0.975738
0.592285  0.565235
0.592529  -0.969309
0.592773  0.573675
0.593018  -0.961678
0.593262  0.580865
0.593506  -0.951441
0.59375  0.587256
0.593994  -0.934082
0.594238  0.593129
0.594482  -0.881895
0.594727  0.598685
0.594971  1.88926
0.595215  0.604088
0.595459  2.12653
0.595703  0.609512
0.595947  2.1547
0.596191  0.615187
0.596436  2.16774
0.59668  0.621498
0.596924  2.17645
0.597168  0.629298
0.597412  2.18332
0.597656  0.641167
0.5979  2.18909
0.598145  0.655522
0.598389  2.1938
0.598633  0.626121
0.598877  -0.945156
0.599121  -2.51525
0.599365  2.19779
0.599609  0.626397
0.599854  2.22081
0.600098  0.633678
0.600342  -0.937446
0.600586  -2.50799
0.60083  2.20467
0.601074  0.633913
0.601318  -0.937328
0.601562  -2.50848
0.601807  2.21347
0.602051  0.645293
0.602295  -0.926974
0.602539  -2.49829
0.602783  2.21556
0.603027  0.648361
0.603271  -0.92049
0.603516  -2.49098
0.60376  2.22205
0.604004  0.653417
0.604248  -0.914832
0.604492  -2.48442
0.604736  2.22861
0.60498  0.65927
0.605225  -0.909174
0.605469  -2.47822
0.605713  2.23507
0.605957  0.665406
0.606201  -0.903369
0.606445  -2.47216
0.606689  2.24141
0.606934  0.671643
0.607178  -0.897426
0.607422  -2.46617
0.607666  2.24766
0.60791  0.677906
0.608154  -0.891385
0.608398  -2.46018
0.608643  2.25384
0.608887  0.684163
0.609131  -0.885278
0.609375  -2.45417
0.609619  2.25997
0.609863  0.690403
0.610107  -0.879128
0.610352  -2.44814
0.610596  2.26608
0.61084  0.696621
0.611084  -0.872953
0.611328  -2.44208
0.611572  2.27217
0.611816  0.702818
0.612061  -0.866765
0.612305  -2.436
0.612549  2.27825
0.612793  0.708991
0.613037  -0.860574
0.613281  -2.42989
0.613525  2.28432
0.61377  0.715145
0.614014  -0.854384
0.614258  -2.42377
0.614502  2.2904
0.614746  0.721286
0.61499  -0.848195
0.615234  -2.41763
0.615479  2.29649
0.615723  0.727415
0.615967  -0.842013
0.616211  -2.41148
0.616455  2.30258
0.616699  0.733534
0.616943  -0.835839
0.617188  -2.40532
0.617432  2.30868
0.617676  0.739647
0.61792  -0.829672
0.618164  -2.39916
0.618408  2.31479
0.618652  0.745757
0.618896  -0.82351
0.619141  -2.39299
0.619385  2.32091
0.619629  0.751867
0.619873  -0.817356
0.620117  -2.38682
0.620361  2.32704
0.620605  0.757976
0.62085  -0.811207
0.621094  -2.38065
0.621338  2.33317
0.621582  0.764086
0.621826  -0.805064
0.62207  -2.37449
0.622314  2.33931
0.622559  0.770198
0.622803  -0.798925
0.623047  -2.36832
0.623291  2.34546
0.623535  0.776312
0.623779  -0.792794
0.624023  -2.36216
0.624268  2.3516
0.624512  0.782421
0.624756  -0.786672
0.625  -2.356
0.625244  2.35775
0.625488  0.788536
0.625732  -0.780551
0.625977  -2.34985
0.626221  2.3639
0.626465  0.794653
0.626709  -0.774433
0.626953  -2.3437
0.627197  2.37005
0.627441  0.800773
0.627686  -0.768317
0.62793  -2.33756
0.628174  2.3762
0.628418  0.806898
0.628662  -0.762201
0.628906  -2.33141
0.62915  2.38235
0.629395  0.813028
0.629639  -0.756083
0.629883  -2.32527
0.630127  2.38851
0.630371  0.819164
0.630615  -0.749962
0.630859  -2.31913
0.631104  2.39467
0.631348  0.825301
0.631592  -0.743845
0.631836  -2.31299
0.63208  2.40082
0.632324  0.831439
0.632568  -0.737727
0.632812  -2.30686
0.633057  2.40698
0.633301  0.837581
0.633545  -0.731606
0.633789  -2.30073
0.634033  2.41313
0.634277  0.843726
0.634521  -0.725484
0.634766  -2.2946
0.63501  2.41928
0.635254  0.849878
0.635498  -0.719352
0.635742  -2.28846
0.635986  2.42545
0.63623  0.856039
0.636475  -0.713214
0.636719  -2.28232
0.636963  2.4316
0.637207  0.862196
0.637451  -0.707081
0.637695  -2.2762
0.637939  2.43775
0.638184  0.868348
0.638428  -0.70095
0.638672  -2.27007
0.638916  2.4439
0.63916  0.874504
0.639404  -0.694812
0.639648  -2.26394
0.639893  2.45005
0.640137  0.880664
0.640381  -0.688671
0.640625  -2.25781
0.640869  2.4562
0.641113  0.88682
0.641357  -0.682533
0.641602  -2.25169
0.641846  2.46234
0.64209  0.892975
0.642334  -0.67639
0.642578  -2.24556
0.642822  2.46848
0.643066  0.899136
0.643311  -0.670242
0.643555  -2.23943
0.643799  2.47462
0.644043  0.905291
0.644287  -0.664097
0.644531  -2.2333
0.644775  2.48075
0.64502  0.91144
0.645264  -0.657955
0.645508  -2.22718
0.645752  2.48688
0.645996  0.917588
0.64624  -0.651812
0.646484  -2.22106
0.646729  2.49301
0.646973  0.923737
0.647217  -0.645663
0.647461  -2.21493
0.647705  2.49914
0.647949  0.929886
0.648193  -0.639513
0.648438  -2.2088
0.648682  2.50526
0.648926  0.93603
0.64917  -0.633367
0.649414  -2.20267
0.649658  2.51138
0.649902  0.942172
0.650146  -0.627217
0.650391  -2.19654
0.650635  2.51751
0.650879  0.948318
0.651123  -0.621061
0.651367  -2.1904
0.651611  2.52364
0.651855  0.954466
0.6521  -0.614901
0.652344  -2.18425
0.652588  2.52977
0.652832  0.960614
0.653076  -0.608739
0.65332  -2.1781
0.653564  2.53591
0.653809  0.966764
0.654053  -0.602573
0.654297  -2.17195
0.654541  2.54205
0.654785  0.972912
0.655029  -0.596409
0.655273  -2.1658
0.655518  2.54818
0.655762  0.979053
0.656006  -0.59025
0.65625  -2.15965
0.656494  2.55431
0.656738  0.985188
0.656982  -0.584099
0.657227  -2.1535
0.657471  2.56043
0.657715  0.991315
0.657959  -0.577948
0.658203  -2.14735
0.658447  2.56657
0.658691  0.997454
0.658936  -0.571788
0.65918  -2.14119
0.659424  2.5727
0.659668  1.00358
0.659912  -0.565643
0.660156  -2.13504
0.6604  2.57883
0.660645  1.0097
0.660889  -0.559505
0.661133  -2.1289
0.661377  2.58495
0.661621  1.01582
0.661865  -0.553363
0.662109  -2.12274
0.662354  2.59109
0.662598  1.02195
0.662842  -0.547214
0.663086  -2.11658
0.66333  2.59723
0.663574  1.02807
0.663818  -0.541071
0.664062  -2.11042
0.664307  2.60338
0.664551  1.0342
0.664795  -0.534937
0.665039  -2.10427
0.665283  2.60951
0.665527  1.04031
0.665771  -0.52881
0.666016  -2.09812
0.66626  2.61566
0.666504  1.04644
0.666748  -0.522664
0.666992  -2.09195
0.667236  2.62182
0.66748  1.05257
0.667725  -0.516532
0.667969  -2.0858
0.668213  2.62797
0.668457  1.05869
0.668701  -0.510408
0.668945  -2.07965
0.669189  2.63412
0.669434  1.06481
0.669678  -0.50429
0.669922  -2.0735
0.670166  2.64027
0.67041  1.07095
0.670654  -0.498162
0.670898  -2.06734
0.671143  2.64644
0.671387  1.07708
0.671631  -0.492042
0.671875  -2.0612
0.672119  2.65259
0.672363  1.08321
0.672607  -0.485933
0.672852  -2.05506
0.673096  2.65875
0.67334  1.08934
0.673584  -0.479826
0.673828  -2.04893
0.674072  2.66491
0.674316  1.09548
0.674561  -0.473706
0.674805  -2.04279
0.675049  2.67108
0.675293  1.10164
0.675537  -0.467589
0.675781  -2.03666
0.676025  2.67724
0.67627  1.10778
0.676514  -0.46148
0.676758  -2.03054
0.677002  2.6834
0.677246  1.11394
0.67749  -0.455355
0.677734  -2.02441
0.677979  2.68957
0.678223  1.12012
0.678467  -0.449224
0.678711  -2.01829
0.678955  2.69574
0.679199  1.1263
0.679443  -0.443091
0.679688  -2.01218
0.679932  2.7019
0.680176  1.13248
0.68042  -0.436944
0.680664  -2.00606
0.680908  2.70806
0.681152  1.13868
0.681396  -0.430783
0.681641  -1.99994
0.681885  2.71422
0.682129  1.14488
0.682373  -0.424616
0.682617  -1.99383
0.682861  2.72035
0.683105  1.15107
0.68335  -0.418452
0.683594  -1.98773
0.683838  2.72646
0.684082  1.15725
0.684326  -0.412282
0.68457  -1.98163
0.684814  2.73256
0.685059  1.16342
0.685303  -0.406088
0.685547  -1.97552
0.685791  2.73864
0.686035  1.16959
0.686279  -0.399892
0.686523  -1.96941
0.686768  2.7447
0.687012  1.17572
0.687256  -0.393691
0.6875  -1.96327
0.687744  2.75075
0.687988  1.18184
0.688232  -0.387466
0.688477  -1.9571
0.688721  2.7568
0.688965  1.18794
0.689209  -0.381235
0.689453  -1.95089
0.689697  2.76286
0.689941  1.194
0.690186  -0.375011
0.69043  -1.94462
0.690674  2.76896
0.690918  1.2
0.691162  -0.368822
0.691406  -1.93833
0.69165  2.77508
0.691895  1.20594
0.692139  -0.362714
0.692383  -1.93199
0.692627  2.78131
0.692871  1.21187
0.693115  -0.356688
0.693359  -1.92558
0.693604  2.78773
0.693848  1.21785
0.694092  -0.350863
0.694336  -1.91923
0.69458  2.79434
0.694824  1.22401
0.695068  -0.34537
0.695312  -1.91314
0.695557  2.80124
0.695801  1.23067
0.696045  -0.340131
0.696289  -1.90833
0.696533  2.80843
0.696777  1.23847
0.697021  -0.333631
0.697266  -1.91057
0.69751  -0.315528
0.697754  1.25046
0.697998  -0.322745
0.698242  -1.89383
0.698486  2.81889
0.69873  1.24871
0.698975  -0.321306
0.699219  -1.89122
0.699463  2.82212
0.699707  1.25233
0.699951  -0.317411
0.700195  -1.88712
0.700439  2.82637
0.700684  1.25669
0.700928  -0.312925
0.701172  -1.88214
0.701416  2.84475
0.70166  -1.87208
0.701904  -0.306147
0.702148  1.24143
0.702393  -0.299144
0.702637  1.26267
0.702881  -0.288651
0.703125  1.26999
0.703369  -0.253106
0.703613  1.27624
0.703857  2.79753
0.704102  1.28268
0.704346  2.83384
0.70459  1.2901
0.704834  2.84453
0.705078  1.30001
0.705322  2.85169
0.705566  1.31745
0.705811  2.8578
0.706055  1.3825
0.706299  2.8636
0.706543  -1.97623
0.706787  2.86946
0.707031  -1.88531
0.707275  2.87565
0.70752  -1.86576
0.707764  2.88251
0.708008  -1.85523
0.708252  2.89055
0.708496  -1.84757
0.70874  2.90072
0.708984  -1.84113
0.709229  2.9153
0.709473  -1.83529
0.709717  2.94122
0.709961  -1.82974
0.710205  3.01582
0.710449  -1.8243
0.710693  -1.14679
0.710938  -1.81888
0.711182  -0.364312
0.711426  -1.81336
0.71167  -0.307811
0.711914  -1.80769
0.712158  -0.285135
0.712402  -1.80175
0.712646  -0.271616
0.712891  -1.79546
0.713135  -0.261812
0.713379  -1.78866
0.713623  -0.253917
0.713867  -1.78117
0.714111  -0.247074
0.714355  -1.77264
0.7146  -0.240911
0.714844  -1.76262
0.715088  -0.235158
0.715332  -1.75014
0.715576  -0.229712
0.71582  -1.73349
0.716064  -0.224446
0.716309  -1.70856
0.716553  -0.219327
0.716797  -1.66374
0.717041  -0.21429
0.717285  -1.54656
0.717529  -0.209314
0.717773  -0.546715
0.718018  -0.204365
0.718262  1.07367
0.718506  -0.199423
0.71875  1.2255
0.718994  -0.194472
0.719238  1.27713
0.719482  -0.189486
0.719727  1.30445
0.719971  -0.184453
0.720215  1.32222
0.720459  -0.179348
0.720703  1.33527
0.720947  -0.174161
0.721191  1.34567
0.721436  -0.16885
0.72168  1.35438
0.721924  -0.163407
0.722168  1.362
0.722412  -0.157779
0.722656  1.36885
0.7229  -0.151936
0.723145  1.37514
0.723389  -0.145824
0.723633  1.38102
0.723877  -0.139354
0.724121  1.38656
0.724365  -0.132467
0.724609  1.39187
0.724854  -0.124992
0.725098  1.39696
0.725342  -0.116796
0.725586  1.4019
0.72583  -0.107566
0.726074  1.40669
0.726318  -0.0969681
0.726562  1.41139
0.726807  -0.0843108
0.727051  1.41599
0.727295  -0.0686026
0.727539  1.42051
0.727783  -0.047858
0.728027  1.42497
0.728271  -0.0181793
0.728516  1.42938
0.72876  0.029977
0.729004  1.43373
0.729248  0.126184
0.729492  1.43806
0.729736  0.423342
0.72998  1.44234
0.730225  1.90991
0.730469  1.44663
0.730713  2.65174
0.730957  1.45086
0.731201  2.812
0.731445  1.45512
0.731689  2.87856
0.731934  1.45932
0.732178  2.91604
0.732422  1.46356
0.732666  2.94063
0.73291  1.46778
0.733154  2.9585
0.733398  1.47201
0.733643  2.97246
0.733887  1.47626
0.734131  2.98384
0.734375  1.48051
0.734619  2.99356
0.734863  1.4848
0.735107  3.00203
0.735352  1.4891
0.735596  3.00963
0.73584  1.49345
0.736084  3.01653
0.736328  1.49783
0.736572  3.02294
0.736816  1.50227
0.737061  3.02891
0.737305  1.50676
0.737549  3.03457
0.737793  1.51132
0.738037  3.03994
0.738281  1.51597
0.738525  3.0451
0.73877  1.52071
0.739014  3.05006
0.739258  1.52556
0.739502  3.05487
0.739746  1.53056
0.73999  3.05953
0.740234  1.53569
0.740479  3.0641
0.740723  1.54105
0.740967  3.06854
0.741211  1.54659
0.741455  3.07293
0.741699  1.55245
0.741943  3.07721
0.742188  1.55859
0.742432  3.08146
0.742676  1.56521
0.74292  3.08561
0.743164  1.57226
0.743408  3.08975
0.743652  1.58008
0.743896  3.09381
0.744141  1.58864
0.744385  3.09787
0.744629  1.59846
0.744873  3.10185
0.745117  1.60971
0.745361  3.10585
0.745605  1.62335
0.74585  3.10977
0.746094  1.6401
0.746338  3.11373
0.746582  1.66236
0.746826  3.11761
0.74707  1.69332
0.747314  3.12153
0.747559  1.74218
0.747803  3.12539
0.748047  1.83167
0.748291  3.12928
0.748535  2.0569
0.748779  3.13312
0.749023  2.992
0.749268  3.137
0.749512  -2.14392
0.749756  3.14084
0.75  -1.86773
0.750244  -3.13848
0.750488  -1.76597
0.750732  -3.13464
0.750977  -1.71267
0.751221  -3.13076
0.751465  -1.67949
0.751709  -3.12691
0.751953  -1.65613
0.752197  -3.12301
0.752441  -1.63865
0.752686  -3.11914
0.75293  -1.62458
0.753174  -3.11521
0.753418  -1.61304
0.753662  -3.1113
0.753906  -1.60302
0.75415  -3.10733
0.754395  -1.59432
0.754639  -3.10338
0.754883  -1.58643
0.755127  -3.09936
0.755371  -1.5793
0.755615  -3.09533
0.755859  -1.57267
0.756104  -3.09124
0.756348  -1.5665
0.756592  -3.08713
0.756836  -1.56066
0.75708  -3.08295
0.757324  -1.55512
0.757568  -3.07872
0.757812  -1.54981
0.758057  -3.07443
0.758301  -1.5447
0.758545  -3.07005
0.758789  -1.53975
0.759033  -3.06559
0.759277  -1.53495
0.759521  -3.06104
0.759766  -1.53027
0.76001  -3.05637
0.760254  -1.52569
0.760498  -3.05155
0.760742  -1.52122
0.760986  -3.0466
0.76123  -1.5168
0.761475  -3.04144
0.761719  -1.51246
0.761963  -3.03608
0.762207  -1.50817
0.762451  -3.03043
0.762695  -1.50394
0.762939  -3.02449
0.763184  -1.49973
0.763428  -3.01813
0.763672  -1.49558
0.763916  -3.0113
0.76416  -1.49145
0.764404  -3.00382
0.764648  -1.48735
0.764893  -2.99555
0.765137  -1.48325
0.765381  -2.98616
0.765625  -1.4792
0.765869  -2.97534
0.766113  -1.47513
0.766357  -2.96234
0.766602  -1.47109
0.766846  -2.94623
0.76709  -1.46704
0.767334  -2.92503
0.767578  -1.463
0.767822  -2.89505
0.768066  -1.45895
0.768311  -2.84774
0.768555  -1.4549
0.768799  -2.7584
0.769043  -1.45083
0.769287  -2.52028
0.769531  -1.44676
0.769775  -1.41151
0.77002  -1.44266
0.770264  -0.352452
0.770508  -1.43855
0.770752  -0.124324
0.770996  -1.43441
0.77124  -0.0372353
0.771484  -1.43024
0.771729  0.00936071
0.771973  -1.42603
0.772217  0.0389855
0.772461  -1.42179
0.772705  0.0601278
0.772949  -1.41748
0.773193  0.0762274
0.773438  -1.41315
0.773682  0.0893274
0.773926  -1.40871
0.77417  0.100263
0.774414  -1.40424
0.774658  0.109829
0.774902  -1.39966
0.775146  0.118298
0.775391  -1.39499
0.775635  0.126001
0.775879  -1.39019
0.776123  0.133113
0.776367  -1.38525
0.776611  0.139735
0.776855  -1.38016
0.7771  0.146024
0.777344  -1.37484
0.777588  0.151978
0.777832  -1.36929
0.778076  0.157732
0.77832  -1.3634
0.778564  0.16326
0.778809  -1.35712
0.779053  0.168649
0.779297  -1.35029
0.779541  0.173898
0.779785  -1.34275
0.780029  0.179041
0.780273  -1.33419
0.780518  0.184097
0.780762  -1.32415
0.781006  0.189081
0.78125  -1.31181
0.781494  0.194003
0.781738  -1.29564
0.781982  0.198893
0.782227  -1.27221
0.782471  0.203734
0.782715  -1.23275
0.782959  0.208571
0.783203  -1.14387
0.783447  0.213384
0.783691  -0.716591
0.783936  0.218218
0.78418  1.33886
0.784424  0.223049
0.784668  1.61956
0.784912  0.227938
0.785156  1.69293
0.7854  0.232861
0.785645  1.7281
0.785889  0.237889
0.786133  1.74966
0.786377  0.24302
0.786621  1.76494
0.786865  0.248347
0.787109  1.77672
0.787354  0.253915
0.787598  1.78642
0.787842  0.259883
0.788086  1.79474
0.78833  0.266433
0.788574  1.80213
0.788818  0.273965
0.789062  1.80883
0.789307  0.2832
0.789551  1.81505
0.789795  0.295856
0.790039  1.82091
0.790283  0.316861
0.790527  1.82649
0.790771  0.369074
0.791016  1.8319
0.79126  1.14047
0.791504  1.8372
0.791748  -2.98965
0.791992  1.84249
0.792236  -2.9218
0.79248  1.84788
0.792725  -2.89803
0.792969  1.85357
0.793213  -2.88457
0.793457  1.8599
0.793701  -2.87511
0.793945  1.86766
0.794189  -2.86759
0.794434  1.87926
0.794678  -2.86112
0.794922  1.90723
0.795166  -2.85522
0.79541  -1.84808
0.795654  -2.84956
0.795898  -1.31381
0.796143  -2.84383
0.796387  -1.29022
0.796631  -2.83749
0.796875  -1.27941
0.797119  -2.82883
0.797363  -1.27195
0.797607  -2.7991
0.797852  -1.26587
0.798096  0.288224
0.79834  -1.26061
0.798584  0.30877
0.798828  -1.25911
0.799072  -2.82883
0.799316  1.8845
0.799561  0.314586
0.799805  -1.25555
0.800049  -2.82666
0.800293  -1.19355
0.800537  -2.81922
0.800781  1.89292
0.801025  0.32263
0.80127  -1.24753
0.801514  -2.81775
0.801758  1.89503
0.802002  0.324038
0.802246  -1.25013
0.80249  0.338158
0.802734  -1.23983
0.802979  -2.81148
0.803223  1.90302
0.803467  0.339197
0.803711  -1.23095
0.803955  -2.80262
0.804199  1.90996
0.804443  0.341606
0.804688  -1.22581
0.804932  -2.79553
0.805176  1.91706
0.80542  0.347385
0.805664  -1.22079
0.805908  -2.78938
0.806152  1.92382
0.806396  0.353783
0.806641  -1.21517
0.806885  -2.78357
0.807129  1.93024
0.807373  0.360237
0.807617  -1.2092
0.807861  -2.77781
0.808105  1.93641
0.80835  0.366627
0.808594  -1.20305
0.808838  -2.77195
0.809082  1.94245
0.809326  0.372934
0.80957  -1.19682
0.809814  -2.76599
0.810059  1.94843
0.810303  0.379156
0.810547  -1.19056
0.810791  -2.75993
0.811035  1.95442
0.811279  0.385321
0.811523  -1.18431
0.811768  -2.7538
0.812012  1.96042
0.812256  0.391437
0.8125  -1.17807
0.812744  -2.74764
0.812988  1.96646
0.813232  0.397526
0.813477  -1.17186
0.813721  -2.74145
0.813965  1.97252
0.814209  0.403596
0.814453  -1.16567
0.814697  -2.73525
0.814941  1.97862
0.815186  0.409658
0.81543  -1.15951
0.815674  -2.72905
0.815918  1.98474
0.816162  0.415724
0.816406  -1.15338
0.81665  -2.72286
0.816895  1.99087
0.817139  0.421796
0.817383  -1.14726
0.817627  -2.71668
0.817871  1.99702
0.818115  0.427877
0.818359  -1.14115
0.818604  -2.71051
0.818848  2.00317
0.819092  0.433968
0.819336  -1.13505
0.81958  -2.70435
0.819824  2.00934
0.820068  0.440071
0.820312  -1.12896
0.820557  -2.69819
0.820801  2.0155
0.821045  0.446186
0.821289  -1.12286
0.821533  -2.69205
0.821777  2.02167
0.822021  0.45231
0.822266  -1.11676
0.82251  -2.68591
0.822754  2.02784
0.822998  0.458442
0.823242  -1.11066
0.823486  -2.67978
0.82373  2.034
0.823975  0.464581
0.824219  -1.10456
0.824463  -2.67366
0.824707  2.04016
0.824951  0.470724
0.825195  -1.09845
0.825439  -2.66754
0.825684  2.04632
0.825928  0.476872
0.826172  -1.09234
0.826416  -2.66142
0.82666  2.05247
0.826904  0.483022
0.827148  -1.08623
0.827393  -2.6553
0.827637  2.05862
0.827881  0.489175
0.828125  -1.0801
0.828369  -2.64919
0.828613  2.06476
0.828857  0.495328
0.829102  -1.07398
0.829346  -2.64308
0.82959  2.0709
0.829834  0.501481
0.830078  -1.06785
0.830322  -2.63696
0.830566  2.07704
0.830811  0.507635
0.831055  -1.06172
0.831299  -2.63085
0.831543  2.08318
0.831787  0.513787
0.832031  -1.05558
0.832275  -2.62473
0.83252  2.08931
0.832764  0.519938
0.833008  -1.04945
0.833252  -2.61861
0.833496  2.09544
0.83374  0.526088
0.833984  -1.04331
0.834229  -2.61249
0.834473  2.10157
0.834717  0.532237
0.834961  -1.03716
0.835205  -2.60637
0.835449  2.1077
0.835693  0.538384
0.835938  -1.03102
0.836182  -2.60025
0.836426  2.11382
0.83667  0.54453
0.836914  -1.02488
0.837158  -2.59412
0.837402  2.11995
0.837646  0.550674
0.837891  -1.01873
0.838135  -2.58799
0.838379  2.12607
0.838623  0.556817
0.838867  -1.01259
0.839111  -2.58187
0.839355  2.1322
0.8396  0.562958
0.839844  -1.00644
0.840088  -2.57574
0.840332  2.13832
0.840576  0.569099
0.84082  -1.0003
0.841064  -2.5696
0.841309  2.14445
0.841553  0.575238
0.841797  -0.994149
0.842041  -2.56347
0.842285  2.15057
0.842529  0.581375
0.842773  -0.988004
0.843018  -2.55734
0.843262  2.1567
0.843506  0.587511
0.84375  -0.981858
0.843994  -2.5512
0.844238  2.16282
0.844482  0.593647
0.844727  -0.975713
0.844971  -2.54506
0.845215  2.16895
0.845459  0.599782
0.845703  -0.969569
0.845947  -2.53893
0.846191  2.17508
0.846436  0.605916
0.84668  -0.963425
0.846924  -2.53279
0.847168  2.18121
0.847412  0.612049
0.847656  -0.957281
0.8479  -2.52665
0.848145  2.18733
0.848389  0.618182
0.848633  -0.951138
0.848877  -2.52051
0.849121  2.19346
0.849365  0.624314
0.849609  -0.944996
0.849854  -2.51437
0.850098  2.19959
0.850342  0.630446
0.850586  -0.938854
0.85083  -2.50823
0.851074  2.20572
0.851318  0.636577
0.851562  -0.932712
0.851807  -2.50209
0.852051  2.21185
0.852295  0.642709
0.852539  -0.926572
0.852783  -2.49595
0.853027  2.21798
0.853271  0.64884
0.853516  -0.920431
0.85376  -2.48981
0.854004  2.22411
0.854248  0.654971
0.854492  -0.914291
0.854736  -2.48367
0.85498  2.23025
0.855225  0.661102
0.855469  -0.908152
0.855713  -2.47753
0.855957  2.23638
0.856201  0.667234
0.856445  -0.902013
0.856689  -2.47139
0.856934  2.24251
0.857178  0.673365
0.857422  -0.895875
0.857666  -2.46525
0.85791  2.24865
0.858154  0.679496
0.858398  -0.889737
0.858643  -2.45911
0.858887  2.25478
0.859131  0.685627
0.859375  -0.883599
0.859619  -2.45297
0.859863  2.26091
0.860107  0.691758
0.860352  -0.877461
0.860596  -2.44683
0.86084  2.26705
0.861084  0.69789
0.861328  -0.871324
0.861572  -2.44069
0.861816  2.27318
0.862061  0.704022
0.862305  -0.865187
0.862549  -2.43455
0.862793  2.27932
0.863037  0.710153
0.863281  -0.859051
0.863525  -2.42841
0.86377  2.28545
0.864014  0.716285
0.864258  -0.852914
0.864502  -2.42227
0.864746  2.29159
0.86499  0.722417
0.865234  -0.846778
0.865479  -2.41613
0.865723  2.29772
0.865967  0.72855
0.866211  -0.840642
0.866455  -2.40999
0.866699  2.30386
0.866943  0.734682
0.867188  -0.834506
0.867432  -2.40385
0.867676  2.31
0.86792  0.740815
0.868164  -0.82837
0.868408  -2.39771
0.868652  2.31613
0.868896  0.746948
0.869141  -0.822234
0.869385  -2.39157
0.869629  2.32227
0.869873  0.753081
0.870117  -0.816099
0.870361  -2.38543
0.870605  2.3284
0.87085  0.759214
0.871094  -0.809963
0.871338  -2.3793
0.871582  2.33454
0.871826  0.765347
0.87207  -0.803827
0.872314  -2.37316
0.872559  2.34068
0.872803  0.771481
0.873047  -0.797692
0.873291  -2.36702
0.873535  2.34681
0.873779  0.777615
0.874023  -0.791556
0.874268  -2.36088
0.874512  2.35295
0.874756  0.783748
0.875  -0.785421
0.875244  -2.35474
0.875488  2.35909
0.875732  0.789883
0.875977  -0.779285
0.876221  -2.34861
0.876465  2.36522
0.876709  0.796017
0.876953  -0.773149
0.877197  -2.34247
0.877441  2.37136
0.877686  0.802151
0.87793  -0.767014
0.878174  -2.33633
0.878418  2.37749
0.878662  0.808286
0.878906  -0.760878
0.87915  -2.33019
0.879395  2.38363
0.879639  0.81442
0.879883  -0.754742
0.880127  -2.32406
0.880371  2.38977
0.880615  0.820555
0.880859  -0.748606
0.881104  -2.31792
0.881348  2.3959
0.881592  0.82669
0.881836  -0.74247
0.88208  -2.31178
0.882324  2.40204
0.882568  0.832825
0.882812  -0.736334
0.883057  -2.30565
0.883301  2.40817
0.883545  0.83896
0.883789  -0.730197
0.884033  -2.29951
0.884277  2.41431
0.884521  0.845096
0.884766  -0.724061
0.88501  -2.29337
0.885254  2.42044
0.885498  0.851231
0.885742  -0.717925
0.885986  -2.28724
0.88623  2.42658
0.886475  0.857367
0.886719  -0.711788
0.886963  -2.2811
0.887207  2.43271
0.887451  0.863503
0.887695  -0.705651
0.887939  -2.27497
0.888184  2.43885
0.888428  0.869639
0.888672  -0.699514
0.888916  -2.26883
0.88916  2.44498
0.889404  0.875775
0.889648  -0.693377
0.889893  -2.26269
0.890137  2.45112
0.890381  0.881912
0.890625  -0.687239
0.890869  -2.25656
0.891113  2.45725
0.891357  0.888048
0.891602  -0.681101
0.891846  -2.25042
0.89209  2.46339
0.892334  0.894185
0.892578  -0.674963
0.892822  -2.24429
0.893066  2.46952
0.893311  0.900322
0.893555  -0.668825
0.893799  -2.23815
0.894043  2.47565
0.894287  0.906459
0.894531  -0.662686
0.894775  -2.23202
0.89502  2.48178
0.895264  0.912597
0.895508  -0.656546
0.895752  -2.22589
0.895996  2.48792
0.89624  0.918735
0.896484  -0.650406
0.896729  -2.21975
0.896973  2.49405
0.897217  0.924873
0.897461  -0.644264
0.897705  -2.21362
0.897949  2.50018
0.898193  0.931012
0.898438  -0.638124
0.898682  -2.20749
0.898926  2.50629
0.89917  0.937083
0.899414  -0.632224
0.899658  -2.20203
0.899902  2.51098
0.900146  0.94096
0.900391  -0.628518
0.900635  -2.19846
0.900879  2.51013
0.901123  0.943797
0.901367  -0.53083
0.901611  0.945444
0.901855  2.27784
0.9021  0.949402
0.902344  2.31478
0.902588  0.953301
0.902832  2.34111
0.903076  0.957202
0.90332  2.36402
0.903564  0.961125
0.903809  2.38557
0.904053  0.965021
0.904297  2.40562
0.904541  0.968898
0.904785  2.42379
0.905029  0.972745
0.905273  2.43994
0.905518  0.976553
0.905762  2.45432
0.906006  0.980337
0.90625  2.46701
0.906494  0.984071
0.906738  2.47844
0.906982  0.987801
0.907227  2.48856
0.907471  0.99146
0.907715  2.4979
0.907959  0.995143
0.908203  2.50624
0.908447  0.998737
0.908691  2.51411
0.908936  1.00237
0.90918  2.52122
0.909424  1.00592
0.909668  2.52803
0.909912  1.00951
0.910156  2.5343
0.9104  1.01303
0.910645  2.54033
0.910889  1.01657
0.911133  2.54597
0.911377  1.02005
0.911621  2.55145
0.911865  1.02357
0.912109  2.55662
0.912354  1.02702
0.912598  2.56166
0.912842  1.0305
0.913086  2.56649
0.91333  1.03395
0.913574  2.5712
0.913818  1.0374
0.914062  2.57575
0.914307  1.04083
0.914551  2.58021
0.914795  1.04426
0.915039  2.58454
0.915283  1.04768
0.915527  2.5888
0.915771  1.05109
0.916016  2.59296
0.91626  1.0545
0.916504  2.59705
0.916748  1.05791
0.916992  2.60106
0.917236  1.0613
0.91748  2.60503
0.917725  1.06471
0.917969  2.60891
0.918213  1.06808
0.918457  2.61279
0.918701  1.0715
0.918945  2.61656
0.919189  1.07486
0.919434  2.62034
0.919678  1.07828
0.919922  2.62404
0.920166  1.08165
0.92041  2.62774
0.920654  1.08506
0.920898  2.63137
0.921143  1.08844
0.921387  2.635
0.921631  1.09184
0.921875  2.63857
0.922119  1.09523
0.922363  2.64215
0.922607  1.09864
0.922852  2.64567
0.923096  1.10203
0.92334  2.64919
0.923584  1.10545
0.923828  2.65267
0.924072  1.10885
0.924316  2.65615
0.924561  1.11229
0.924805  2.65959
0.925049  1.11569
0.925293  2.66304
0.925537  1.11914
0.925781  2.66645
0.926025  1.12257
0.92627  2.66985
0.926514  1.12603
0.926758  2.67324
0.927002  1.12948
0.927246  2.67661
0.92749  1.13296
0.927734  2.67997
0.927979  1.13643
0.928223  2.68332
0.928467  1.13992
0.928711  2.68666
0.928955  1.14344
0.929199  2.68998
0.929443  1.14694
0.929688  2.6933
0.929932  1.1505
0.930176  2.6966
0.93042  1.15402
0.930664  2.69991
0.930908  1.15763
0.931152  2.70318
0.931396  1.1612
0.931641  2.70647
0.931885  1.16483
0.932129  2.70974
0.932373  1.16846
0.932617  2.713
0.932861  1.17211
0.933105  2.71626
0.93335  1.17583
0.933594  2.7195
0.933838  1.17953
0.934082  2.72276
0.934326  1.1833
0.93457  2.72599
0.934814  1.18709
0.935059  2.72922
0.935303  1.19092
0.935547  2.73245
0.935791  1.19481
0.936035  2.73567
0.936279  1.19872
0.936523  2.73889
0.936768  1.20272
0.937012  2.74209
0.937256  1.20673
0.9375  2.74531
0.937744  1.21086
0.937988  2.7485
0.938232  1.21501
0.938477  2.75171
0.938721  1.21928
0.938965  2.7549
0.939209  1.22362
0.939453  2.75809
0.939697  1.22806
0.939941  2.76127
0.940186  1.23263
0.94043  2.76445
0.940674  1.23731
0.940918  2.76764
0.941162  1.24217
0.941406  2.7708
0.94165  1.24713
0.941895  2.77399
0.942139  1.25241
0.942383  2.77714
0.942627  1.25774
0.942871  2.78033
0.943115  1.26355
0.943359  2.78347
0.943604  1.26944
0.943848  2.78665
0.944092  1.27592
0.944336  2.78979
0.94458  1.28268
0.944824  2.79296
0.945068  1.2901
0.945312  2.79611
0.945557  1.29815
0.945801  2.79926
0.946045  1.30708
0.946289  2.80241
0.946533  1.31709
0.946777  2.80555
0.947021  1.32853
0.947266  2.8087
0.94751  1.34197
0.947754  2.81183
0.947998  1.35792
0.948242  2.81499
0.948486  1.37811
0.94873  2.81811
0.948975  1.40371
0.949219  2.82126
0.949463  1.43968
0.949707  2.82438
0.949951  1.49195
0.950195  2.82754
0.950439  1.58154
0.950684  2.83064
0.950928  1.75868
0.951172  2.8338
0.951416  2.24083
0.95166  2.8369
0.951904  -2.98901
0.952148  2.84005
0.952393  -2.41226
0.952637  2.84315
0.952881  -2.20511
0.953125  2.8463
0.953369  -2.10787
0.953613  2.8494
0.953857  -2.05033
0.954102  2.85254
0.954346  -2.01278
0.95459  2.85565
0.954834  -1.98548
0.955078  2.85877
0.955322  -1.96478
0.955566  2.86188
0.955811  -1.94815
0.956055  2.865
0.956299  -1.93432
0.956543  2.86812
0.956787  -1.92271
0.957031  2.87123
0.957275  -1.91236
0.95752  2.87435
0.957764  -1.9034
0.958008  2.87745
0.958252  -1.89512
0.958496  2.88057
0.95874  -1.88774
0.958984  2.88367
0.959229  -1.88073
0.959473  2.88679
0.959717  -1.8744
0.959961  2.88989
0.960205  -1.86824
0.960449  2.89301
0.960693  -1.86261
0.960938  2.8961
0.961182  -1.85706
0.961426  2.89922
0.96167  -1.85194
0.961914  2.90231
0.962158  -1.84682
0.962402  2.90543
0.962646  -1.84207
0.962891  2.90852
0.963135  -1.83728
0.963379  2.91164
0.963623  -1.83283
0.963867  2.91472
0.964111  -1.82826
0.964355  2.91785
0.9646  -1.82405
0.964844  2.92092
0.965088  -1.81969
0.965332  2.92404
0.965576  -1.81562
0.96582  2.92712
0.966064  -1.81147
0.966309  2.93023
0.966553  -1.80748
0.966797  2.93333
0.967041  -1.80352
0.967285  2.93642
0.967529  -1.7996
0.967773  2.93952
0.968018  -1.79576
0.968262  2.94261
0.968506  -1.79193
0.96875  2.94572
0.968994  -1.78821
0.969238  2.9488
0.969482  -1.78441
0.969727  2.95191
0.969971  -1.78081
0.970215  2.95498
0.970459  -1.77707
0.970703  2.9581
0.970947  -1.7735
0.971191  2.96117
0.971436  -1.76986
0.97168  2.96428
0.971924  -1.76631
0.972168  2.96736
0.972412  -1.76274
0.972656  2.97046
0.9729  -1.75923
0.973145  2.97354
0.973389  -1.75571
0.973633  2.97664
0.973877  -1.75224
0.974121  2.97973
0.974365  -1.74876
0.974609  2.98282
0.974854  -1.74532
0.975098  2.9859
0.975342  -1.74186
0.975586  2.989
0.97583  -1.73848
0.976074  2.99207
0.976318  -1.73503
0.976562  2.99518
0.976807  -1.73167
0.977051  2.99825
0.977295  -1.72827
0.977539  3.00135
0.977783  -1.72492
0.978027  3.00443
0.978271  -1.72154
0.978516  3.00753
0.97876  -1.71823
0.979004  3.0106
0.979248  -1.71485
0.979492  3.0137
0.979736  -1.71158
0.97998  3.01676
0.980225  -1.7082
0.980469  3.01988
0.980713  -1.70495
0.980957  3.02293
0.981201  -1.7016
0.981445  3.02604
0.981689  -1.69834
0.981934  3.02911
0.982178  -1.69504
0.982422  3.0322
0.982666  -1.69177
0.98291  3.03528
0.983154  -1.68849
0.983398  3.03837
0.983643  -1.68523
0.983887  3.04145
0.984131  -1.68198
0.984375  3.04453
0.984619  -1.67871
0.984863  3.04762
0.985107  -1.67548
0.985352  3.05069
0.985596  -1.67223
0.98584  3.05378
0.986084  -1.66899
0.986328  3.05686
0.986572  -1.66578
0.986816  3.05994
0.987061  -1.66253
0.987305  3.06303
0.987549  -1.65933
0.987793  3.0661
0.988037  -1.65609
0.988281  3.06919
0.988525  -1.65289
0.98877  3.07227
0.989014  -1.64968
0.989258  3.07534
0.989502  -1.64646
0.989746  3.07843
0.98999  -1.64328
0.990234  3.0815
0.990479  -1.64006
0.990723  3.0846
0.990967  -1.6369
0.991211  3.08766
0.991455  -1.63366
0.991699  3.09076
0.991943  -1.63053
0.992188  3.09381
0.992432  -1.62728
0.992676  3.09692
0.99292  -1.62417
0.993164  3.09997
0.993408  -1.62092
0.993652  3.10308
0.993896  -1.61781
0.994141  3.10613
0.994385  -1.61458
0.994629  3.10924
0.994873  -1.61146
0.995117  3.11228
0.995361  -1.60823
0.995605  3.1154
0.99585  -1.60513
0.996094  3.11843
0.996338  -1.6019
0.996582  3.12155
0.996826  -1.5988
0.99707  3.1246
0.997314  -1.59559
0.997559  3.1277
0.997803  -1.59247
0.998047  3.13076
0.998291  -1.58929
0.998535  3.13385
0.998779  -1.58616
0.999023  3.13691
0.999268  -1.58298
0.999512  3.14
0.999756  -1.57985
