0  -52.9476
0.000244141  -56.5503
0.000488281  -52.9576
0.000732422  -56.4818
0.000976562  -52.9668
0.0012207  -56.4151
0.00146484  -52.9767
0.00170898  -56.3482
0.00195312  -52.986
0.00219727  -56.2828
0.00244141  -52.9958
0.00268555  -56.2175
0.00292969  -53.0053
0.00317383  -56.1533
0.00341797  -53.015
0.00366211  -56.0894
0.00390625  -53.0245
0.00415039  -56.0264
0.00439453  -53.0343
0.00463867  -55.9639
0.00488281  -53.0438
0.00512695  -55.9021
0.00537109  -53.0535
0.00561523  -55.8408
0.00585938  -53.0631
0.00610352  -55.7801
0.00634766  -53.0728
0.0065918  -55.72
0.00683594  -53.0824
0.00708008  -55.6605
0.00732422  -53.092
0.00756836  -55.6015
0.0078125  -53.1016
0.00805664  -55.5431
0.00830078  -53.1112
0.00854492  -55.4853
0.00878906  -53.1209
0.0090332  -55.4276
0.00927734  -53.1303
0.00952148  -55.371
0.00976562  -53.1401
0.0100098  -55.3143
0.0102539  -53.1495
0.010498  -55.2587
0.0107422  -53.1593
0.0109863  -55.203
0.0112305  -53.1686
0.0114746  -55.1483
0.0117188  -53.1783
0.0119629  -55.0935
0.012207  -53.1877
0.0124512  -55.0396
0.0126953  -53.1973
0.0129395  -54.9858
0.0131836  -53.2067
0.0134277  -54.9327
0.0136719  -53.2163
0.013916  -54.8798
0.0141602  -53.2256
0.0144043  -54.8276
0.0146484  -53.2352
0.0148926  -54.7753
0.0151367  -53.2444
0.0153809  -54.724
0.015625  -53.254
0.0158691  -54.6725
0.0161133  -53.2631
0.0163574  -54.6219
0.0166016  -53.2727
0.0168457  -54.5712
0.0170898  -53.2818
0.017334  -54.5214
0.0175781  -53.2913
0.0178223  -54.4713
0.0180664  -53.3002
0.0183105  -54.4223
0.0185547  -53.3099
0.0187988  -54.3727
0.019043  -53.3186
0.0192871  -54.3245
0.0195312  -53.3283
0.0197754  -54.2756
0.0200195  -53.3369
0.0202637  -54.228
0.0205078  -53.3465
0.020752  -54.1798
0.0209961  -53.3551
0.0212402  -54.1328
0.0214844  -53.3646
0.0217285  -54.0852
0.0219727  -53.3732
0.0222168  -54.0387
0.0224609  -53.3825
0.0227051  -53.9917
0.0229492  -53.3911
0.0231934  -53.9458
0.0234375  -53.4003
0.0236816  -53.8995
0.0239258  -53.4089
0.0241699  -53.8541
0.0244141  -53.418
0.0246582  -53.8083
0.0249023  -53.4265
0.0251465  -53.7633
0.0253906  -53.4354
0.0256348  -53.7182
0.0258789  -53.444
0.026123  -53.6737
0.0263672  -53.4528
0.0266113  -53.6291
0.0268555  -53.4613
0.0270996  -53.585
0.0273438  -53.47
0.0275879  -53.5409
0.027832  -53.4784
0.0280762  -53.4973
0.0283203  -53.4869
0.0285645  -53.4537
0.0288086  -53.4953
0.0290527  -53.4104
0.0292969  -53.5037
0.029541  -53.3674
0.0297852  -53.5121
0.0300293  -53.3244
0.0302734  -53.5203
0.0305176  -53.2819
0.0307617  -53.5287
0.0310059  -53.2394
0.03125  -53.5368
0.0314941  -53.1972
0.0317383  -53.545
0.0319824  -53.1551
0.0322266  -53.553
0.0324707  -53.1133
0.0327148  -53.5611
0.032959  -53.0716
0.0332031  -53.5691
0.0334473  -53.0302
0.0336914  -53.577
0.0339355  -52.9888
0.0341797  -53.5848
0.0344238  -52.9479
0.034668  -53.5928
0.0349121  -52.9067
0.0351562  -53.6003
0.0354004  -52.8662
0.0356445  -53.6084
0.0358887  -52.8253
0.0361328  -53.6156
0.036377  -52.7852
0.0366211  -53.6236
0.0368652  -52.7446
0.0371094  -53.6307
0.0373535  -52.7048
0.0375977  -53.6386
0.0378418  -52.6644
0.0380859  -53.6456
0.0383301  -52.625
0.0385742  -53.6534
0.0388184  -52.585
0.0390625  -53.6603
0.0393066  -52.5458
0.0395508  -53.6678
0.0397949  -52.5061
0.0400391  -53.6748
0.0402832  -52.4671
0.0405273  -53.682
0.0407715  -52.4278
0.0410156  -53.6889
0.0412598  -52.3889
0.0415039  -53.696
0.041748  -52.35
0.0419922  -53.7029
0.0422363  -52.3113
0.0424805  -53.7097
0.0427246  -52.2727
0.0429688  -53.7165
0.0432129  -52.2342
0.043457  -53.7232
0.0437012  -52.1958
0.0439453  -53.7298
0.0441895  -52.1576
0.0444336  -53.7364
0.0446777  -52.1194
0.0449219  -53.7428
0.045166  -52.0814
0.0454102  -53.7493
0.0456543  -52.0434
0.0458984  -53.7557
0.0461426  -52.0055
0.0463867  -53.7618
0.0466309  -51.9679
0.046875  -53.7682
0.0471191  -51.9302
0.0473633  -53.7741
0.0476074  -51.8927
0.0478516  -53.7803
0.0480957  -51.8552
0.0483398  -53.7862
0.048584  -51.8178
0.0488281  -53.7921
0.0490723  -51.7806
0.0493164  -53.798
0.0495605  -51.7434
0.0498047  -53.8036
0.0500488  -51.7063
0.050293  -53.8094
0.0505371  -51.6693
0.0507812  -53.8149
0.0510254  -51.6323
0.0512695  -53.8204
0.0515137  -51.5954
0.0517578  -53.8258
0.052002  -51.5587
0.0522461  -53.8312
0.0524902  -51.5219
0.0527344  -53.8364
0.0529785  -51.4853
0.0532227  -53.8415
0.0534668  -51.4487
0.0537109  -53.8467
0.0539551  -51.4121
0.0541992  -53.8516
0.0544434  -51.3757
0.0546875  -53.8566
0.0549316  -51.3393
0.0551758  -53.8614
0.0554199  -51.3029
0.0556641  -53.8661
0.0559082  -51.2667
0.0561523  -53.8707
0.0563965  -51.2305
0.0566406  -53.8754
0.0568848  -51.1942
0.0571289  -53.8797
0.057373  -51.1582
0.0576172  -53.8843
0.0578613  -51.1219
0.0581055  -53.8883
0.0583496  -51.0861
0.0585938  -53.8927
0.0588379  -51.0499
0.059082  -53.8966
0.0593262  -51.0141
0.0595703  -53.9007
0.0598145  -50.9781
0.0600586  -53.9046
0.0603027  -50.9423
0.0605469  -53.9084
0.060791  -50.9064
0.0610352  -53.9121
0.0612793  -50.8706
0.0615234  -53.9157
0.0617676  -50.8349
0.0620117  -53.9193
0.0622559  -50.7991
0.0625  -53.9226
0.0627441  -50.7634
0.0629883  -53.9259
0.0632324  -50.7278
0.0634766  -53.9292
0.0637207  -50.692
0.0639648  -53.9322
0.064209  -50.6565
0.0644531  -53.9354
0.0646973  -50.6207
0.0649414  -53.938
0.0651855  -50.5853
0.0654297  -53.9411
0.0656738  -50.5496
0.065918  -53.9435
0.0661621  -50.5142
0.0664062  -53.9463
0.0666504  -50.4785
0.0668945  -53.9486
0.0671387  -50.4431
0.0673828  -53.9512
0.067627  -50.4074
0.0678711  -53.9532
0.0681152  -50.3721
0.0683594  -53.9556
0.0686035  -50.3364
0.0688477  -53.9574
0.0690918  -50.301
0.0693359  -53.9595
0.0695801  -50.2654
0.0698242  -53.9611
0.0700684  -50.23
0.0703125  -53.963
0.0705566  -50.1944
0.0708008  -53.9644
0.0710449  -50.159
0.0712891  -53.966
0.0715332  -50.1235
0.0717773  -53.9673
0.0720215  -50.088
0.0722656  -53.9685
0.0725098  -50.0525
0.0727539  -53.9697
0.072998  -50.0168
0.0732422  -53.9706
0.0734863  -49.9815
0.0737305  -53.9718
0.0739746  -49.9457
0.0742188  -53.9722
0.0744629  -49.9103
0.074707  -53.9731
0.0749512  -49.8746
0.0751953  -53.9735
0.0754395  -49.839
0.0756836  -53.974
0.0759277  -49.8034
0.0761719  -53.9744
0.076416  -49.7677
0.0766602  -53.9745
0.0769043  -49.732
0.0771484  -53.9748
0.0773926  -49.6962
0.0776367  -53.9746
0.0778809  -49.6605
0.078125  -53.9747
0.0783691  -49.6245
0.0786133  -53.9743
0.0788574  -49.5888
0.0791016  -53.9743
0.0793457  -49.5527
0.0795898  -53.9736
0.079834  -49.5169
0.0800781  -53.9734
0.0803223  -49.4807
0.0805664  -53.9726
0.0808105  -49.4447
0.0810547  -53.9723
0.0812988  -49.4083
0.081543  -53.9715
0.0817871  -49.3721
0.0820312  -53.9709
0.0822754  -49.3357
0.0825195  -53.9702
0.0827637  -49.2991
0.0830078  -53.9694
0.083252  -49.2625
0.0834961  -53.9689
0.0837402  -49.2256
0.0839844  -53.9681
0.0842285  -49.1888
0.0844727  -53.9679
0.0847168  -49.1514
0.0849609  -53.9673
0.0852051  -49.1141
0.0854492  -53.9674
0.0856934  -49.0763
0.0859375  -53.9673
0.0861816  -49.0385
0.0864258  -53.9681
0.0866699  -49
0.0869141  -53.9689
0.0871582  -48.9612
0.0874023  -53.9706
0.0876465  -48.9219
0.0878906  -53.9731
0.0881348  -48.8819
0.0883789  -53.9764
0.088623  -48.8413
0.0888672  -53.9814
0.0891113  -48.7996
0.0893555  -53.9876
0.0895996  -48.757
0.0898438  -53.9965
0.0900879  -48.7128
0.090332  -54.0076
0.0905762  -48.6671
0.0908203  -54.0227
0.0910645  -48.6191
0.0913086  -54.0424
0.0915527  -48.5683
0.0917969  -54.0681
0.092041  -48.5142
0.0922852  -54.1022
0.0925293  -48.4553
0.0927734  -54.1469
0.0930176  -48.3908
0.0932617  -54.2064
0.0935059  -48.3186
0.09375  -54.2854
0.0939941  -48.2364
0.0942383  -54.3908
0.0944824  -48.141
0.0947266  -54.5309
0.0949707  -48.0286
0.0952148  -54.7142
0.095459  -47.8947
0.0957031  -54.9404
0.0959473  -47.7355
0.0961914  -55.1716
0.0964355  -47.5525
0.0966797  -55.2279
0.0969238  -47.3668
0.097168  -54.5067
0.0974121  -47.2899
0.0976562  -51.8669
0.0979004  -48.4963
0.0981445  -51.226
0.0983887  -33.3541
0.0986328  -9.25084
0.098877  6.99252
0.0991211  19.3554
0.0993652  29.1431
0.0996094  37.0054
0.0998535  43.349
0.100098  48.4632
0.100342  52.5738
0.100586  55.8695
0.10083  58.5148
0.101074  60.6542
0.101318  62.4105
0.101562  63.8821
0.101807  65.1422
0.102051  66.2425
0.102295  67.219
0.102539  68.0968
0.102783  68.8939
0.103027  69.624
0.103271  70.2974
0.103516  70.9224
0.10376  71.5054
0.104004  72.0518
0.104248  72.5657
0.104492  73.051
0.104736  73.5106
0.10498  73.9471
0.105225  74.3626
0.105469  74.7592
0.105713  75.1385
0.105957  75.502
0.106201  75.8508
0.106445  76.1861
0.106689  76.509
0.106934  76.8203
0.107178  77.1209
0.107422  77.4113
0.107666  77.6924
0.10791  77.9647
0.108154  78.2287
0.108398  78.4849
0.108643  78.7338
0.108887  78.9757
0.109131  79.2111
0.109375  79.4403
0.109619  79.6635
0.109863  79.8812
0.110107  80.0936
0.110352  80.3009
0.110596  80.5033
0.11084  80.7012
0.111084  80.8946
0.111328  81.0838
0.111572  81.269
0.111816  81.4503
0.112061  81.628
0.112305  81.802
0.112549  81.9727
0.112793  82.14
0.113037  82.3042
0.113281  82.4653
0.113525  82.6235
0.11377  82.7789
0.114014  82.9316
0.114258  83.0816
0.114502  83.229
0.114746  83.374
0.11499  83.5166
0.115234  83.657
0.115479  83.7951
0.115723  83.931
0.115967  84.0648
0.116211  84.1966
0.116455  84.3264
0.116699  84.4543
0.116943  84.5804
0.117188  84.7047
0.117432  84.8272
0.117676  84.948
0.11792  85.0671
0.118164  85.1846
0.118408  85.3006
0.118652  85.415
0.118896  85.528
0.119141  85.6395
0.119385  85.7496
0.119629  85.8583
0.119873  85.9656
0.120117  86.0717
0.120361  86.1765
0.120605  86.28
0.12085  86.3823
0.121094  86.4834
0.121338  86.5833
0.121582  86.6822
0.121826  86.7798
0.12207  86.8765
0.122314  86.972
0.122559  87.0665
0.122803  87.16
0.123047  87.2525
0.123291  87.344
0.123535  87.4346
0.123779  87.5242
0.124023  87.613
0.124268  87.7008
0.124512  87.7877
0.124756  87.8738
0.125  87.959
0.125244  88.0435
0.125488  88.1271
0.125732  88.2099
0.125977  88.2919
0.126221  88.3731
0.126465  88.4536
0.126709  88.5334
0.126953  88.6124
0.127197  88.6907
0.127441  88.7683
0.127686  88.8453
0.12793  88.9215
0.128174  88.9971
0.128418  89.0721
0.128662  89.1464
0.128906  89.22
0.12915  89.2931
0.129395  89.3655
0.129639  89.4374
0.129883  89.5086
0.130127  89.5793
0.130371  89.6494
0.130615  89.7189
0.130859  89.7879
0.131104  89.8564
0.131348  89.9243
0.131592  89.9917
0.131836  90.0585
0.13208  90.1249
0.132324  90.1907
0.132568  90.2561
0.132812  90.321
0.133057  90.3853
0.133301  90.4493
0.133545  90.5127
0.133789  90.5757
0.134033  90.6382
0.134277  90.7003
0.134521  90.7619
0.134766  90.8232
0.13501  90.8839
0.135254  90.9443
0.135498  91.0042
0.135742  91.0638
0.135986  91.1229
0.13623  91.1816
0.136475  91.24
0.136719  91.2979
0.136963  91.3555
0.137207  91.4126
0.137451  91.4694
0.137695  91.5259
0.137939  91.582
0.138184  91.6377
0.138428  91.693
0.138672  91.748
0.138916  91.8027
0.13916  91.857
0.139404  91.911
0.139648  91.9646
0.139893  92.018
0.140137  92.071
0.140381  92.1236
0.140625  92.176
0.140869  92.228
0.141113  92.2798
0.141357  92.3312
0.141602  92.3823
0.141846  92.4331
0.14209  92.4837
0.142334  92.5339
0.142578  92.5838
0.142822  92.6335
0.143066  92.6829
0.143311  92.732
0.143555  92.7808
0.143799  92.8294
0.144043  92.8776
0.144287  92.9256
0.144531  92.9734
0.144775  93.0209
0.14502  93.0681
0.145264  93.1151
0.145508  93.1618
0.145752  93.2083
0.145996  93.2545
0.14624  93.3005
0.146484  93.3462
0.146729  93.3917
0.146973  93.437
0.147217  93.482
0.147461  93.5268
0.147705  93.5714
0.147949  93.6157
0.148193  93.6598
0.148438  93.7037
0.148682  93.7474
0.148926  93.7908
0.14917  93.8341
0.149414  93.8771
0.149658  93.9199
0.149902  93.9625
0.150146  94.0049
0.150391  94.0471
0.150635  94.0891
0.150879  94.1308
0.151123  94.1724
0.151367  94.2138
0.151611  94.255
0.151855  94.296
0.1521  94.3368
0.152344  94.3774
0.152588  94.4178
0.152832  94.458
0.153076  94.4981
0.15332  94.5379
0.153564  94.5776
0.153809  94.6171
0.154053  94.6564
0.154297  94.6956
0.154541  94.7345
0.154785  94.7733
0.155029  94.8119
0.155273  94.8504
0.155518  94.8887
0.155762  94.9268
0.156006  94.9647
0.15625  95.0025
0.156494  95.0401
0.156738  95.0776
0.156982  95.1149
0.157227  95.152
0.157471  95.189
0.157715  95.2258
0.157959  95.2625
0.158203  95.299
0.158447  95.3353
0.158691  95.3715
0.158936  95.4076
0.15918  95.4435
0.159424  95.4793
0.159668  95.5149
0.159912  95.5503
0.160156  95.5857
0.1604  95.6208
0.160645  95.6559
0.160889  95.6908
0.161133  95.7255
0.161377  95.7602
0.161621  95.7946
0.161865  95.829
0.162109  95.8632
0.162354  95.8973
0.162598  95.9312
0.162842  95.965
0.163086  95.9987
0.16333  96.0322
0.163574  96.0657
0.163818  96.0989
0.164062  96.1321
0.164307  96.1652
0.164551  96.1981
0.164795  96.2309
0.165039  96.2635
0.165283  96.2961
0.165527  96.3285
0.165771  96.3608
0.166016  96.393
0.16626  96.425
0.166504  96.457
0.166748  96.4888
0.166992  96.5205
0.167236  96.5521
0.16748  96.5836
0.167725  96.615
0.167969  96.6462
0.168213  96.6774
0.168457  96.7084
0.168701  96.7393
0.168945  96.7701
0.169189  96.8008
0.169434  96.8314
0.169678  96.8619
0.169922  96.8923
0.170166  96.9226
0.17041  96.9527
0.170654  96.9828
0.170898  97.0128
0.171143  97.0426
0.171387  97.0724
0.171631  97.102
0.171875  97.1316
0.172119  97.161
0.172363  97.1904
0.172607  97.2196
0.172852  97.2488
0.173096  97.2779
0.17334  97.3068
0.173584  97.3357
0.173828  97.3645
0.174072  97.3931
0.174316  97.4217
0.174561  97.4502
0.174805  97.4786
0.175049  97.5069
0.175293  97.5351
0.175537  97.5632
0.175781  97.5913
0.176025  97.6192
0.17627  97.647
0.176514  97.6748
0.176758  97.7025
0.177002  97.7301
0.177246  97.7575
0.17749  97.785
0.177734  97.8123
0.177979  97.8395
0.178223  97.8667
0.178467  97.8937
0.178711  97.9207
0.178955  97.9476
0.179199  97.9744
0.179443  98.0012
0.179688  98.0278
0.179932  98.0544
0.180176  98.0809
0.18042  98.1073
0.180664  98.1336
0.180908  98.1599
0.181152  98.186
0.181396  98.2121
0.181641  98.2381
0.181885  98.2641
0.182129  98.2899
0.182373  98.3157
0.182617  98.3414
0.182861  98.367
0.183105  98.3926
0.18335  98.4181
0.183594  98.4435
0.183838  98.4688
0.184082  98.4941
0.184326  98.5193
0.18457  98.5444
0.184814  98.5694
0.185059  98.5944
0.185303  98.6193
0.185547  98.6441
0.185791  98.6688
0.186035  98.6935
0.186279  98.7181
0.186523  98.7427
0.186768  98.7672
0.187012  98.7916
0.187256  98.8159
0.1875  98.8402
0.187744  98.8644
0.187988  98.8885
0.188232  98.9126
0.188477  98.9366
0.188721  98.9605
0.188965  98.9844
0.189209  99.0082
0.189453  99.0319
0.189697  99.0556
0.189941  99.0792
0.190186  99.1027
0.19043  99.1262
0.190674  99.1496
0.190918  99.173
0.191162  99.1963
0.191406  99.2195
0.19165  99.2427
0.191895  99.2658
0.192139  99.2888
0.192383  99.3118
0.192627  99.3347
0.192871  99.3576
0.193115  99.3804
0.193359  99.4032
0.193604  99.4258
0.193848  99.4485
0.194092  99.471
0.194336  99.4935
0.19458  99.516
0.194824  99.5384
0.195068  99.5607
0.195312  99.583
0.195557  99.6052
0.195801  99.6274
0.196045  99.6495
0.196289  99.6715
0.196533  99.6935
0.196777  99.7155
0.197021  99.7374
0.197266  99.7592
0.19751  99.781
0.197754  99.8027
0.197998  99.8243
0.198242  99.8455
0.198486  99.8596
0.19873  99.8355
0.198975  99.693
0.199219  99.2904
0.199463  98.4377
0.199707  96.9248
0.199951  94.5417
0.200195  91.0809
0.200439  86.3208
0.200684  79.9925
0.200928  71.72
0.201172  60.8976
0.201416  46.3689
0.20166  25.2713
0.201904  -8.57933
0.202148  -11.3425
0.202393  -25.8472
0.202637  -23.9763
0.202881  -12.8703
0.203125  -22.6642
0.203369  -11.7307
0.203613  -20.3843
0.203857  -13.0397
0.204102  -21.4111
0.204346  -15.0483
0.20459  -23.2958
0.204834  -17.3048
0.205078  -25.4754
0.205322  -19.6542
0.205566  -27.761
0.205811  -22.0416
0.206055  -30.0836
0.206299  -24.4541
0.206543  -32.4226
0.206787  -26.9007
0.207031  -34.7807
0.207275  -29.4054
0.20752  -37.1753
0.207764  -32.0068
0.208008  -39.6359
0.208252  -34.7648
0.208496  -42.2075
0.20874  -37.774
0.208984  -44.9575
0.209229  -41.1997
0.209473  -47.9964
0.209717  -45.3718
0.209961  -51.5215
0.210205  -51.1029
0.210449  -55.9509
0.210693  -60.2999
0.210938  -62.3967
0.211182  -57.1111
0.211426  -71.2913
0.21167  -51.6226
0.211914  -64.1667
0.212158  -48.7088
0.212402  -59.5545
0.212646  -46.9072
0.212891  -56.9603
0.213135  -45.6971
0.213379  -55.2853
0.213623  -44.8469
0.213867  -54.1188
0.214111  -44.2358
0.214355  -53.2704
0.2146  -43.7928
0.214844  -52.6366
0.215088  -43.4733
0.215332  -52.1547
0.215576  -43.2474
0.21582  -51.7858
0.216064  -43.0941
0.216309  -51.5017
0.216553  -42.9986
0.216797  -51.2842
0.217041  -42.9494
0.217285  -51.1187
0.217529  -42.9385
0.217773  -50.9956
0.218018  -42.9587
0.218262  -50.9058
0.218506  -43.0057
0.21875  -50.8446
0.218994  -43.0746
0.219238  -50.8054
0.219482  -43.1629
0.219727  -50.7861
0.219971  -43.2671
0.220215  -50.7817
0.220459  -43.386
0.220703  -50.7913
0.220947  -43.517
0.221191  -50.8112
0.221436  -43.6593
0.22168  -50.8411
0.221924  -43.8111
0.222168  -50.8782
0.222412  -43.9718
0.222656  -50.9224
0.2229  -44.1402
0.223145  -50.9713
0.223389  -44.3162
0.223633  -51.0256
0.223877  -44.4984
0.224121  -51.0828
0.224365  -44.6871
0.224609  -51.1438
0.224854  -44.8813
0.225098  -51.2067
0.225342  -45.0811
0.225586  -51.2721
0.22583  -45.2859
0.226074  -51.3387
0.226318  -45.4959
0.226562  -51.4066
0.226807  -45.7106
0.227051  -51.4753
0.227295  -45.9301
0.227539  -51.5446
0.227783  -46.1542
0.228027  -51.6139
0.228271  -46.3832
0.228516  -51.6837
0.22876  -46.6165
0.229004  -51.7527
0.229248  -46.8549
0.229492  -51.8221
0.229736  -47.0976
0.22998  -51.8901
0.230225  -47.3458
0.230469  -51.9584
0.230713  -47.5985
0.230957  -52.025
0.231201  -47.857
0.231445  -52.0914
0.231689  -48.1204
0.231934  -52.1563
0.232178  -48.3898
0.232422  -52.2205
0.232666  -48.665
0.23291  -52.2831
0.233154  -48.9466
0.233398  -52.3448
0.233643  -49.2345
0.233887  -52.4048
0.234131  -49.5298
0.234375  -52.464
0.234619  -49.8321
0.234863  -52.5209
0.235107  -50.1428
0.235352  -52.5771
0.235596  -50.4614
0.23584  -52.6312
0.236084  -50.7895
0.236328  -52.6841
0.236572  -51.1271
0.236816  -52.7351
0.237061  -51.4753
0.237305  -52.7845
0.237549  -51.8348
0.237793  -52.8323
0.238037  -52.2066
0.238281  -52.8783
0.238525  -52.5919
0.23877  -52.9227
0.239014  -52.9915
0.239258  -52.965
0.239502  -53.4076
0.239746  -53.006
0.23999  -53.8406
0.240234  -53.0445
0.240479  -54.2938
0.240723  -53.082
0.240967  -54.7677
0.241211  -53.1167
0.241455  -55.2666
0.241699  -53.1505
0.241943  -55.7912
0.242188  -53.1815
0.242432  -56.3475
0.242676  -53.2116
0.24292  -56.9368
0.243164  -53.2387
0.243408  -57.5672
0.243652  -53.265
0.243896  -58.2413
0.244141  -53.2882
0.244385  -58.971
0.244629  -53.3109
0.244873  -59.7606
0.245117  -53.3299
0.245361  -60.6293
0.245605  -53.3489
0.24585  -61.5854
0.246094  -53.3639
0.246338  -62.6608
0.246582  -53.3789
0.246826  -63.8768
0.24707  -53.3903
0.247314  -65.29
0.247559  -53.4009
0.247803  -66.9625
0.248047  -53.4088
0.248291  -69.021
0.248535  -53.4151
0.248779  -71.6714
0.249023  -53.4194
0.249268  -75.3247
0.249512  -53.4214
0.249756  -80.3784
0.25  -53.4219
0.250244  -81.2895
0.250488  -53.4199
0.250732  -76.1587
0.250977  -53.4164
0.251221  -72.2596
0.251465  -53.4104
0.251709  -69.4577
0.251953  -53.403
0.252197  -67.3128
0.252441  -53.393
0.252686  -65.576
0.25293  -53.3817
0.253174  -64.1244
0.253418  -53.3676
0.253662  -62.8725
0.253906  -53.3525
0.25415  -61.7767
0.254395  -53.3344
0.254639  -60.7977
0.254883  -53.3153
0.255127  -59.9163
0.255371  -53.2933
0.255615  -59.1112
0.255859  -53.2703
0.256104  -58.3726
0.256348  -53.2445
0.256592  -57.6876
0.256836  -53.2174
0.25708  -57.0505
0.257324  -53.1878
0.257568  -56.4531
0.257812  -53.1568
0.258057  -55.8916
0.258301  -53.1236
0.258545  -55.3608
0.258789  -53.0886
0.259033  -54.8578
0.259277  -53.0516
0.259521  -54.379
0.259766  -53.0129
0.26001  -53.9225
0.260254  -52.9722
0.260498  -53.4855
0.260742  -52.9297
0.260986  -53.0666
0.26123  -52.8855
0.261475  -52.6639
0.261719  -52.8393
0.261963  -52.276
0.262207  -52.7915
0.262451  -51.9018
0.262695  -52.7418
0.262939  -51.54
0.263184  -52.6905
0.263428  -51.1898
0.263672  -52.6375
0.263916  -50.8502
0.26416  -52.5828
0.264404  -50.5205
0.264648  -52.5265
0.264893  -50.1999
0.265137  -52.4687
0.265381  -49.8881
0.265625  -52.4092
0.265869  -49.584
0.266113  -52.3486
0.266357  -49.2877
0.266602  -52.2861
0.266846  -48.9982
0.26709  -52.2226
0.267334  -48.7156
0.267578  -52.1576
0.267822  -48.4393
0.268066  -52.0915
0.268311  -48.1689
0.268555  -52.0243
0.268799  -47.9043
0.269043  -51.956
0.269287  -47.6452
0.269531  -51.8868
0.269775  -47.3913
0.27002  -51.8168
0.270264  -47.1426
0.270508  -51.7461
0.270752  -46.8988
0.270996  -51.6749
0.27124  -46.6598
0.271484  -51.6033
0.271729  -46.4256
0.271973  -51.5315
0.272217  -46.1961
0.272461  -51.4599
0.272705  -45.9713
0.272949  -51.3884
0.273193  -45.7511
0.273438  -51.3176
0.273682  -45.5358
0.273926  -51.2473
0.27417  -45.3252
0.274414  -51.1787
0.274658  -45.1198
0.274902  -51.1112
0.275146  -44.9194
0.275391  -51.046
0.275635  -44.7246
0.275879  -50.9832
0.276123  -44.5354
0.276367  -50.9236
0.276611  -44.3525
0.276855  -50.8678
0.2771  -44.1761
0.277344  -50.8167
0.277588  -44.007
0.277832  -50.7709
0.278076  -43.8457
0.27832  -50.7321
0.278564  -43.6933
0.278809  -50.7009
0.279053  -43.5505
0.279297  -50.6795
0.279541  -43.4187
0.279785  -50.669
0.280029  -43.2993
0.280273  -50.6723
0.280518  -43.1941
0.280762  -50.6914
0.281006  -43.1051
0.28125  -50.7301
0.281494  -43.0352
0.281738  -50.792
0.281982  -42.9873
0.282227  -50.8825
0.282471  -42.9658
0.282715  -51.0073
0.282959  -42.9755
0.283203  -51.1754
0.283447  -43.0232
0.283691  -51.3966
0.283936  -43.1168
0.28418  -51.6861
0.284424  -43.2679
0.284668  -52.0629
0.284912  -43.491
0.285156  -52.5554
0.2854  -43.807
0.285645  -53.205
0.285889  -44.2455
0.286133  -54.0764
0.286377  -44.8505
0.286621  -55.2786
0.286865  -45.6918
0.287109  -57.0151
0.287354  -46.8886
0.287598  -59.7281
0.287842  -48.6673
0.288086  -64.6242
0.28833  -51.535
0.288574  -70.7618
0.288818  -56.9127
0.289062  -61.4975
0.289307  -60.609
0.289551  -55.3419
0.289795  -51.334
0.290039  -51.0314
0.290283  -45.532
0.290527  -47.5669
0.290771  -41.3284
0.291016  -44.5648
0.29126  -37.8859
0.291504  -41.8386
0.291748  -34.8662
0.291992  -39.2838
0.292236  -32.1015
0.29248  -36.8355
0.292725  -29.4953
0.292969  -34.4501
0.293213  -26.9873
0.293457  -32.0992
0.293701  -24.5383
0.293945  -29.7655
0.294189  -22.1239
0.294434  -27.4467
0.294678  -19.7351
0.294922  -25.1626
0.295166  -17.3842
0.29541  -22.981
0.295654  -15.1255
0.295898  -21.0856
0.296143  -13.1127
0.296387  -20.0226
0.296631  -11.7925
0.296875  -22.1234
0.297119  -12.8869
0.297363  -24.5644
0.297607  -26.789
0.297852  -11.2473
0.298096  -8.69511
0.29834  25.2073
0.298584  46.2732
0.298828  60.7675
0.299072  71.5528
0.299316  79.7828
0.299561  86.0608
0.299805  90.7593
0.300049  94.1431
0.300293  96.4289
0.300537  97.8193
0.300781  98.5208
0.301025  98.744
0.30127  98.6845
0.301514  98.4929
0.301758  98.2576
0.302002  98.0139
0.302246  97.7698
0.30249  97.5257
0.302734  97.2815
0.302979  97.0374
0.303223  96.7932
0.303467  96.5491
0.303711  96.305
0.303955  96.0609
0.304199  95.8167
0.304443  95.5725
0.304688  95.3284
0.304932  95.0843
0.305176  94.8401
0.30542  94.596
0.305664  94.3518
0.305908  94.1077
0.306152  93.8636
0.306396  93.6194
0.306641  93.3753
0.306885  93.1311
0.307129  92.887
0.307373  92.6428
0.307617  92.3987
0.307861  92.1546
0.308105  91.9104
0.30835  91.6663
0.308594  91.4222
0.308838  91.178
0.309082  90.9339
0.309326  90.6897
0.30957  90.4456
0.309814  90.2014
0.310059  89.9573
0.310303  89.7132
0.310547  89.469
0.310791  89.2249
0.311035  88.9807
0.311279  88.7366
0.311523  88.4925
0.311768  88.2483
0.312012  88.0042
0.312256  87.76
0.3125  87.5159
0.312744  87.2718
0.312988  87.0276
0.313232  86.7835
0.313477  86.5393
0.313721  86.2952
0.313965  86.0511
0.314209  85.8069
0.314453  85.5628
0.314697  85.3186
0.314941  85.0745
0.315186  84.8304
0.31543  84.5862
0.315674  84.3421
0.315918  84.0979
0.316162  83.8538
0.316406  83.6097
0.31665  83.3655
0.316895  83.1214
0.317139  82.8772
0.317383  82.6331
0.317627  82.3889
0.317871  82.1448
0.318115  81.9007
0.318359  81.6565
0.318604  81.4124
0.318848  81.1682
0.319092  80.9241
0.319336  80.68
0.31958  80.4358
0.319824  80.1917
0.320068  79.9476
0.320312  79.7034
0.320557  79.4593
0.320801  79.2151
0.321045  78.971
0.321289  78.7268
0.321533  78.4827
0.321777  78.2386
0.322021  77.9944
0.322266  77.7503
0.32251  77.5061
0.322754  77.262
0.322998  77.0179
0.323242  76.7737
0.323486  76.5296
0.32373  76.2854
0.323975  76.0413
0.324219  75.7971
0.324463  75.553
0.324707  75.3089
0.324951  75.0647
0.325195  74.8206
0.325439  74.5764
0.325684  74.3323
0.325928  74.0882
0.326172  73.844
0.326416  73.5999
0.32666  73.3558
0.326904  73.1116
0.327148  72.8675
0.327393  72.6233
0.327637  72.3792
0.327881  72.1351
0.328125  71.8909
0.328369  71.6467
0.328613  71.4026
0.328857  71.1585
0.329102  70.9143
0.329346  70.6702
0.32959  70.4261
0.329834  70.1819
0.330078  69.9378
0.330322  69.6936
0.330566  69.4495
0.330811  69.2054
0.331055  68.9612
0.331299  68.717
0.331543  68.4729
0.331787  68.2288
0.332031  67.9846
0.332275  67.7405
0.33252  67.4964
0.332764  67.2523
0.333008  67.0081
0.333252  66.7639
0.333496  66.5198
0.33374  66.2757
0.333984  66.0315
0.334229  65.7873
0.334473  65.5433
0.334717  65.2991
0.334961  65.0549
0.335205  64.8108
0.335449  64.5667
0.335693  64.3226
0.335938  64.0784
0.336182  63.8342
0.336426  63.5901
0.33667  63.346
0.336914  63.1018
0.337158  62.8576
0.337402  62.6136
0.337646  62.3695
0.337891  62.1253
0.338135  61.8811
0.338379  61.637
0.338623  61.3929
0.338867  61.1487
0.339111  60.9045
0.339355  60.6605
0.3396  60.4164
0.339844  60.1721
0.340088  59.9279
0.340332  59.6839
0.340576  59.4398
0.34082  59.1956
0.341064  58.9514
0.341309  58.7073
0.341553  58.4633
0.341797  58.219
0.342041  57.9748
0.342285  57.7308
0.342529  57.4867
0.342773  57.2424
0.343018  56.9982
0.343262  56.7542
0.343506  56.5101
0.34375  56.2659
0.343994  56.0217
0.344238  55.7777
0.344482  55.5336
0.344727  55.2893
0.344971  55.0451
0.345215  54.8011
0.345459  54.557
0.345703  54.3127
0.345947  54.0685
0.346191  53.8246
0.346436  53.5805
0.34668  53.3362
0.346924  53.0919
0.347168  52.848
0.347412  52.6039
0.347656  52.3596
0.3479  52.1154
0.348145  51.8714
0.348389  51.6274
0.348633  51.383
0.348877  51.1388
0.349121  50.8949
0.349365  50.6508
0.349609  50.4064
0.349854  50.1622
0.350098  49.9183
0.350342  49.6743
0.350586  49.4299
0.35083  49.1856
0.351074  48.9418
0.351318  48.6978
0.351562  48.4533
0.351807  48.209
0.352051  47.9652
0.352295  47.7212
0.352539  47.4767
0.352783  47.2324
0.353027  46.9887
0.353271  46.7447
0.353516  46.5002
0.35376  46.2559
0.354004  46.0121
0.354248  45.7682
0.354492  45.5236
0.354736  45.2793
0.35498  45.0356
0.355225  44.7916
0.355469  44.547
0.355713  44.3027
0.355957  44.059
0.356201  43.8151
0.356445  43.5704
0.356689  43.3261
0.356934  43.0825
0.357178  42.8386
0.357422  42.5938
0.357666  42.3495
0.35791  42.1059
0.358154  41.862
0.358398  41.6173
0.358643  41.3729
0.358887  41.1294
0.359131  40.8855
0.359375  40.6407
0.359619  40.3963
0.359863  40.1529
0.360107  39.909
0.360352  39.6641
0.360596  39.4196
0.36084  39.1763
0.361084  38.9325
0.361328  38.6875
0.361572  38.443
0.361816  38.1998
0.362061  37.956
0.362305  37.7109
0.362549  37.4664
0.362793  37.2233
0.363037  36.9795
0.363281  36.7343
0.363525  36.4898
0.36377  36.2467
0.364014  36.003
0.364258  35.7577
0.364502  35.5131
0.364746  35.2702
0.36499  35.0265
0.365234  34.7811
0.365479  34.5365
0.365723  34.2937
0.365967  34.0501
0.366211  33.8045
0.366455  33.5598
0.366699  33.3172
0.366943  33.0736
0.367188  32.8279
0.367432  32.5831
0.367676  32.3407
0.36792  32.0972
0.368164  31.8513
0.368408  31.6065
0.368652  31.3642
0.368896  31.1207
0.369141  30.8746
0.369385  30.6298
0.369629  30.3877
0.369873  30.1443
0.370117  29.898
0.370361  29.6531
0.370605  29.4112
0.37085  29.1679
0.371094  28.9213
0.371338  28.6763
0.371582  28.4347
0.371826  28.1915
0.37207  27.9447
0.372314  27.6996
0.372559  27.4583
0.372803  27.2151
0.373047  26.968
0.373291  26.7228
0.373535  26.4818
0.373779  26.2387
0.374023  25.9913
0.374268  25.7461
0.374512  25.5054
0.374756  25.2624
0.375  25.0146
0.375244  24.7693
0.375488  24.529
0.375732  24.2861
0.375977  24.0379
0.376221  23.7924
0.376465  23.5525
0.376709  23.3098
0.376953  23.0612
0.377197  22.8156
0.377441  22.5762
0.377686  22.3336
0.37793  22.0845
0.378174  21.8387
0.378418  21.5998
0.378662  21.3573
0.378906  21.1077
0.37915  20.8618
0.379395  20.6234
0.379639  20.3812
0.379883  20.1309
0.380127  19.8848
0.380371  19.6471
0.380615  19.405
0.380859  19.1541
0.381104  18.9078
0.381348  18.6708
0.381592  18.4289
0.381836  18.1772
0.38208  17.9308
0.382324  17.6946
0.382568  17.4529
0.382812  17.2004
0.383057  16.9537
0.383301  16.7183
0.383545  16.4769
0.383789  16.2234
0.384033  15.9765
0.384277  15.7422
0.384521  15.5009
0.384766  15.2465
0.38501  14.9993
0.385254  14.766
0.385498  14.525
0.385742  14.2695
0.385986  14.022
0.38623  13.7899
0.386475  13.5493
0.386719  13.2924
0.386963  13.0446
0.387207  12.8139
0.387451  12.5735
0.387695  12.3153
0.387939  12.0672
0.388184  11.8379
0.388428  11.5979
0.388672  11.3381
0.388916  11.0896
0.38916  10.862
0.389404  10.6224
0.389648  10.3608
0.389893  10.112
0.390137  9.88618
0.390381  9.64698
0.390625  9.3835
0.390869  9.13418
0.391113  8.91044
0.391357  8.67169
0.391602  8.40606
0.391846  8.15628
0.39209  7.9348
0.392334  7.69654
0.392578  7.42852
0.392822  7.17822
0.393066  6.95927
0.393311  6.72155
0.393555  6.45087
0.393799  6.20001
0.394043  5.98387
0.394287  5.74671
0.394531  5.47308
0.394775  5.22162
0.39502  5.0086
0.395264  4.77207
0.395508  4.49514
0.395752  4.24303
0.395996  4.03348
0.39624  3.79763
0.396484  3.51704
0.396729  3.26422
0.396973  3.05854
0.397217  2.82342
0.397461  2.53878
0.397705  2.28518
0.397949  2.08375
0.398193  1.84931
0.398438  1.55632
0.398682  1.2738
0.398926  0.964985
0.39917  0.4166
0.399414  -0.576007
0.399658  -2.11602
0.399902  -4.35694
0.400146  -7.64211
0.400391  -12.3708
0.400635  -18.6062
0.400879  -25.8004
0.401123  -34.5984
0.401367  -64.5854
0.401611  -49.4834
0.401855  -52.027
0.4021  -48.7063
0.402344  -52.0547
0.402588  -48.7587
0.402832  -52.0632
0.403076  -48.8096
0.40332  -52.0637
0.403564  -48.8563
0.403809  -52.0628
0.404053  -48.9021
0.404297  -52.0608
0.404541  -48.9474
0.404785  -52.0596
0.405029  -48.9932
0.405273  -52.0577
0.405518  -49.0387
0.405762  -52.0565
0.406006  -49.0846
0.40625  -52.055
0.406494  -49.1305
0.406738  -52.0536
0.406982  -49.1765
0.407227  -52.0522
0.407471  -49.2226
0.407715  -52.0506
0.407959  -49.2687
0.408203  -52.0492
0.408447  -49.315
0.408691  -52.0474
0.408936  -49.3612
0.40918  -52.0457
0.409424  -49.4076
0.409668  -52.0438
0.409912  -49.4539
0.410156  -52.0418
0.4104  -49.5003
0.410645  -52.0397
0.410889  -49.5469
0.411133  -52.0374
0.411377  -49.5933
0.411621  -52.0352
0.411865  -49.64
0.412109  -52.0327
0.412354  -49.6866
0.412598  -52.0302
0.412842  -49.7334
0.413086  -52.0275
0.41333  -49.7801
0.413574  -52.0248
0.413818  -49.827
0.414062  -52.0218
0.414307  -49.8739
0.414551  -52.0189
0.414795  -49.921
0.415039  -52.0157
0.415283  -49.968
0.415527  -52.0126
0.415771  -50.0153
0.416016  -52.0092
0.41626  -50.0625
0.416504  -52.0058
0.416748  -50.1098
0.416992  -52.0023
0.417236  -50.1573
0.41748  -51.9986
0.417725  -50.2048
0.417969  -51.9951
0.418213  -50.2526
0.418457  -51.991
0.418701  -50.3002
0.418945  -51.9873
0.419189  -50.3482
0.419434  -51.9831
0.419678  -50.396
0.419922  -51.9791
0.420166  -50.4442
0.42041  -51.9748
0.420654  -50.4924
0.420898  -51.9706
0.421143  -50.5408
0.421387  -51.9661
0.421631  -50.5892
0.421875  -51.9617
0.422119  -50.6379
0.422363  -51.957
0.422607  -50.6865
0.422852  -51.9525
0.423096  -50.7356
0.42334  -51.9475
0.423584  -50.7844
0.423828  -51.9429
0.424072  -50.8338
0.424316  -51.9377
0.424561  -50.883
0.424805  -51.933
0.425049  -50.9327
0.425293  -51.9277
0.425537  -50.9822
0.425781  -51.9226
0.426025  -51.0321
0.42627  -51.9173
0.426514  -51.0821
0.426758  -51.912
0.427002  -51.1323
0.427246  -51.9067
0.42749  -51.1828
0.427734  -51.9011
0.427979  -51.2333
0.428223  -51.8957
0.428467  -51.2841
0.428711  -51.89
0.428955  -51.335
0.429199  -51.8844
0.429443  -51.3863
0.429688  -51.8785
0.429932  -51.4375
0.430176  -51.8729
0.43042  -51.4894
0.430664  -51.8668
0.430908  -51.541
0.431152  -51.8611
0.431396  -51.5932
0.431641  -51.8549
0.431885  -51.6454
0.432129  -51.849
0.432373  -51.6981
0.432617  -51.8427
0.432861  -51.7507
0.433105  -51.8367
0.43335  -51.8039
0.433594  -51.8303
0.433838  -51.857
0.434082  -51.8242
0.434326  -51.9107
0.43457  -51.8176
0.434814  -51.9644
0.435059  -51.8114
0.435303  -52.0187
0.435547  -51.8048
0.435791  -52.0729
0.436035  -51.7985
0.436279  -52.1277
0.436523  -51.7918
0.436768  -52.1825
0.437012  -51.7853
0.437256  -52.238
0.4375  -51.7786
0.437744  -52.2935
0.437988  -51.7719
0.438232  -52.3494
0.438477  -51.7652
0.438721  -52.4056
0.438965  -51.7585
0.439209  -52.4623
0.439453  -51.7515
0.439697  -52.519
0.439941  -51.7449
0.440186  -52.5765
0.44043  -51.7378
0.440674  -52.6339
0.440918  -51.7311
0.441162  -52.6921
0.441406  -51.7239
0.44165  -52.7502
0.441895  -51.7172
0.442139  -52.8092
0.442383  -51.7099
0.442627  -52.8681
0.442871  -51.7031
0.443115  -52.9279
0.443359  -51.6958
0.443604  -52.9876
0.443848  -51.6889
0.444092  -53.0482
0.444336  -51.6816
0.44458  -53.1087
0.444824  -51.6747
0.445068  -53.1702
0.445312  -51.6673
0.445557  -53.2316
0.445801  -51.6603
0.446045  -53.294
0.446289  -51.6529
0.446533  -53.3564
0.446777  -51.6458
0.447021  -53.4196
0.447266  -51.6385
0.44751  -53.4831
0.447754  -51.6313
0.447998  -53.5473
0.448242  -51.624
0.448486  -53.6117
0.44873  -51.6168
0.448975  -53.6769
0.449219  -51.6095
0.449463  -53.7426
0.449707  -51.6021
0.449951  -53.8087
0.450195  -51.5949
0.450439  -53.8756
0.450684  -51.5875
0.450928  -53.9428
0.451172  -51.5803
0.451416  -54.0109
0.45166  -51.5729
0.451904  -54.0793
0.452148  -51.5657
0.452393  -54.1486
0.452637  -51.5583
0.452881  -54.2182
0.453125  -51.5511
0.453369  -54.2888
0.453613  -51.5437
0.453857  -54.3597
0.454102  -51.5365
0.454346  -54.4316
0.45459  -51.5292
0.454834  -54.504
0.455078  -51.522
0.455322  -54.5773
0.455566  -51.5146
0.455811  -54.651
0.456055  -51.5075
0.456299  -54.7259
0.456543  -51.5001
0.456787  -54.801
0.457031  -51.4932
0.457275  -54.8776
0.45752  -51.4857
0.457764  -54.9542
0.458008  -51.4788
0.458252  -55.0324
0.458496  -51.4715
0.45874  -55.1107
0.458984  -51.4646
0.459229  -55.1906
0.459473  -51.4573
0.459717  -55.2707
0.459961  -51.4505
0.460205  -55.3523
0.460449  -51.4433
0.460693  -55.4343
0.460938  -51.4364
0.461182  -55.5178
0.461426  -51.4294
0.46167  -55.6017
0.461914  -51.4226
0.462158  -55.6871
0.462402  -51.4157
0.462646  -55.7733
0.462891  -51.4088
0.463135  -55.8606
0.463379  -51.4021
0.463623  -55.949
0.463867  -51.3954
0.464111  -56.0385
0.464355  -51.3887
0.4646  -56.1292
0.464844  -51.3821
0.465088  -56.2211
0.465332  -51.3755
0.465576  -56.3141
0.46582  -51.369
0.466064  -56.4084
0.466309  -51.3626
0.466553  -56.504
0.466797  -51.3562
0.467041  -56.6009
0.467285  -51.3498
0.467529  -56.6992
0.467773  -51.3436
0.468018  -56.7989
0.468262  -51.3374
0.468506  -56.9
0.46875  -51.3313
0.468994  -57.0026
0.469238  -51.3253
0.469482  -57.1068
0.469727  -51.3193
0.469971  -57.2124
0.470215  -51.3134
0.470459  -57.3198
0.470703  -51.3076
0.470947  -57.4287
0.471191  -51.3019
0.471436  -57.5395
0.47168  -51.2963
0.471924  -57.652
0.472168  -51.2908
0.472412  -57.7663
0.472656  -51.2854
0.4729  -57.8827
0.473145  -51.2799
0.473389  -58.0007
0.473633  -51.2748
0.473877  -58.1212
0.474121  -51.2696
0.474365  -58.2433
0.474609  -51.2647
0.474854  -58.3681
0.475098  -51.2596
0.475342  -58.4946
0.475586  -51.2549
0.47583  -58.6238
0.476074  -51.2502
0.476318  -58.7552
0.476562  -51.2456
0.476807  -58.8892
0.477051  -51.2412
0.477295  -59.0259
0.477539  -51.2369
0.477783  -59.165
0.478027  -51.2327
0.478271  -59.3073
0.478516  -51.2286
0.47876  -59.452
0.479004  -51.2248
0.479248  -59.6003
0.479492  -51.2209
0.479736  -59.7512
0.47998  -51.2174
0.480225  -59.9057
0.480469  -51.2139
0.480713  -60.0634
0.480957  -51.2106
0.481201  -60.2248
0.481445  -51.2074
0.481689  -60.3899
0.481934  -51.2044
0.482178  -60.5587
0.482422  -51.2016
0.482666  -60.7319
0.48291  -51.1989
0.483154  -60.9088
0.483398  -51.1965
0.483643  -61.0908
0.483887  -51.1941
0.484131  -61.2768
0.484375  -51.1921
0.484619  -61.4682
0.484863  -51.1901
0.485107  -61.6643
0.485352  -51.1884
0.485596  -61.8662
0.48584  -51.1868
0.486084  -62.0733
0.486328  -51.1855
0.486572  -62.287
0.486816  -51.1843
0.487061  -62.5063
0.487305  -51.1835
0.487549  -62.7329
0.487793  -51.1828
0.488037  -62.9662
0.488281  -51.1823
0.488525  -63.2072
0.48877  -51.1821
0.489014  -63.4562
0.489258  -51.1821
0.489502  -63.7134
0.489746  -51.1823
0.48999  -63.9801
0.490234  -51.1828
0.490479  -64.256
0.490723  -51.1836
0.490967  -64.5427
0.491211  -51.1845
0.491455  -64.8402
0.491699  -51.1858
0.491943  -65.1499
0.492188  -51.1874
0.492432  -65.4724
0.492676  -51.1892
0.49292  -65.809
0.493164  -51.1913
0.493408  -66.1606
0.493652  -51.1938
0.493896  -66.5291
0.494141  -51.1964
0.494385  -66.9152
0.494629  -51.1995
0.494873  -67.3219
0.495117  -51.2028
0.495361  -67.7497
0.495605  -51.2065
0.49585  -68.2027
0.496094  -51.2104
0.496338  -68.682
0.496582  -51.2148
0.496826  -69.1926
0.49707  -51.2194
0.497314  -69.7368
0.497559  -51.2245
0.497803  -70.3208
0.498047  -51.2299
0.498291  -70.9494
0.498535  -51.2356
0.498779  -71.6306
0.499023  -51.2418
0.499268  -72.3725
0.499512  -51.2484
0.499756  -73.1883
0.5  -51.2553
0.500244  -74.0915
0.500488  -51.2626
0.500732  -75.1044
0.500977  -51.2704
0.501221  -76.2549
0.501465  -51.2786
0.501709  -77.5853
0.501953  -51.2873
0.502197  -79.1582
0.502441  -51.2964
0.502686  -81.0783
0.50293  -51.3059
0.503174  -83.5196
0.503418  -51.3161
0.503662  -86.8205
0.503906  -51.3265
0.50415  -91.3991
0.504395  -51.3377
0.504639  -94.1126
0.504883  -51.3491
0.505127  -89.623
0.505371  -51.3613
0.505615  -85.461
0.505859  -51.3739
0.506104  -82.4667
0.506348  -51.387
0.506592  -80.1913
0.506836  -51.4008
0.50708  -78.3643
0.507324  -51.4151
0.507568  -76.8429
0.507812  -51.43
0.508057  -75.5381
0.508301  -51.4455
0.508545  -74.3981
0.508789  -51.4617
0.509033  -73.383
0.509277  -51.4785
0.509521  -72.4716
0.509766  -51.4961
0.51001  -71.6398
0.510254  -51.514
0.510498  -70.8799
0.510742  -51.533
0.510986  -70.175
0.51123  -51.5525
0.511475  -69.5221
0.511719  -51.5729
0.511963  -68.9103
0.512207  -51.5938
0.512451  -68.3376
0.512695  -51.6157
0.512939  -67.7965
0.513184  -51.6382
0.513428  -67.2858
0.513672  -51.6617
0.513916  -66.8007
0.51416  -51.686
0.514404  -66.3397
0.514648  -51.7112
0.514893  -65.899
0.515137  -51.737
0.515381  -65.4795
0.515625  -51.7642
0.515869  -65.0753
0.516113  -51.7918
0.516357  -64.6897
0.516602  -51.8209
0.516846  -64.317
0.51709  -51.8505
0.517334  -63.9596
0.517578  -51.8815
0.517822  -63.6139
0.518066  -51.9133
0.518311  -63.2806
0.518555  -51.9463
0.518799  -62.9581
0.519043  -51.9804
0.519287  -62.6458
0.519531  -52.0155
0.519775  -62.3435
0.52002  -52.052
0.520264  -62.0498
0.520508  -52.0896
0.520752  -61.765
0.520996  -52.1285
0.52124  -61.488
0.521484  -52.1686
0.521729  -61.2186
0.521973  -52.2101
0.522217  -60.9564
0.522461  -52.253
0.522705  -60.7009
0.522949  -52.2973
0.523193  -60.452
0.523438  -52.343
0.523682  -60.209
0.523926  -52.3902
0.52417  -59.9722
0.524414  -52.4391
0.524658  -59.7404
0.524902  -52.4894
0.525146  -59.5147
0.525391  -52.5417
0.525635  -59.2932
0.525879  -52.5953
0.526123  -59.0773
0.526367  -52.651
0.526611  -58.8655
0.526855  -52.7083
0.5271  -58.6587
0.527344  -52.7678
0.527588  -58.4557
0.527832  -52.8289
0.528076  -58.2574
0.52832  -52.8924
0.528564  -58.0625
0.528809  -52.9577
0.529053  -57.872
0.529297  -53.0255
0.529541  -57.6848
0.529785  -53.0954
0.530029  -57.5015
0.530273  -53.1677
0.530518  -57.3216
0.530762  -53.2424
0.531006  -57.1451
0.53125  -53.3198
0.531494  -56.9718
0.531738  -53.3997
0.531982  -56.8018
0.532227  -53.4824
0.532471  -56.6349
0.532715  -53.5681
0.532959  -56.4709
0.533203  -53.6566
0.533447  -56.31
0.533691  -53.7483
0.533936  -56.1519
0.53418  -53.8432
0.534424  -55.9967
0.534668  -53.9416
0.534912  -55.844
0.535156  -54.0434
0.5354  -55.6943
0.535645  -54.1491
0.535889  -55.547
0.536133  -54.2584
0.536377  -55.4025
0.536621  -54.3721
0.536865  -55.2603
0.537109  -54.4898
0.537354  -55.1208
0.537598  -54.6121
0.537842  -54.9837
0.538086  -54.739
0.53833  -54.8489
0.538574  -54.8708
0.538818  -54.7167
0.539062  -55.008
0.539307  -54.5866
0.539551  -55.1503
0.539795  -54.4591
0.540039  -55.2988
0.540283  -54.3337
0.540527  -55.453
0.540771  -54.2108
0.541016  -55.614
0.54126  -54.09
0.541504  -55.7815
0.541748  -53.9716
0.541992  -55.9564
0.542236  -53.8553
0.54248  -56.139
0.542725  -53.7413
0.542969  -56.3298
0.543213  -53.6295
0.543457  -56.5293
0.543701  -53.52
0.543945  -56.7383
0.544189  -53.4126
0.544434  -56.957
0.544678  -53.3076
0.544922  -57.1868
0.545166  -53.2046
0.54541  -57.4278
0.545654  -53.1041
0.545898  -57.6816
0.546143  -53.0056
0.546387  -57.9486
0.546631  -52.9096
0.546875  -58.2305
0.547119  -52.8156
0.547363  -58.5281
0.547607  -52.7241
0.547852  -58.8434
0.548096  -52.6348
0.54834  -59.1775
0.548584  -52.548
0.548828  -59.5331
0.549072  -52.4634
0.549316  -59.9116
0.549561  -52.3813
0.549805  -60.3165
0.550049  -52.3015
0.550293  -60.7501
0.550537  -52.2243
0.550781  -61.2169
0.551025  -52.1496
0.55127  -61.7206
0.551514  -52.0775
0.551758  -62.2674
0.552002  -52.0079
0.552246  -62.8632
0.55249  -51.9411
0.552734  -63.5171
0.552979  -51.8769
0.553223  -64.2394
0.553467  -51.8156
0.553711  -65.044
0.553955  -51.7572
0.554199  -65.9502
0.554443  -51.7017
0.554688  -66.9829
0.554932  -51.6493
0.555176  -68.1799
0.55542  -51.5999
0.555664  -69.5966
0.555908  -51.5539
0.556152  -71.3215
0.556396  -51.5112
0.556641  -73.5106
0.556885  -51.4719
0.557129  -76.4592
0.557373  -51.4362
0.557617  -80.7941
0.557861  -51.4043
0.558105  -86.4553
0.55835  -51.3762
0.558594  -83.104
0.558838  -51.3522
0.559082  -77.7538
0.559326  -51.3324
0.55957  -74.1526
0.559814  -51.317
0.560059  -71.5185
0.560303  -51.3061
0.560547  -69.4505
0.560791  -51.3003
0.561035  -67.7436
0.561279  -51.2993
0.561523  -66.2903
0.561768  -51.3039
0.562012  -65.0204
0.562256  -51.314
0.5625  -63.8926
0.562744  -51.3302
0.562988  -62.8752
0.563232  -51.3526
0.563477  -61.9483
0.563721  -51.3819
0.563965  -61.0951
0.564209  -51.4181
0.564453  -60.3046
0.564697  -51.4622
0.564941  -59.5668
0.565186  -51.5143
0.56543  -58.8749
0.565674  -51.5752
0.565918  -58.2227
0.566162  -51.6456
0.566406  -57.6056
0.56665  -51.726
0.566895  -57.0197
0.567139  -51.8175
0.567383  -56.4613
0.567627  -51.9208
0.567871  -55.9283
0.568115  -52.0373
0.568359  -55.4175
0.568604  -52.1677
0.568848  -54.9278
0.569092  -52.314
0.569336  -54.4566
0.56958  -52.4772
0.569824  -54.0033
0.570068  -52.6597
0.570312  -53.5658
0.570557  -52.863
0.570801  -53.1438
0.571045  -53.0903
0.571289  -52.7356
0.571533  -53.344
0.571777  -52.3408
0.572021  -53.6281
0.572266  -51.9587
0.57251  -53.9467
0.572754  -51.5885
0.572998  -54.3051
0.573242  -51.23
0.573486  -54.71
0.57373  -50.8825
0.573975  -55.1692
0.574219  -50.5459
0.574463  -55.6936
0.574707  -50.2199
0.574951  -56.2965
0.575195  -49.9045
0.575439  -56.9968
0.575684  -49.5994
0.575928  -57.8196
0.576172  -49.3049
0.576416  -58.8017
0.57666  -49.0211
0.576904  -59.999
0.577148  -48.7481
0.577393  -61.5003
0.577637  -48.4866
0.577881  -63.4666
0.578125  -48.2367
0.578369  -66.2174
0.578613  -47.9997
0.578857  -70.5624
0.579102  -47.7756
0.579346  -78.6366
0.57959  -47.5664
0.579834  -74.4357
0.580078  -47.3726
0.580322  -67.4936
0.580566  -47.1967
0.580811  -63.2997
0.581055  -47.0397
0.581299  -60.2818
0.581543  -46.9051
0.581787  -57.891
0.582031  -46.7951
0.582275  -55.8904
0.58252  -46.714
0.582764  -54.1535
0.583008  -46.6663
0.583252  -52.6075
0.583496  -46.658
0.58374  -51.2055
0.583984  -46.6967
0.584229  -49.9167
0.584473  -46.7922
0.584717  -48.7191
0.584961  -46.9576
0.585205  -47.5974
0.585449  -47.2104
0.585693  -46.5403
0.585938  -47.5751
0.586182  -45.5395
0.586426  -48.0872
0.58667  -44.5895
0.586914  -48.8001
0.587158  -43.6865
0.587402  -49.8009
0.587646  -42.8285
0.587891  -51.2438
0.588135  -42.0151
0.588379  -53.4452
0.588623  -41.2477
0.588867  -57.2333
0.589111  -40.5297
0.589355  -66.3995
0.5896  -39.8667
0.589844  -62.9755
0.590088  -39.2675
0.590332  -53.7842
0.590576  -38.745
0.59082  -48.7118
0.591064  -38.318
0.591309  -45.0176
0.591553  -38.0149
0.591797  -42.0155
0.592041  -37.8785
0.592285  -39.4318
0.592529  -37.9788
0.592773  -37.131
0.593018  -38.4367
0.593262  -35.0387
0.593506  -39.4899
0.59375  -33.1118
0.593994  -41.7073
0.594238  -31.3266
0.594482  -47.1714
0.594727  -29.6728
0.594971  -55.7782
0.595215  -28.1514
0.595459  -39.5735
0.595703  -26.7752
0.595947  -32.4268
0.596191  -25.5728
0.596436  -27.0512
0.59668  -24.6053
0.596924  -22.2542
0.597168  -24.0218
0.597412  -17.445
0.597656  -24.1999
0.5979  -12.0333
0.598145  -23.1917
0.598389  -3.34433
0.598633  9.53085
0.598877  24.9437
0.599121  37.0014
0.599365  44.7451
0.599609  47.0142
0.599854  37.881
0.600098  61.283
0.600342  70.0082
0.600586  74.7932
0.60083  76.7012
0.601074  75.7942
0.601318  71.5665
0.601562  63.185
0.601807  57.6123
0.602051  64.6847
0.602295  69.0471
0.602539  69.4859
0.602783  68.1133
0.603027  68.2912
0.603271  70.4167
0.603516  71.8009
0.60376  71.6921
0.604004  71.3768
0.604248  72.2291
0.604492  73.4669
0.604736  73.8826
0.60498  73.6918
0.605225  73.9751
0.605469  74.8777
0.605713  75.482
0.605957  75.4806
0.606201  75.5374
0.606445  76.137
0.606689  76.7648
0.606934  76.9173
0.607178  76.9077
0.607422  77.2812
0.607666  77.8546
0.60791  78.1113
0.608154  78.1074
0.608398  78.3269
0.608643  78.8151
0.608887  79.1322
0.609131  79.1633
0.609375  79.2852
0.609619  79.6818
0.609863  80.0255
0.610107  80.1001
0.610352  80.1653
0.610596  80.4761
0.61084  80.8221
0.611084  80.9386
0.611328  80.9754
0.611572  81.2116
0.611816  81.5432
0.612061  81.6953
0.612305  81.7229
0.612549  81.8974
0.612793  82.2044
0.613037  82.3841
0.613281  82.4145
0.613525  82.54
0.61377  82.8164
0.614014  83.0154
0.614258  83.0563
0.614502  83.1445
0.614746  83.3876
0.61499  83.5987
0.615234  83.6539
0.615479  83.715
0.615723  83.9245
0.615967  84.1407
0.616211  84.212
0.616455  84.2545
0.616699  84.4314
0.616943  84.6471
0.617188  84.7345
0.617432  84.7657
0.617676  84.9125
0.61792  85.1229
0.618164  85.2256
0.618408  85.2511
0.618652  85.3704
0.618896  85.5719
0.619141  85.688
0.619385  85.7123
0.619629  85.8073
0.619873  85.997
0.620117  86.1245
0.620361  86.1512
0.620605  86.2256
0.62085  86.4016
0.621094  86.5382
0.621338  86.5698
0.621582  86.6269
0.621826  86.7877
0.62207  86.931
0.622314  86.9694
0.622559  87.0122
0.622803  87.1571
0.623047  87.3047
0.623291  87.3512
0.623535  87.3832
0.623779  87.5121
0.624023  87.6618
0.624268  87.7169
0.624512  87.7404
0.624756  87.853
0.625  88.0024
0.625244  88.0661
0.625488  88.084
0.625732  88.1811
0.625977  88.3288
0.626221  88.4018
0.626465  88.4171
0.626709  88.4998
0.626953  88.6437
0.627197  88.7248
0.627441  88.7386
0.627686  88.8073
0.62793  88.9461
0.628174  89.0354
0.628418  89.0504
0.628662  89.1066
0.628906  89.2387
0.62915  89.3343
0.629395  89.3508
0.629639  89.3951
0.629883  89.5192
0.630127  89.6208
0.630371  89.6412
0.630615  89.6759
0.630859  89.7916
0.631104  89.8983
0.631348  89.9232
0.631592  89.9494
0.631836  90.0561
0.63208  90.1666
0.632324  90.197
0.632568  90.2159
0.632812  90.3126
0.633057  90.4253
0.633301  90.4612
0.633545  90.4741
0.633789  90.5606
0.634033  90.6747
0.634277  90.7171
0.634521  90.7258
0.634766  90.8026
0.63501  90.9172
0.635254  90.9664
0.635498  90.9721
0.635742  91.0386
0.635986  91.1517
0.63623  91.207
0.636475  91.2112
0.636719  91.2687
0.636963  91.381
0.637207  91.4436
0.637451  91.4474
0.637695  91.4947
0.637939  91.6025
0.638184  91.6701
0.638428  91.6738
0.638672  91.7122
0.638916  91.8167
0.63916  91.8911
0.639404  91.8976
0.639648  91.9286
0.639893  92.0286
0.640137  92.1081
0.640381  92.1166
0.640625  92.139
0.640869  92.2326
0.641113  92.3164
0.641357  92.3286
0.641602  92.3447
0.641846  92.4327
0.64209  92.5209
0.642334  92.5372
0.642578  92.5469
0.642822  92.6274
0.643066  92.7184
0.643311  92.7395
0.643555  92.7445
0.643799  92.8181
0.644043  92.912
0.644287  92.9386
0.644531  92.9394
0.644775  93.0054
0.64502  93.101
0.645264  93.1337
0.645508  93.1318
0.645752  93.1899
0.645996  93.286
0.64624  93.3241
0.646484  93.3196
0.646729  93.3694
0.646973  93.4651
0.647217  93.509
0.647461  93.5026
0.647705  93.5438
0.647949  93.6379
0.648193  93.688
0.648438  93.6822
0.648682  93.7166
0.648926  93.81
0.64917  93.8671
0.649414  93.8625
0.649658  93.889
0.649902  93.9785
0.650146  94.0402
0.650391  94.0361
0.650635  94.0545
0.650879  94.1401
0.651123  94.2075
0.651367  94.2064
0.651611  94.2185
0.651855  94.3
0.6521  94.3729
0.652344  94.3757
0.652588  94.3818
0.652832  94.4581
0.653076  94.5354
0.65332  94.5422
0.653564  94.5423
0.653809  94.6123
0.654053  94.6931
0.654297  94.7044
0.654541  94.6991
0.654785  94.7622
0.655029  94.8462
0.655273  94.8633
0.655518  94.8543
0.655762  94.9108
0.656006  94.9976
0.65625  95.0209
0.656494  95.0088
0.656738  95.0576
0.656982  95.1457
0.657227  95.175
0.657471  95.1601
0.657715  95.2005
0.657959  95.2888
0.658203  95.325
0.658447  95.3092
0.658691  95.3422
0.658936  95.431
0.65918  95.4746
0.659424  95.4587
0.659668  95.483
0.659912  95.5695
0.660156  95.6191
0.6604  95.6033
0.660645  95.619
0.660889  95.7028
0.661133  95.7594
0.661377  95.7455
0.661621  95.753
0.661865  95.833
0.662109  95.8967
0.662354  95.8876
0.662598  95.8904
0.662842  95.9687
0.663086  96.0402
0.66333  96.0338
0.663574  96.0258
0.663818  96.0945
0.664062  96.1699
0.664307  96.1699
0.664551  96.1584
0.664795  96.2231
0.665039  96.3045
0.665283  96.3097
0.665527  96.2906
0.665771  96.3461
0.666016  96.4312
0.66626  96.4439
0.666504  96.4206
0.666748  96.4677
0.666992  96.5559
0.667236  96.576
0.66748  96.5482
0.667725  96.5854
0.667969  96.6759
0.668213  96.7058
0.668457  96.6774
0.668701  96.7062
0.668945  96.7985
0.669189  96.8379
0.669434  96.8079
0.669678  96.8245
0.669922  96.9144
0.670166  96.9624
0.67041  96.9327
0.670654  96.9387
0.670898  97.0271
0.671143  97.0862
0.671387  97.0598
0.671631  97.0554
0.671875  97.1401
0.672119  97.2102
0.672363  97.1898
0.672607  97.176
0.672852  97.2548
0.673096  97.3335
0.67334  97.3176
0.673584  97.2918
0.673828  97.3616
0.674072  97.4495
0.674316  97.4424
0.674561  97.4069
0.674805  97.4652
0.675049  97.5598
0.675293  97.5621
0.675537  97.5177
0.675781  97.5633
0.676025  97.665
0.67627  97.6816
0.676514  97.6336
0.676758  97.6673
0.677002  97.775
0.677246  97.8061
0.67749  97.7526
0.677734  97.7676
0.677979  97.8753
0.678223  97.9217
0.678467  97.8671
0.678711  97.8643
0.678955  97.9713
0.679199  98.0359
0.679443  97.9841
0.679688  97.9621
0.679932  98.0638
0.680176  98.1474
0.68042  98.1026
0.680664  98.061
0.680908  98.1531
0.681152  98.2562
0.681396  98.224
0.681641  98.1636
0.681885  98.2407
0.682129  98.3619
0.682373  98.3469
0.682617  98.2685
0.682861  98.3244
0.683105  98.4622
0.68335  98.472
0.683594  98.3796
0.683838  98.407
0.684082  98.5555
0.684326  98.5941
0.68457  98.4913
0.684814  98.483
0.685059  98.6365
0.685303  98.7128
0.685547  98.6108
0.685791  98.5627
0.686035  98.7123
0.686279  98.8318
0.686523  98.7413
0.686768  98.6468
0.687012  98.7766
0.687256  98.9415
0.6875  98.8777
0.687744  98.7353
0.687988  98.8273
0.688232  99.0392
0.688477  99.0248
0.688721  98.8396
0.688965  98.8676
0.689209  99.1161
0.689453  99.1753
0.689697  98.9618
0.689941  98.8978
0.690186  99.164
0.69043  99.3277
0.690674  99.1189
0.690918  98.9337
0.691162  99.1759
0.691406  99.4719
0.69165  99.3221
0.691895  98.9918
0.692139  99.1326
0.692383  99.577
0.692627  99.5789
0.692871  99.113
0.693115  99.0259
0.693359  99.5906
0.693604  99.881
0.693848  99.3647
0.694092  98.8653
0.694336  99.4084
0.69458  100.182
0.694824  99.8756
0.695068  98.7671
0.695312  98.8145
0.695557  100.29
0.695801  100.841
0.696045  99.2156
0.696289  97.2563
0.696533  99.2445
0.696777  102.418
0.697021  102.095
0.697266  94.0273
0.69751  74.8872
0.697754  102.121
0.697998  114.639
0.698242  121.049
0.698486  124.332
0.69873  125.418
0.698975  124.714
0.699219  122.414
0.699463  118.601
0.699707  113.286
0.699951  106.417
0.700195  97.8822
0.700439  87.4987
0.700684  74.9867
0.700928  59.864
0.701172  40.721
0.701416  -5.04259
0.70166  -0.0857586
0.701904  -0.0208925
0.702148  -17.5623
0.702393  -8.409
0.702637  -13.4302
0.702881  -17.3759
0.703125  -15.0993
0.703369  -30.8479
0.703613  -17.8927
0.703857  -34.5947
0.704102  -21.2269
0.704346  -28.3537
0.70459  -25.0631
0.704834  -27.0687
0.705078  -29.6284
0.705322  -27.1894
0.705566  -35.6217
0.705811  -27.9892
0.706055  -46.1258
0.706299  -29.2105
0.706543  -50.1079
0.706787  -30.7455
0.707031  -41.4726
0.707275  -32.5535
0.70752  -38.5617
0.707764  -34.6361
0.708008  -37.2493
0.708252  -37.0348
0.708496  -36.7027
0.70874  -39.8467
0.708984  -36.6084
0.709229  -43.279
0.709473  -36.815
0.709717  -47.8257
0.709961  -37.2391
0.710205  -55.1521
0.710449  -37.8309
0.710693  -71.2758
0.710938  -38.5598
0.711182  -55.2755
0.711426  -39.4068
0.71167  -50.6171
0.711914  -40.3616
0.712158  -48.1648
0.712402  -41.4199
0.712646  -46.6626
0.712891  -42.5833
0.713135  -45.6909
0.713379  -43.8588
0.713623  -45.0578
0.713867  -45.2607
0.714111  -44.6592
0.714355  -46.8121
0.7146  -44.4326
0.714844  -48.5498
0.715088  -44.3375
0.715332  -50.533
0.715576  -44.3464
0.71582  -52.862
0.716064  -44.4398
0.716309  -55.7238
0.716553  -44.6035
0.716797  -59.5238
0.717041  -44.8272
0.717285  -65.432
0.717529  -45.1028
0.717773  -77.8341
0.718018  -45.4246
0.718262  -67.8461
0.718506  -45.7882
0.71875  -62.1228
0.718994  -46.1903
0.719238  -58.9611
0.719482  -46.6289
0.719727  -56.8607
0.719971  -47.1023
0.720215  -55.3391
0.720459  -47.6102
0.720703  -54.1814
0.720947  -48.1523
0.721191  -53.2736
0.721436  -48.7296
0.72168  -52.5475
0.721924  -49.3433
0.722168  -51.9599
0.722412  -49.9956
0.722656  -51.4808
0.7229  -50.6895
0.723145  -51.0893
0.723389  -51.4292
0.723633  -50.7699
0.723877  -52.2195
0.724121  -50.5109
0.724365  -53.0676
0.724609  -50.3034
0.724854  -53.9823
0.725098  -50.1402
0.725342  -54.9751
0.725586  -50.0157
0.72583  -56.0619
0.726074  -49.9253
0.726318  -57.2641
0.726562  -49.8654
0.726807  -58.6126
0.727051  -49.8327
0.727295  -60.1521
0.727539  -49.825
0.727783  -61.9538
0.728027  -49.8399
0.728271  -64.137
0.728516  -49.8759
0.72876  -66.9264
0.729004  -49.9314
0.729248  -70.8194
0.729492  -50.0052
0.729736  -77.1551
0.72998  -50.0963
0.730225  -81.8945
0.730469  -50.2038
0.730713  -74.0856
0.730957  -50.3272
0.731201  -69.5157
0.731445  -50.4659
0.731689  -66.5738
0.731934  -50.6193
0.732178  -64.446
0.732422  -50.7877
0.732666  -62.7946
0.73291  -50.97
0.733154  -61.4605
0.733398  -51.1672
0.733643  -60.3478
0.733887  -51.3783
0.734131  -59.4024
0.734375  -51.6042
0.734619  -58.5848
0.734863  -51.8447
0.735107  -57.8702
0.735352  -52.1003
0.735596  -57.2389
0.73584  -52.3712
0.736084  -56.6775
0.736328  -52.6584
0.736572  -56.1749
0.736816  -52.962
0.737061  -55.7231
0.737305  -53.2833
0.737549  -55.315
0.737793  -53.6228
0.738037  -54.9457
0.738281  -53.9822
0.738525  -54.6102
0.73877  -54.3621
0.739014  -54.3055
0.739258  -54.7648
0.739502  -54.028
0.739746  -55.1914
0.73999  -53.7756
0.740234  -55.645
0.740479  -53.5456
0.740723  -56.127
0.740967  -53.3367
0.741211  -56.6418
0.741455  -53.1466
0.741699  -57.1917
0.741943  -52.9746
0.742188  -57.7826
0.742432  -52.8189
0.742676  -58.4186
0.74292  -52.6791
0.743164  -59.1079
0.743408  -52.5535
0.743652  -59.8578
0.743896  -52.442
0.744141  -60.6806
0.744385  -52.3434
0.744629  -61.5895
0.744873  -52.2575
0.745117  -62.6056
0.745361  -52.1833
0.745605  -63.7542
0.74585  -52.1208
0.746094  -65.0767
0.746338  -52.0693
0.746582  -66.6312
0.746826  -52.0285
0.74707  -68.5163
0.747314  -51.9982
0.747559  -70.9058
0.747803  -51.978
0.748047  -74.1496
0.748291  -51.968
0.748535  -79.0612
0.748779  -51.9677
0.749023  -85.4466
0.749268  -51.9772
0.749512  -80.1914
0.749756  -51.9963
0.75  -74.9088
0.750244  -52.0251
0.750488  -71.5012
0.750732  -52.0635
0.750977  -69.0423
0.751221  -52.1116
0.751465  -67.129
0.751709  -52.1694
0.751953  -65.5685
0.752197  -52.237
0.752441  -64.2535
0.752686  -52.3147
0.75293  -63.1199
0.753174  -52.4027
0.753418  -62.1245
0.753662  -52.5009
0.753906  -61.24
0.75415  -52.6102
0.754395  -60.4438
0.754639  -52.7303
0.754883  -59.7228
0.755127  -52.8623
0.755371  -59.0631
0.755615  -53.0058
0.755859  -58.4579
0.756104  -53.1623
0.756348  -57.8982
0.756592  -53.3316
0.756836  -57.3797
0.75708  -53.5152
0.757324  -56.8965
0.757568  -53.713
0.757812  -56.4458
0.758057  -53.9269
0.758301  -56.0234
0.758545  -54.1571
0.758789  -55.6275
0.759033  -54.4057
0.759277  -55.2548
0.759521  -54.6732
0.759766  -54.9044
0.76001  -54.9622
0.760254  -54.5735
0.760498  -55.2737
0.760742  -54.2616
0.760986  -55.6108
0.76123  -53.9667
0.761475  -55.9754
0.761719  -53.6883
0.761963  -56.3715
0.762207  -53.4249
0.762451  -56.802
0.762695  -53.1761
0.762939  -57.2723
0.763184  -52.9409
0.763428  -57.7874
0.763672  -52.7188
0.763916  -58.3548
0.76416  -52.5092
0.764404  -58.9829
0.764648  -52.3117
0.764893  -59.6835
0.765137  -52.1258
0.765381  -60.4711
0.765625  -51.9514
0.765869  -61.3664
0.766113  -51.788
0.766357  -62.3976
0.766602  -51.6355
0.766846  -63.6053
0.76709  -51.4938
0.767334  -65.054
0.767578  -51.3627
0.767822  -66.8466
0.768066  -51.2424
0.768311  -69.1731
0.768555  -51.1328
0.768799  -72.4282
0.769043  -51.034
0.769287  -77.5796
0.769531  -50.9462
0.769775  -83.8774
0.77002  -50.8696
0.770264  -77.0974
0.770508  -50.8046
0.770752  -71.7869
0.770996  -50.7516
0.77124  -68.3234
0.771484  -50.7111
0.771729  -65.768
0.771973  -50.6837
0.772217  -63.7372
0.772461  -50.6701
0.772705  -62.0457
0.772949  -50.6714
0.773193  -60.591
0.773438  -50.6885
0.773682  -59.3112
0.773926  -50.7227
0.77417  -58.1647
0.774414  -50.7755
0.774658  -57.1247
0.774902  -50.8491
0.775146  -56.1697
0.775391  -50.945
0.775635  -55.2862
0.775879  -51.0667
0.776123  -54.4618
0.776367  -51.2166
0.776611  -53.6886
0.776855  -51.3993
0.7771  -52.9591
0.777344  -51.6193
0.777588  -52.2682
0.777832  -51.8829
0.778076  -51.6113
0.77832  -52.1978
0.778564  -50.9847
0.778809  -52.5739
0.779053  -50.3859
0.779297  -53.0245
0.779541  -49.8122
0.779785  -53.5671
0.780029  -49.2621
0.780273  -54.2264
0.780518  -48.7343
0.780762  -55.0378
0.781006  -48.2276
0.78125  -56.0546
0.781494  -47.7419
0.781738  -57.3639
0.781982  -47.277
0.782227  -59.1182
0.782471  -46.8333
0.782715  -61.6291
0.782959  -46.4118
0.783203  -65.6915
0.783447  -46.0141
0.783691  -74.3506
0.783936  -45.6423
0.78418  -71.3711
0.784424  -45.2995
0.784668  -63.11
0.784912  -44.9901
0.785156  -58.4551
0.7854  -44.7196
0.785645  -55.1246
0.785889  -44.4955
0.786133  -52.4705
0.786377  -44.3279
0.786621  -50.2266
0.786865  -44.2305
0.787109  -48.2571
0.787354  -44.2221
0.787598  -46.4858
0.787842  -44.33
0.788086  -44.8649
0.78833  -44.5937
0.788574  -43.3646
0.788818  -45.0755
0.789062  -41.9653
0.789307  -45.8786
0.789551  -40.6555
0.789795  -47.1952
0.790039  -39.4294
0.790283  -49.4457
0.790527  -38.2869
0.790771  -53.8986
0.791016  -37.233
0.79126  -70.2525
0.791504  -36.28
0.791748  -53.1624
0.791992  -35.449
0.792236  -45.5468
0.79248  -34.7753
0.792725  -40.6731
0.792969  -34.3182
0.793213  -36.8789
0.793457  -34.1819
0.793701  -33.6665
0.793945  -34.5704
0.794189  -30.8235
0.794434  -35.9602
0.794678  -28.2438
0.794922  -39.9567
0.795166  -25.8751
0.79541  -58.8031
0.795654  -23.7039
0.795898  -33.6927
0.796143  -21.7704
0.796387  -25.063
0.796631  -20.247
0.796875  -18.3694
0.797119  -19.7906
0.797363  -12.1013
0.797607  -24.5827
0.797852  -5.42751
0.798096  -12.7829
0.79834  3.55598
0.798584  17.2764
0.798828  38.4858
0.799072  53.9878
0.799316  66.3271
0.799561  75.7645
0.799805  82.1532
0.800049  84.1728
0.800293  64.4369
0.800537  96.9137
0.800781  106.624
0.801025  112.593
0.80127  116.148
0.801514  117.59
0.801758  116.809
0.802002  113.154
0.802246  103.731
0.80249  96.8551
0.802734  103.118
0.802979  100.45
0.803223  94.164
0.803467  92.3199
0.803711  96.2432
0.803955  97.969
0.804199  96.6722
0.804443  94.3379
0.804688  94.174
0.804932  95.5439
0.805176  95.7812
0.80542  94.5646
0.805664  93.5129
0.805908  93.8781
0.806152  94.4344
0.806396  93.9829
0.806641  92.9854
0.806885  92.7016
0.807129  93.0976
0.807373  93.0554
0.807617  92.3274
0.807861  91.759
0.808105  91.8756
0.80835  91.9943
0.808594  91.5342
0.808838  90.9025
0.809082  90.7691
0.809326  90.8956
0.80957  90.6385
0.809814  90.0545
0.810059  89.7464
0.810303  89.8026
0.810547  89.6764
0.810791  89.1851
0.811035  88.7776
0.811279  88.7348
0.811523  88.6768
0.811768  88.2857
0.812012  87.837
0.812256  87.6955
0.8125  87.6584
0.812744  87.3574
0.812988  86.9077
0.813232  86.6824
0.813477  86.6344
0.813721  86.4052
0.813965  85.979
0.814209  85.6905
0.814453  85.6125
0.814697  85.4352
0.814941  85.0453
0.815186  84.714
0.81543  84.5967
0.815674  84.4527
0.815918  84.104
0.816162  83.7481
0.816406  83.5892
0.81665  83.4625
0.816895  83.1543
0.817139  82.7882
0.817383  82.5898
0.817627  82.4679
0.817871  82.1964
0.818115  81.8312
0.818359  81.5982
0.818604  81.4715
0.818848  81.2313
0.819092  80.8748
0.819336  80.6129
0.81958  80.4751
0.819824  80.2602
0.820068  79.9174
0.820312  79.6332
0.820557  79.4802
0.820801  79.2845
0.821045  78.9583
0.821289  78.6579
0.821533  78.4875
0.821777  78.3052
0.822021  77.9968
0.822266  77.6856
0.82251  77.4972
0.822754  77.3233
0.822998  77.0328
0.823242  76.7155
0.823486  76.5094
0.82373  76.3397
0.823975  76.0661
0.824219  75.7466
0.824463  75.5242
0.824707  75.355
0.824951  75.0969
0.825195  74.7785
0.825439  74.5412
0.825684  74.3699
0.825928  74.1256
0.826172  73.8106
0.826416  73.5604
0.82666  73.3848
0.826904  73.1523
0.827148  72.8426
0.827393  72.5814
0.827637  72.3999
0.827881  72.1773
0.828125  71.8741
0.828369  71.604
0.828613  71.4156
0.828857  71.201
0.829102  70.9049
0.829346  70.6278
0.82959  70.432
0.829834  70.2236
0.830078  69.9351
0.830322  69.6526
0.830566  69.4491
0.830811  69.2452
0.831055  68.9644
0.831299  68.6782
0.831543  68.467
0.831787  68.2662
0.832031  67.993
0.832275  67.7043
0.83252  67.4858
0.832764  67.2867
0.833008  67.0207
0.833252  66.7309
0.833496  66.5053
0.83374  66.3069
0.833984  66.0477
0.834229  65.7577
0.834473  65.5255
0.834717  65.327
0.834961  65.074
0.835205  64.7846
0.835449  64.5464
0.835693  64.3469
0.835938  64.0996
0.836182  63.8116
0.836426  63.568
0.83667  63.3669
0.836914  63.1247
0.837158  62.8385
0.837402  62.5901
0.837646  62.3869
0.837891  62.1492
0.838135  61.8652
0.838379  61.6126
0.838623  61.4071
0.838867  61.1732
0.839111  60.8919
0.839355  60.6356
0.8396  60.4275
0.839844  60.1969
0.840088  59.9183
0.840332  59.659
0.840576  59.448
0.84082  59.2203
0.841064  58.9445
0.841309  58.6827
0.841553  58.4688
0.841797  58.2434
0.842041  57.9705
0.842285  57.7066
0.842529  57.4899
0.842773  57.2662
0.843018  56.9962
0.843262  56.7307
0.843506  56.5111
0.84375  56.2889
0.843994  56.0217
0.844238  55.755
0.844482  55.5326
0.844727  55.3114
0.844971  55.0469
0.845215  54.7794
0.845459  54.5543
0.845703  54.3338
0.845947  54.072
0.846191  53.8039
0.846436  53.5763
0.84668  53.3562
0.846924  53.0968
0.847168  52.8284
0.847412  52.5984
0.847656  52.3785
0.8479  52.1214
0.848145  51.853
0.848389  51.6208
0.848633  51.4008
0.848877  51.1459
0.849121  50.8776
0.849365  50.6433
0.849609  50.4231
0.849854  50.1701
0.850098  49.9022
0.850342  49.666
0.850586  49.4454
0.85083  49.1942
0.851074  48.9267
0.851318  48.6888
0.851562  48.4678
0.851807  48.2182
0.852051  47.9513
0.852295  47.7118
0.852539  47.4901
0.852783  47.242
0.853027  46.9757
0.853271  46.7349
0.853516  46.5126
0.85376  46.2657
0.854004  46.0002
0.854248  45.7582
0.854492  45.535
0.854736  45.2893
0.85498  45.0245
0.855225  44.7815
0.855469  44.5576
0.855713  44.3128
0.855957  44.0489
0.856201  43.8049
0.856445  43.5802
0.856689  43.3363
0.856934  43.0731
0.857178  42.8284
0.857422  42.6028
0.857666  42.3596
0.85791  42.0973
0.858154  41.8519
0.858398  41.6256
0.858643  41.3829
0.858887  41.1214
0.859131  40.8755
0.859375  40.6484
0.859619  40.4062
0.859863  40.1455
0.860107  39.8991
0.860352  39.6712
0.860596  39.4294
0.86084  39.1695
0.861084  38.9228
0.861328  38.6941
0.861572  38.4526
0.861816  38.1934
0.862061  37.9466
0.862305  37.7171
0.862549  37.4757
0.862793  37.2173
0.863037  36.9703
0.863281  36.7401
0.863525  36.4988
0.86377  36.2411
0.864014  35.9941
0.864258  35.7632
0.864502  35.5219
0.864746  35.2648
0.86499  35.0179
0.865234  34.7864
0.865479  34.5449
0.865723  34.2885
0.865967  34.0417
0.866211  33.8096
0.866455  33.568
0.866699  33.3122
0.866943  33.0656
0.867188  32.8328
0.867432  32.591
0.867676  32.3358
0.86792  32.0894
0.868164  31.8561
0.868408  31.614
0.868652  31.3594
0.868896  31.1133
0.869141  30.8794
0.869385  30.6371
0.869629  30.3829
0.869873  30.1372
0.870117  29.9028
0.870361  29.6601
0.870605  29.4064
0.87085  29.161
0.871094  28.9262
0.871338  28.6831
0.871582  28.4298
0.871826  28.1849
0.87207  27.9496
0.872314  27.706
0.872559  27.4532
0.872803  27.2088
0.873047  26.9731
0.873291  26.729
0.873535  26.4766
0.873779  26.2327
0.874023  25.9966
0.874268  25.752
0.874512  25.5
0.874756  25.2566
0.875  25.0201
0.875244  24.7749
0.875488  24.5233
0.875732  24.2805
0.875977  24.0437
0.876221  23.7979
0.876465  23.5466
0.876709  23.3045
0.876953  23.0673
0.877197  22.8208
0.877441  22.5699
0.877686  22.3284
0.87793  22.0909
0.878174  21.8437
0.878418  21.5932
0.878662  21.3524
0.878906  21.1145
0.87915  20.8666
0.879395  20.6165
0.879639  20.3764
0.879883  20.1381
0.880127  19.8895
0.880371  19.6397
0.880615  19.4004
0.880859  19.1617
0.881104  18.9124
0.881348  18.663
0.881592  18.4244
0.881836  18.1853
0.88208  17.9352
0.882324  17.6862
0.882568  17.4484
0.882812  17.209
0.883057  16.958
0.883301  16.7094
0.883545  16.4725
0.883789  16.2326
0.884033  15.9808
0.884277  15.7327
0.884521  15.4966
0.884766  15.2562
0.88501  15.0036
0.885254  14.7559
0.885498  14.5208
0.885742  14.2799
0.885986  14.0263
0.88623  13.7792
0.886475  13.545
0.886719  13.3035
0.886963  13.0489
0.887207  12.8025
0.887451  12.5692
0.887695  12.327
0.887939  12.0715
0.888184  11.8258
0.888428  11.5935
0.888672  11.3506
0.888916  11.0941
0.88916  10.8491
0.889404  10.6178
0.889648  10.3742
0.889893  10.1166
0.890137  9.87245
0.890381  9.64225
0.890625  9.39766
0.890869  9.13904
0.891113  8.89583
0.891357  8.66671
0.891602  8.42114
0.891846  8.16142
0.89209  7.91925
0.892334  7.69125
0.892578  7.44458
0.892822  7.18372
0.893066  6.9427
0.893311  6.71585
0.893555  6.468
0.893799  6.20596
0.894043  5.96616
0.894287  5.74052
0.894531  5.49141
0.894775  5.22812
0.89502  4.98961
0.895264  4.76526
0.895508  4.51486
0.895752  4.25022
0.895996  4.01298
0.89624  3.79005
0.896484  3.53845
0.896729  3.27228
0.896973  3.03614
0.897217  2.81488
0.897461  2.5623
0.897705  2.29427
0.897949  2.05911
0.898193  1.83978
0.898438  1.58388
0.898682  1.30579
0.898926  1.0464
0.89917  0.714692
0.899414  0.0342258
0.899658  -1.37739
0.899902  -3.95914
0.900146  -8.2412
0.900391  -14.9036
0.900635  -24.6053
0.900879  -35.6063
0.901123  -42.1422
0.901367  -61.5634
0.901611  -48.9369
0.901855  -70.1144
0.9021  -48.7982
0.902344  -69.1441
0.902588  -49.1675
0.902832  -68.4475
0.903076  -49.531
0.90332  -67.807
0.903564  -49.8624
0.903809  -67.1159
0.904053  -50.1597
0.904297  -66.3902
0.904541  -50.4275
0.904785  -65.6557
0.905029  -50.6702
0.905273  -64.9397
0.905518  -50.8932
0.905762  -64.2532
0.906006  -51.0998
0.90625  -63.606
0.906494  -51.2939
0.906738  -62.9976
0.906982  -51.4772
0.907227  -62.4307
0.907471  -51.6526
0.907715  -61.9008
0.907959  -51.821
0.908203  -61.4079
0.908447  -51.9845
0.908691  -60.9475
0.908936  -52.1436
0.90918  -60.5182
0.909424  -52.2995
0.909668  -60.1168
0.909912  -52.4529
0.910156  -59.7412
0.9104  -52.6044
0.910645  -59.389
0.910889  -52.7545
0.911133  -59.0584
0.911377  -52.9037
0.911621  -58.7476
0.911865  -53.0524
0.912109  -58.4548
0.912354  -53.2006
0.912598  -58.179
0.912842  -53.3491
0.913086  -57.9181
0.91333  -53.4977
0.913574  -57.6718
0.913818  -53.6468
0.914062  -57.4384
0.914307  -53.7965
0.914551  -57.2174
0.914795  -53.9471
0.915039  -57.0074
0.915283  -54.0984
0.915527  -56.8083
0.915771  -54.2511
0.916016  -56.6187
0.91626  -54.4048
0.916504  -56.4384
0.916748  -54.5599
0.916992  -56.2668
0.917236  -54.7164
0.91748  -56.103
0.917725  -54.8743
0.917969  -55.9469
0.918213  -55.0339
0.918457  -55.7978
0.918701  -55.1952
0.918945  -55.6554
0.919189  -55.3582
0.919434  -55.5193
0.919678  -55.5232
0.919922  -55.389
0.920166  -55.6898
0.92041  -55.2646
0.920654  -55.8588
0.920898  -55.1451
0.921143  -56.0295
0.921387  -55.031
0.921631  -56.2029
0.921875  -54.9213
0.922119  -56.378
0.922363  -54.8165
0.922607  -56.5559
0.922852  -54.7156
0.923096  -56.7358
0.92334  -54.6191
0.923584  -56.9187
0.923828  -54.5262
0.924072  -57.1038
0.924316  -54.4373
0.924561  -57.292
0.924805  -54.3515
0.925049  -57.4825
0.925293  -54.2695
0.925537  -57.6765
0.925781  -54.1904
0.926025  -57.873
0.92627  -54.1146
0.926514  -58.0731
0.926758  -54.0415
0.927002  -58.2761
0.927246  -53.9714
0.92749  -58.4829
0.927734  -53.9038
0.927979  -58.6927
0.928223  -53.839
0.928467  -58.9067
0.928711  -53.7764
0.928955  -59.1241
0.929199  -53.7165
0.929443  -59.3459
0.929688  -53.6586
0.929932  -59.5716
0.930176  -53.603
0.93042  -59.8018
0.930664  -53.5495
0.930908  -60.0366
0.931152  -53.4979
0.931396  -60.2759
0.931641  -53.4484
0.931885  -60.5205
0.932129  -53.4006
0.932373  -60.7702
0.932617  -53.3548
0.932861  -61.0256
0.933105  -53.3106
0.93335  -61.2866
0.933594  -53.268
0.933838  -61.5538
0.934082  -53.2272
0.934326  -61.8276
0.93457  -53.1878
0.934814  -62.1079
0.935059  -53.15
0.935303  -62.3959
0.935547  -53.1135
0.935791  -62.691
0.936035  -53.0785
0.936279  -62.9947
0.936523  -53.0448
0.936768  -63.3068
0.937012  -53.0124
0.937256  -63.6282
0.9375  -52.9813
0.937744  -63.9596
0.937988  -52.9514
0.938232  -64.3012
0.938477  -52.9227
0.938721  -64.6547
0.938965  -52.8951
0.939209  -65.0198
0.939453  -52.8686
0.939697  -65.3987
0.939941  -52.8431
0.940186  -65.7913
0.94043  -52.8188
0.940674  -66.2
0.940918  -52.7953
0.941162  -66.6249
0.941406  -52.773
0.94165  -67.0691
0.941895  -52.7514
0.942139  -67.5331
0.942383  -52.7308
0.942627  -68.0196
0.942871  -52.7112
0.943115  -68.5317
0.943359  -52.6922
0.943604  -69.0704
0.943848  -52.6744
0.944092  -69.6423
0.944336  -52.657
0.94458  -70.2473
0.944824  -52.6407
0.945068  -70.8954
0.945312  -52.6248
0.945557  -71.5872
0.945801  -52.6101
0.946045  -72.3364
0.946289  -52.5956
0.946533  -73.1457
0.946777  -52.5823
0.947021  -74.0357
0.947266  -52.5692
0.94751  -75.0131
0.947754  -52.5572
0.947998  -76.1118
0.948242  -52.5454
0.948486  -77.3505
0.94873  -52.5346
0.948975  -78.7879
0.949219  -52.524
0.949463  -80.4818
0.949707  -52.5144
0.949951  -82.5634
0.950195  -52.505
0.950439  -85.2202
0.950684  -52.4964
0.950928  -88.8477
0.951172  -52.4883
0.951416  -93.6686
0.95166  -52.4806
0.951904  -94.4541
0.952148  -52.4735
0.952393  -89.6573
0.952637  -52.4668
0.952881  -85.9011
0.953125  -52.4608
0.953369  -83.162
0.953613  -52.4549
0.953857  -81.075
0.954102  -52.4499
0.954346  -79.3797
0.95459  -52.4448
0.954834  -77.9731
0.955078  -52.4407
0.955322  -76.7607
0.955566  -52.4365
0.955811  -75.7084
0.956055  -52.4332
0.956299  -74.7691
0.956543  -52.4298
0.956787  -73.9311
0.957031  -52.4272
0.957275  -73.1678
0.95752  -52.4247
0.957764  -72.473
0.958008  -52.4227
0.958252  -71.8317
0.958496  -52.4209
0.95874  -71.24
0.958984  -52.4197
0.959229  -70.6879
0.959473  -52.4186
0.959717  -70.1734
0.959961  -52.418
0.960205  -69.6896
0.960449  -52.4176
0.960693  -69.2353
0.960938  -52.4176
0.961182  -68.8053
0.961426  -52.4178
0.96167  -68.3991
0.961914  -52.4184
0.962158  -68.0128
0.962402  -52.4192
0.962646  -67.6458
0.962891  -52.4203
0.963135  -67.2953
0.963379  -52.4216
0.963623  -66.9611
0.963867  -52.4233
0.964111  -66.641
0.964355  -52.4252
0.9646  -66.3339
0.964844  -52.4273
0.965088  -66.0402
0.965332  -52.4299
0.965576  -65.7562
0.96582  -52.4323
0.966064  -65.4849
0.966309  -52.4354
0.966553  -65.2213
0.966797  -52.4382
0.967041  -64.9689
0.967285  -52.4418
0.967529  -64.7236
0.967773  -52.4451
0.968018  -64.4878
0.968262  -52.449
0.968506  -64.2583
0.96875  -52.4528
0.968994  -64.0374
0.969238  -52.457
0.969482  -63.8222
0.969727  -52.4613
0.969971  -63.6138
0.970215  -52.4658
0.970459  -63.4118
0.970703  -52.4706
0.970947  -63.2147
0.971191  -52.4753
0.971436  -63.0242
0.97168  -52.4805
0.971924  -62.8378
0.972168  -52.4855
0.972412  -62.6573
0.972656  -52.491
0.9729  -62.4807
0.973145  -52.4964
0.973389  -62.3093
0.973633  -52.5022
0.973877  -62.1415
0.974121  -52.508
0.974365  -61.9783
0.974609  -52.514
0.974854  -61.8188
0.975098  -52.5201
0.975342  -61.6629
0.975586  -52.5263
0.97583  -61.5108
0.976074  -52.5327
0.976318  -61.3622
0.976562  -52.5393
0.976807  -61.2165
0.977051  -52.5459
0.977295  -61.0744
0.977539  -52.5527
0.977783  -60.9351
0.978027  -52.5596
0.978271  -60.7988
0.978516  -52.5666
0.97876  -60.6653
0.979004  -52.5737
0.979248  -60.5345
0.979492  -52.5809
0.979736  -60.4062
0.97998  -52.5882
0.980225  -60.2807
0.980469  -52.5958
0.980713  -60.1571
0.980957  -52.6031
0.981201  -60.0367
0.981445  -52.611
0.981689  -59.9174
0.981934  -52.6184
0.982178  -59.8014
0.982422  -52.6265
0.982666  -59.6865
0.98291  -52.6342
0.983154  -59.5746
0.983398  -52.6424
0.983643  -59.4637
0.983887  -52.6502
0.984131  -59.3557
0.984375  -52.6586
0.984619  -59.2487
0.984863  -52.6666
0.985107  -59.1441
0.985352  -52.6751
0.985596  -59.0408
0.98584  -52.6834
0.986084  -58.9395
0.986328  -52.6919
0.986572  -58.8395
0.986816  -52.7003
0.987061  -58.7414
0.987305  -52.709
0.987549  -58.6445
0.987793  -52.7175
0.988037  -58.5496
0.988281  -52.7264
0.988525  -58.4553
0.98877  -52.7349
0.989014  -58.3635
0.989258  -52.744
0.989502  -58.2719
0.989746  -52.7526
0.98999  -58.1828
0.990234  -52.7617
0.990479  -58.0939
0.990723  -52.7705
0.990967  -58.0072
0.991211  -52.7797
0.991455  -57.9208
0.991699  -52.7886
0.991943  -57.8364
0.992188  -52.7978
0.992432  -57.7525
0.992676  -52.8068
0.99292  -57.6702
0.993164  -52.8161
0.993408  -57.5888
0.993652  -52.8253
0.993896  -57.5084
0.994141  -52.8345
0.994385  -57.4292
0.994629  -52.8439
0.994873  -57.3509
0.995117  -52.8531
0.995361  -57.2737
0.995605  -52.8626
0.99585  -57.1972
0.996094  -52.8718
0.996338  -57.1222
0.996582  -52.8815
0.996826  -57.0472
0.99707  -52.8906
0.997314  -56.9742
0.997559  -52.9004
0.997803  -56.9009
0.998047  -52.9095
0.998291  -56.8295
0.998535  -52.9193
0.998779  -56.7581
0.999023  -52.9285
0.999268  -56.6883
0.999512  -52.9384
0.999756  -56.6183
