-0.5  2.30991
-0.499756  -1.5595
-0.499512  -2.35225
-0.499268  3.14022
-0.499023  2.31437
-0.498779  -1.55636
-0.498535  -2.34919
-0.498291  -3.1399
-0.498047  2.31874
-0.497803  -1.55323
-0.497559  -2.34613
-0.497314  -3.13683
-0.49707  2.32303
-0.496826  -1.55009
-0.496582  -2.34307
-0.496338  -3.13377
-0.496094  2.32725
-0.49585  -1.54695
-0.495605  -2.34001
-0.495361  -3.13071
-0.495117  2.33141
-0.494873  -1.5438
-0.494629  -2.33695
-0.494385  -3.12764
-0.494141  2.33551
-0.493896  -1.54066
-0.493652  -2.33388
-0.493408  -3.12458
-0.493164  2.33955
-0.49292  -1.53751
-0.492676  -2.33082
-0.492432  -3.12152
-0.492188  2.34354
-0.491943  -1.53436
-0.491699  -2.32776
-0.491455  -3.11846
-0.491211  2.34749
-0.490967  -1.53121
-0.490723  -2.3247
-0.490479  -3.11539
-0.490234  2.35139
-0.48999  -1.52806
-0.489746  -2.32164
-0.489502  -3.11233
-0.489258  2.35524
-0.489014  -1.52491
-0.48877  -2.31857
-0.488525  -3.10927
-0.488281  2.35907
-0.488037  -1.52175
-0.487793  -2.31551
-0.487549  -3.10621
-0.487305  2.36285
-0.487061  -1.51859
-0.486816  -2.31245
-0.486572  -3.10315
-0.486328  2.3666
-0.486084  -1.51543
-0.48584  -2.30939
-0.485596  -3.10009
-0.485352  2.37033
-0.485107  -1.51226
-0.484863  -2.30632
-0.484619  -3.09702
-0.484375  2.37402
-0.484131  -1.5091
-0.483887  -2.30326
-0.483643  -3.09396
-0.483398  2.37768
-0.483154  -1.50593
-0.48291  -2.3002
-0.482666  -3.0909
-0.482422  2.38132
-0.482178  -1.50275
-0.481934  -2.29713
-0.481689  -3.08784
-0.481445  2.38494
-0.481201  -1.49958
-0.480957  -2.29407
-0.480713  -3.08478
-0.480469  2.38853
-0.480225  -1.4964
-0.47998  -2.291
-0.479736  -3.08172
-0.479492  2.3921
-0.479248  -1.49322
-0.479004  -2.28794
-0.47876  -3.07866
-0.478516  2.39566
-0.478271  -1.49004
-0.478027  -2.28488
-0.477783  -3.0756
-0.477539  2.39919
-0.477295  -1.48685
-0.477051  -2.28181
-0.476807  -3.07254
-0.476562  2.4027
-0.476318  -1.48366
-0.476074  -2.27875
-0.47583  -3.06948
-0.475586  2.4062
-0.475342  -1.48047
-0.475098  -2.27568
-0.474854  -3.06642
-0.474609  2.40968
-0.474365  -1.47727
-0.474121  -2.27262
-0.473877  -3.06337
-0.473633  2.41315
-0.473389  -1.47407
-0.473145  -2.26955
-0.4729  -3.06031
-0.472656  2.4166
-0.472412  -1.47087
-0.472168  -2.26649
-0.471924  -3.05725
-0.47168  2.42003
-0.471436  -1.46766
-0.471191  -2.26342
-0.470947  -3.05419
-0.470703  2.42346
-0.470459  -1.46445
-0.470215  -2.26035
-0.469971  -3.05113
-0.469727  2.42687
-0.469482  -1.46123
-0.469238  -2.25729
-0.468994  -3.04807
-0.46875  2.43027
-0.468506  -1.45801
-0.468262  -2.25422
-0.468018  -3.04501
-0.467773  2.43365
-0.467529  -1.45479
-0.467285  -2.25116
-0.467041  -3.04196
-0.466797  2.43703
-0.466553  -1.45156
-0.466309  -2.24809
-0.466064  -3.0389
-0.46582  2.4404
-0.465576  -1.44832
-0.465332  -2.24502
-0.465088  -3.03584
-0.464844  2.44375
-0.4646  -1.44509
-0.464355  -2.24195
-0.464111  -3.03278
-0.463867  2.4471
-0.463623  -1.44184
-0.463379  -2.23889
-0.463135  -3.02973
-0.462891  2.45043
-0.462646  -1.43859
-0.462402  -2.23582
-0.462158  -3.02667
-0.461914  2.45376
-0.46167  -1.43534
-0.461426  -2.23275
-0.461182  -3.02361
-0.460938  2.45708
-0.460693  -1.43208
-0.460449  -2.22968
-0.460205  -3.02056
-0.459961  2.46039
-0.459717  -1.42882
-0.459473  -2.22661
-0.459229  -3.0175
-0.458984  2.4637
-0.45874  -1.42555
-0.458496  -2.22355
-0.458252  -3.01444
-0.458008  2.467
-0.457764  -1.42227
-0.45752  -2.22048
-0.457275  -3.01139
-0.457031  2.47028
-0.456787  -1.41899
-0.456543  -2.21741
-0.456299  -3.00833
-0.456055  2.47357
-0.455811  -1.4157
-0.455566  -2.21434
-0.455322  -3.00528
-0.455078  2.47684
-0.454834  -1.4124
-0.45459  -2.21127
-0.454346  -3.00222
-0.454102  2.48011
-0.453857  -1.40909
-0.453613  -2.2082
-0.453369  -2.99916
-0.453125  2.48338
-0.452881  -1.40578
-0.452637  -2.20513
-0.452393  -2.99611
-0.452148  2.48663
-0.451904  -1.40246
-0.45166  -2.20206
-0.451416  -2.99305
-0.451172  2.48989
-0.450928  -1.39913
-0.450684  -2.19899
-0.450439  -2.99
-0.450195  2.49313
-0.449951  -1.3958
-0.449707  -2.19591
-0.449463  -2.98694
-0.449219  2.49637
-0.448975  -1.39245
-0.44873  -2.19284
-0.448486  -2.98389
-0.448242  2.49961
-0.447998  -1.3891
-0.447754  -2.18977
-0.44751  -2.98084
-0.447266  2.50284
-0.447021  -1.38573
-0.446777  -2.1867
-0.446533  -2.97778
-0.446289  2.50607
-0.446045  -1.38236
-0.445801  -2.18363
-0.445557  -2.97473
-0.445312  2.50929
-0.445068  -1.37897
-0.444824  -2.18055
-0.44458  -2.97167
-0.444336  2.5125
-0.444092  -1.37557
-0.443848  -2.17748
-0.443604  -2.96862
-0.443359  2.51572
-0.443115  -1.37216
-0.442871  -2.17441
-0.442627  -2.96557
-0.442383  2.51892
-0.442139  -1.36874
-0.441895  -2.17133
-0.44165  -2.96251
-0.441406  2.52213
-0.441162  -1.36531
-0.440918  -2.16826
-0.440674  -2.95946
-0.44043  2.52533
-0.440186  -1.36186
-0.439941  -2.16518
-0.439697  -2.95641
-0.439453  2.52853
-0.439209  -1.3584
-0.438965  -2.16211
-0.438721  -2.95335
-0.438477  2.53172
-0.438232  -1.35492
-0.437988  -2.15903
-0.437744  -2.9503
-0.4375  2.53491
-0.437256  -1.35142
-0.437012  -2.15596
-0.436768  -2.94725
-0.436523  2.53809
-0.436279  -1.34791
-0.436035  -2.15288
-0.435791  -2.94419
-0.435547  2.54128
-0.435303  -1.34438
-0.435059  -2.14981
-0.434814  -2.94114
-0.43457  2.54446
-0.434326  -1.34084
-0.434082  -2.14673
-0.433838  -2.93809
-0.433594  2.54763
-0.43335  -1.33727
-0.433105  -2.14365
-0.432861  -2.93504
-0.432617  2.5508
-0.432373  -1.33368
-0.432129  -2.14058
-0.431885  -2.93199
-0.431641  2.55397
-0.431396  -1.33007
-0.431152  -2.1375
-0.430908  -2.92893
-0.430664  2.55714
-0.43042  -1.32643
-0.430176  -2.13442
-0.429932  -2.92588
-0.429688  2.5603
-0.429443  -1.32277
-0.429199  -2.13134
-0.428955  -2.92283
-0.428711  2.56347
-0.428467  -1.31909
-0.428223  -2.12826
-0.427979  -2.91978
-0.427734  2.56662
-0.42749  -1.31537
-0.427246  -2.12518
-0.427002  -2.91673
-0.426758  2.56978
-0.426514  -1.31162
-0.42627  -2.1221
-0.426025  -2.91368
-0.425781  2.57293
-0.425537  -1.30784
-0.425293  -2.11902
-0.425049  -2.91063
-0.424805  2.57608
-0.424561  -1.30403
-0.424316  -2.11594
-0.424072  -2.90758
-0.423828  2.57923
-0.423584  -1.30018
-0.42334  -2.11286
-0.423096  -2.90453
-0.422852  2.58238
-0.422607  -1.29629
-0.422363  -2.10978
-0.422119  -2.90148
-0.421875  2.58552
-0.421631  -1.29235
-0.421387  -2.10669
-0.421143  -2.89843
-0.420898  2.58866
-0.420654  -1.28837
-0.42041  -2.10361
-0.420166  -2.89538
-0.419922  2.5918
-0.419678  -1.28434
-0.419434  -2.10053
-0.419189  -2.89233
-0.418945  2.59494
-0.418701  -1.28025
-0.418457  -2.09744
-0.418213  -2.88928
-0.417969  2.59807
-0.417725  -1.2761
-0.41748  -2.09436
-0.417236  -2.88623
-0.416992  2.6012
-0.416748  -1.2719
-0.416504  -2.09127
-0.41626  -2.88318
-0.416016  2.60433
-0.415771  -1.26762
-0.415527  -2.08819
-0.415283  -2.88013
-0.415039  2.60746
-0.414795  -1.26326
-0.414551  -2.0851
-0.414307  -2.87708
-0.414062  2.61059
-0.413818  -1.25882
-0.413574  -2.08201
-0.41333  -2.87403
-0.413086  2.61371
-0.412842  -1.25429
-0.412598  -2.07893
-0.412354  -2.87099
-0.412109  2.61684
-0.411865  -1.24966
-0.411621  -2.07584
-0.411377  -2.86794
-0.411133  2.61996
-0.410889  -1.24492
-0.410645  -2.07275
-0.4104  -2.86489
-0.410156  2.62308
-0.409912  -1.24006
-0.409668  -2.06966
-0.409424  -2.86184
-0.40918  2.62619
-0.408936  -1.23506
-0.408691  -2.06657
-0.408447  -2.85879
-0.408203  2.62931
-0.407959  -1.22991
-0.407715  -2.06348
-0.407471  -2.85575
-0.407227  2.63242
-0.406982  -1.22459
-0.406738  -2.06039
-0.406494  -2.8527
-0.40625  2.63553
-0.406006  -1.21908
-0.405762  -2.05729
-0.405518  -2.84965
-0.405273  2.63864
-0.405029  -1.21335
-0.404785  -2.0542
-0.404541  -2.84661
-0.404297  2.64175
-0.404053  -1.20738
-0.403809  -2.05111
-0.403564  -2.84356
-0.40332  2.64486
-0.403076  -1.20113
-0.402832  -2.04801
-0.402588  -2.84051
-0.402344  2.64796
-0.4021  -1.19455
-0.401855  -2.04492
-0.401611  -2.83747
-0.401367  2.65107
-0.401123  -1.18761
-0.400879  -2.04182
-0.400635  -2.83442
-0.400391  2.65417
-0.400146  -1.18023
-0.399902  -2.03872
-0.399658  -2.83138
-0.399414  2.65727
-0.39917  -1.17234
-0.398926  -2.03562
-0.398682  -2.82833
-0.398438  2.66037
-0.398193  -1.16384
-0.397949  -2.03253
-0.397705  -2.82528
-0.397461  2.66347
-0.397217  -1.15462
-0.396973  -2.02943
-0.396729  -2.82224
-0.396484  2.66657
-0.39624  -1.14453
-0.395996  -2.02632
-0.395752  -2.81919
-0.395508  2.66966
-0.395264  -1.13335
-0.39502  -2.02322
-0.394775  -2.81615
-0.394531  2.67275
-0.394287  -1.12084
-0.394043  -2.02012
-0.393799  -2.81311
-0.393555  2.67585
-0.393311  -1.10663
-0.393066  -2.01702
-0.392822  -2.81006
-0.392578  2.67894
-0.392334  -1.09022
-0.39209  -2.01391
-0.391846  -2.80702
-0.391602  2.68203
-0.391357  -1.07091
-0.391113  -2.01081
-0.390869  -2.80397
-0.390625  2.68511
-0.390381  -1.04765
-0.390137  -2.0077
-0.389893  -2.80093
-0.389648  2.6882
-0.389404  -1.01882
-0.38916  -2.00459
-0.388916  -2.79789
-0.388672  2.69129
-0.388428  -0.981831
-0.388184  -2.00148
-0.387939  -2.79484
-0.387695  2.69437
-0.387451  -0.932206
-0.387207  -1.99837
-0.386963  -2.7918
-0.386719  2.69745
-0.386475  -0.861675
-0.38623  -1.99526
-0.385986  -2.78876
-0.385742  2.70053
-0.385498  -0.753453
-0.385254  -1.99214
-0.38501  -2.78572
-0.384766  2.70362
-0.384521  -0.570024
-0.384277  -1.98903
-0.384033  -2.78267
-0.383789  2.70669
-0.383545  -0.226908
-0.383301  -1.98591
-0.383057  -2.77963
-0.382812  2.70977
-0.382568  0.363977
-0.382324  -1.9828
-0.38208  -2.77659
-0.381836  2.71285
-0.381592  0.953286
-0.381348  -1.97968
-0.381104  -2.77355
-0.380859  2.71592
-0.380615  1.29469
-0.380371  -1.97656
-0.380127  -2.77051
-0.379883  2.719
-0.379639  1.47729
-0.379395  -1.97344
-0.37915  -2.76747
-0.378906  2.72207
-0.378662  1.58512
-0.378418  -1.97031
-0.378174  -2.76443
-0.37793  2.72514
-0.377686  1.65543
-0.377441  -1.96719
-0.377197  -2.76138
-0.376953  2.72821
-0.376709  1.70493
-0.376465  -1.96406
-0.376221  -2.75834
-0.375977  2.73128
-0.375732  1.74184
-0.375488  -1.96093
-0.375244  -2.7553
-0.375  2.73435
-0.374756  1.7706
-0.374512  -1.9578
-0.374268  -2.75227
-0.374023  2.73742
-0.373779  1.79382
-0.373535  -1.95467
-0.373291  -2.74923
-0.373047  2.74048
-0.372803  1.8131
-0.372559  -1.95154
-0.372314  -2.74619
-0.37207  2.74355
-0.371826  1.82947
-0.371582  -1.9484
-0.371338  -2.74315
-0.371094  2.74661
-0.37085  1.84366
-0.370605  -1.94527
-0.370361  -2.74011
-0.370117  2.74967
-0.369873  1.85615
-0.369629  -1.94213
-0.369385  -2.73707
-0.369141  2.75274
-0.368896  1.86729
-0.368652  -1.93898
-0.368408  -2.73403
-0.368164  2.7558
-0.36792  1.87737
-0.367676  -1.93584
-0.367432  -2.731
-0.367188  2.75885
-0.366943  1.88656
-0.366699  -1.93269
-0.366455  -2.72796
-0.366211  2.76191
-0.365967  1.89503
-0.365723  -1.92954
-0.365479  -2.72492
-0.365234  2.76497
-0.36499  1.9029
-0.364746  -1.92639
-0.364502  -2.72188
-0.364258  2.76802
-0.364014  1.91026
-0.36377  -1.92324
-0.363525  -2.71885
-0.363281  2.77108
-0.363037  1.91718
-0.362793  -1.92008
-0.362549  -2.71581
-0.362305  2.77413
-0.362061  1.92373
-0.361816  -1.91692
-0.361572  -2.71278
-0.361328  2.77718
-0.361084  1.92995
-0.36084  -1.91376
-0.360596  -2.70974
-0.360352  2.78023
-0.360107  1.9359
-0.359863  -1.9106
-0.359619  -2.7067
-0.359375  2.78328
-0.359131  1.9416
-0.358887  -1.90743
-0.358643  -2.70367
-0.358398  2.78633
-0.358154  1.94708
-0.35791  -1.90426
-0.357666  -2.70063
-0.357422  2.78938
-0.357178  1.95237
-0.356934  -1.90108
-0.356689  -2.6976
-0.356445  2.79242
-0.356201  1.95749
-0.355957  -1.89791
-0.355713  -2.69457
-0.355469  2.79547
-0.355225  1.96246
-0.35498  -1.89472
-0.354736  -2.69153
-0.354492  2.79851
-0.354248  1.96729
-0.354004  -1.89154
-0.35376  -2.6885
-0.353516  2.80156
-0.353271  1.97199
-0.353027  -1.88835
-0.352783  -2.68547
-0.352539  2.8046
-0.352295  1.97658
-0.352051  -1.88516
-0.351807  -2.68243
-0.351562  2.80764
-0.351318  1.98108
-0.351074  -1.88196
-0.35083  -2.6794
-0.350586  2.81068
-0.350342  1.98548
-0.350098  -1.87876
-0.349854  -2.67637
-0.349609  2.81371
-0.349365  1.98979
-0.349121  -1.87556
-0.348877  -2.67334
-0.348633  2.81675
-0.348389  1.99403
-0.348145  -1.87235
-0.3479  -2.67031
-0.347656  2.81979
-0.347412  1.9982
-0.347168  -1.86913
-0.346924  -2.66728
-0.34668  2.82282
-0.346436  2.0023
-0.346191  -1.86591
-0.345947  -2.66425
-0.345703  2.82585
-0.345459  2.00634
-0.345215  -1.86269
-0.344971  -2.66122
-0.344727  2.82888
-0.344482  2.01033
-0.344238  -1.85946
-0.343994  -2.65819
-0.34375  2.83191
-0.343506  2.01426
-0.343262  -1.85622
-0.343018  -2.65516
-0.342773  2.83494
-0.342529  2.01815
-0.342285  -1.85298
-0.342041  -2.65213
-0.341797  2.83797
-0.341553  2.02199
-0.341309  -1.84973
-0.341064  -2.6491
-0.34082  2.841
-0.340576  2.02579
-0.340332  -1.84648
-0.340088  -2.64607
-0.339844  2.84402
-0.3396  2.02955
-0.339355  -1.84322
-0.339111  -2.64304
-0.338867  2.84705
-0.338623  2.03327
-0.338379  -1.83995
-0.338135  -2.64002
-0.337891  2.85007
-0.337646  2.03696
-0.337402  -1.83667
-0.337158  -2.63699
-0.336914  2.85309
-0.33667  2.04062
-0.336426  -1.83339
-0.336182  -2.63396
-0.335938  2.85611
-0.335693  2.04424
-0.335449  -1.8301
-0.335205  -2.63094
-0.334961  2.85913
-0.334717  2.04784
-0.334473  -1.8268
-0.334229  -2.62791
-0.333984  2.86214
-0.33374  2.05141
-0.333496  -1.82349
-0.333252  -2.62489
-0.333008  2.86516
-0.332764  2.05496
-0.33252  -1.82017
-0.332275  -2.62186
-0.332031  2.86817
-0.331787  2.05848
-0.331543  -1.81685
-0.331299  -2.61884
-0.331055  2.87118
-0.330811  2.06198
-0.330566  -1.81351
-0.330322  -2.61581
-0.330078  2.87419
-0.329834  2.06545
-0.32959  -1.81016
-0.329346  -2.61279
-0.329102  2.8772
-0.328857  2.06891
-0.328613  -1.8068
-0.328369  -2.60977
-0.328125  2.88021
-0.327881  2.07234
-0.327637  -1.80343
-0.327393  -2.60674
-0.327148  2.88322
-0.326904  2.07576
-0.32666  -1.80005
-0.326416  -2.60372
-0.326172  2.88622
-0.325928  2.07916
-0.325684  -1.79665
-0.325439  -2.6007
-0.325195  2.88922
-0.324951  2.08254
-0.324707  -1.79324
-0.324463  -2.59768
-0.324219  2.89223
-0.323975  2.0859
-0.32373  -1.78982
-0.323486  -2.59466
-0.323242  2.89522
-0.322998  2.08925
-0.322754  -1.78638
-0.32251  -2.59164
-0.322266  2.89822
-0.322021  2.09259
-0.321777  -1.78292
-0.321533  -2.58862
-0.321289  2.90122
-0.321045  2.09591
-0.320801  -1.77945
-0.320557  -2.5856
-0.320312  2.90421
-0.320068  2.09921
-0.319824  -1.77596
-0.31958  -2.58258
-0.319336  2.9072
-0.319092  2.1025
-0.318848  -1.77245
-0.318604  -2.57957
-0.318359  2.91019
-0.318115  2.10578
-0.317871  -1.76892
-0.317627  -2.57655
-0.317383  2.91318
-0.317139  2.10904
-0.316895  -1.76537
-0.31665  -2.57353
-0.316406  2.91617
-0.316162  2.11229
-0.315918  -1.76179
-0.315674  -2.57052
-0.31543  2.91915
-0.315186  2.11553
-0.314941  -1.7582
-0.314697  -2.5675
-0.314453  2.92213
-0.314209  2.11876
-0.313965  -1.75457
-0.313721  -2.56448
-0.313477  2.92511
-0.313232  2.12198
-0.312988  -1.75092
-0.312744  -2.56147
-0.3125  2.92809
-0.312256  2.12518
-0.312012  -1.74724
-0.311768  -2.55846
-0.311523  2.93107
-0.311279  2.12838
-0.311035  -1.74352
-0.310791  -2.55544
-0.310547  2.93404
-0.310303  2.13156
-0.310059  -1.73978
-0.309814  -2.55243
-0.30957  2.93701
-0.309326  2.13473
-0.309082  -1.736
-0.308838  -2.54942
-0.308594  2.93998
-0.30835  2.1379
-0.308105  -1.73217
-0.307861  -2.5464
-0.307617  2.94295
-0.307373  2.14105
-0.307129  -1.72831
-0.306885  -2.54339
-0.306641  2.94591
-0.306396  2.14419
-0.306152  -1.72441
-0.305908  -2.54038
-0.305664  2.94887
-0.30542  2.14732
-0.305176  -1.72046
-0.304932  -2.53737
-0.304688  2.95183
-0.304443  2.15045
-0.304199  -1.71645
-0.303955  -2.53436
-0.303711  2.95479
-0.303467  2.15356
-0.303223  -1.71239
-0.302979  -2.53135
-0.302734  2.95774
-0.30249  2.15666
-0.302246  -1.70827
-0.302002  -2.52834
-0.301758  2.96069
-0.301514  2.15976
-0.30127  -1.70409
-0.301025  -2.52534
-0.300781  2.96364
-0.300537  2.16284
-0.300293  -1.69984
-0.300049  -2.52233
-0.299805  2.96658
-0.299561  2.16592
-0.299316  -1.69551
-0.299072  -2.51932
-0.298828  2.96952
-0.298584  2.16898
-0.29834  -1.6911
-0.298096  -2.51632
-0.297852  2.97246
-0.297607  2.17204
-0.297363  -1.6866
-0.297119  -2.51331
-0.296875  2.9754
-0.296631  2.17508
-0.296387  -1.682
-0.296143  -2.5103
-0.295898  2.97833
-0.295654  2.17812
-0.29541  -1.6773
-0.295166  -2.5073
-0.294922  2.98126
-0.294678  2.18115
-0.294434  -1.67247
-0.294189  -2.5043
-0.293945  2.98418
-0.293701  2.18417
-0.293457  -1.66752
-0.293213  -2.50129
-0.292969  2.9871
-0.292725  2.18718
-0.29248  -1.66243
-0.292236  -2.49829
-0.291992  2.99002
-0.291748  2.19017
-0.291504  -1.65718
-0.29126  -2.49528
-0.291016  2.99293
-0.290771  2.19316
-0.290527  -1.65175
-0.290283  -2.49228
-0.290039  2.99584
-0.289795  2.19614
-0.289551  -1.64613
-0.289307  -2.48928
-0.289062  2.99875
-0.288818  2.19911
-0.288574  -1.64029
-0.28833  -2.48628
-0.288086  3.00165
-0.287842  2.20207
-0.287598  -1.63421
-0.287354  -2.48328
-0.287109  3.00454
-0.286865  2.20502
-0.286621  -1.62785
-0.286377  -2.48027
-0.286133  3.00743
-0.285889  2.20795
-0.285645  -1.62119
-0.2854  -2.47727
-0.285156  3.01032
-0.284912  2.21088
-0.284668  -1.61417
-0.284424  -2.47427
-0.28418  3.0132
-0.283936  2.21379
-0.283691  -1.60676
-0.283447  -2.47127
-0.283203  3.01607
-0.282959  2.2167
-0.282715  -1.5989
-0.282471  -2.46827
-0.282227  3.01894
-0.281982  2.21959
-0.281738  -1.59051
-0.281494  -2.46527
-0.28125  3.02181
-0.281006  2.22247
-0.280762  -1.58151
-0.280518  -2.46227
-0.280273  3.02467
-0.280029  2.22533
-0.279785  -1.57181
-0.279541  -2.45927
-0.279297  3.02752
-0.279053  2.22818
-0.278809  -1.56128
-0.278564  -2.45627
-0.27832  3.03036
-0.278076  2.23102
-0.277832  -1.54977
-0.277588  -2.45327
-0.277344  3.0332
-0.2771  2.23385
-0.276855  -1.53709
-0.276611  -2.45027
-0.276367  3.03603
-0.276123  2.23666
-0.275879  -1.523
-0.275635  -2.44726
-0.275391  3.03886
-0.275146  2.23945
-0.274902  -1.5072
-0.274658  -2.44426
-0.274414  3.04168
-0.27417  2.24223
-0.273926  -1.48928
-0.273682  -2.44126
-0.273438  3.04449
-0.273193  2.245
-0.272949  -1.46873
-0.272705  -2.43825
-0.272461  3.04729
-0.272217  2.24774
-0.271973  -1.44483
-0.271729  -2.43524
-0.271484  3.05008
-0.27124  2.25047
-0.270996  -1.41662
-0.270752  -2.43224
-0.270508  3.05286
-0.270264  2.25318
-0.27002  -1.38272
-0.269775  -2.42923
-0.269531  3.05563
-0.269287  2.25587
-0.269043  -1.34119
-0.268799  -2.42622
-0.268555  3.0584
-0.268311  2.25853
-0.268066  -1.2891
-0.267822  -2.4232
-0.267578  3.06115
-0.267334  2.26118
-0.26709  -1.22206
-0.266846  -2.42019
-0.266602  3.06389
-0.266357  2.2638
-0.266113  -1.1332
-0.265869  -2.41717
-0.265625  3.06662
-0.265381  2.2664
-0.265137  -1.01185
-0.264893  -2.41415
-0.264648  3.06933
-0.264404  2.26897
-0.26416  -0.842247
-0.263916  -2.41113
-0.263672  3.07204
-0.263428  2.27151
-0.263184  -0.606015
-0.262939  -2.4081
-0.262695  3.07472
-0.262451  2.27402
-0.262207  -0.298665
-0.261963  -2.40506
-0.261719  3.0774
-0.261475  2.2765
-0.26123  0.0406915
-0.260986  -2.40203
-0.260742  3.08006
-0.260498  2.27895
-0.260254  0.343263
-0.26001  -2.39898
-0.259766  3.0827
-0.259521  2.28136
-0.259277  0.573421
-0.259033  -2.39593
-0.258789  3.08532
-0.258545  2.28372
-0.258301  0.737567
-0.258057  -2.39288
-0.257812  3.08793
-0.257568  2.28605
-0.257324  0.854177
-0.25708  -2.38981
-0.256836  3.09051
-0.256592  2.28833
-0.256348  0.938625
-0.256104  -2.38674
-0.255859  3.09307
-0.255615  2.29056
-0.255371  1.00123
-0.255127  -2.38365
-0.254883  3.09561
-0.254639  2.29274
-0.254395  1.04857
-0.25415  -2.38056
-0.253906  3.09813
-0.253662  2.29486
-0.253418  1.08488
-0.253174  -2.37745
-0.25293  3.10062
-0.252686  2.29691
-0.252441  1.11288
-0.252197  -2.37433
-0.251953  3.10308
-0.251709  2.29889
-0.251465  1.13439
-0.251221  -2.37119
-0.250977  3.10551
-0.250732  2.3008
-0.250488  1.15059
-0.250244  -2.36804
-0.25  3.1079
-0.249756  2.30261
-0.249512  1.16226
-0.249268  -2.36487
-0.249023  3.11026
-0.248779  2.30434
-0.248535  1.16988
-0.248291  -2.36168
-0.248047  3.11258
-0.247803  2.30595
-0.247559  1.17367
-0.247314  -2.35846
-0.24707  3.11485
-0.246826  2.30745
-0.246582  1.17364
-0.246338  -2.35521
-0.246094  3.11708
-0.24585  2.30881
-0.245605  1.16961
-0.245361  -2.35194
-0.245117  3.11926
-0.244873  2.31002
-0.244629  1.16114
-0.244385  -2.34864
-0.244141  3.12138
-0.243896  2.31106
-0.243652  1.1475
-0.243408  -2.34529
-0.243164  3.12344
-0.24292  2.31191
-0.242676  1.12752
-0.242432  -2.34191
-0.242188  3.12542
-0.241943  2.31253
-0.241699  1.09944
-0.241455  -2.33849
-0.241211  3.12733
-0.240967  2.31288
-0.240723  1.06054
-0.240479  -2.33501
-0.240234  3.12916
-0.23999  2.31293
-0.239746  1.00656
-0.239502  -2.33148
-0.239258  3.13088
-0.239014  2.31262
-0.23877  0.930675
-0.238525  -2.32789
-0.238281  3.1325
-0.238037  2.31187
-0.237793  0.821834
-0.237549  -2.32423
-0.237305  3.13399
-0.237061  2.31061
-0.236816  0.662712
-0.236572  -2.3205
-0.236328  3.13534
-0.236084  2.30871
-0.23584  0.43068
-0.235596  -2.31669
-0.235352  3.13652
-0.235107  2.30603
-0.234863  0.11502
-0.234619  -2.3128
-0.234375  3.13752
-0.234131  2.30235
-0.233887  -0.242889
-0.233643  -2.30881
-0.233398  3.13829
-0.233154  2.29741
-0.23291  -0.559665
-0.232666  -2.30473
-0.232422  3.1388
-0.232178  2.29079
-0.231934  -0.793426
-0.231689  -2.30054
-0.231445  3.139
-0.231201  2.28192
-0.230957  -0.954661
-0.230713  -2.29624
-0.230469  3.13882
-0.230225  2.26988
-0.22998  -1.06603
-0.229736  -2.29183
-0.229492  3.13819
-0.229248  2.25324
-0.229004  -1.14496
-0.22876  -2.28732
-0.228516  3.13698
-0.228271  2.2295
-0.228027  -1.20257
-0.227783  -2.28269
-0.227539  3.13506
-0.227295  2.19403
-0.227051  -1.24577
-0.226807  -2.27796
-0.226562  3.13221
-0.226318  2.13711
-0.226074  -1.27892
-0.22583  -2.27314
-0.225586  3.12814
-0.225342  2.03501
-0.225098  -1.30484
-0.224854  -2.26825
-0.224609  3.12241
-0.224365  1.81518
-0.224121  -1.32541
-0.223877  -2.26331
-0.223633  3.11435
-0.223389  1.22384
-0.223145  -1.34195
-0.2229  -2.25835
-0.222656  3.10286
-0.222412  0.25596
-0.222168  -1.35537
-0.221924  -2.25341
-0.22168  3.08601
-0.221436  -0.199158
-0.221191  -1.36634
-0.220947  -2.24853
-0.220703  3.06011
-0.220459  -0.375782
-0.220215  -1.37535
-0.219971  -2.24375
-0.219727  3.01713
-0.219482  -0.462554
-0.219238  -1.38279
-0.218994  -2.23913
-0.21875  2.93585
-0.218506  -0.512662
-0.218262  -1.38895
-0.218018  -2.2347
-0.217773  2.73964
-0.217529  -0.544639
-0.217285  -1.39404
-0.217041  -2.23052
-0.216797  2.01409
-0.216553  -0.566413
-0.216309  -1.39825
-0.216064  -2.22662
-0.21582  0.794038
-0.215576  -0.581905
-0.215332  -1.40171
-0.215088  -2.22303
-0.214844  0.440337
-0.2146  -0.593265
-0.214355  -1.40456
-0.214111  -2.21976
-0.213867  0.320017
-0.213623  -0.601771
-0.213379  -1.40687
-0.213135  -2.21682
-0.212891  0.26242
-0.212646  -0.608225
-0.212402  -1.40874
-0.212158  -2.21422
-0.211914  0.229588
-0.21167  -0.61316
-0.211426  -1.41024
-0.211182  -2.21195
-0.210938  0.208974
-0.210693  -0.616938
-0.210449  -1.41141
-0.210205  -2.21
-0.209961  0.195335
-0.209717  -0.619815
-0.209473  -1.41233
-0.209229  -2.20838
-0.208984  0.186191
-0.20874  -0.621971
-0.208496  -1.41304
-0.208252  -2.2071
-0.208008  0.18045
-0.207764  -0.623518
-0.20752  -1.41362
-0.207275  -2.20628
-0.207031  0.178489
-0.206787  -0.62447
-0.206543  -1.41421
-0.206299  -2.20626
-0.206055  0.189867
-0.205811  -0.624348
-0.205566  -1.41551
-0.205322  -2.20882
-0.205078  -3.00866
-0.204834  2.50274
-0.20459  1.73858
-0.204346  1.19905
-0.204102  -2.99471
-0.203857  2.51096
-0.203613  1.73121
-0.203369  0.943963
-0.203125  0.157663
-0.202881  -0.627781
-0.202637  -1.41309
-0.202393  -2.19837
-0.202148  -2.98364
-0.201904  2.51427
-0.20166  1.72901
-0.201416  0.943751
-0.201172  0.158504
-0.200928  -0.626729
-0.200684  -1.41195
-0.200439  -2.19714
-0.200195  -2.98232
-0.199951  2.51572
-0.199707  1.7306
-0.199463  0.945514
-0.199219  0.160469
-0.198975  -0.624532
-0.19873  -1.40949
-0.198486  -2.19439
-0.198242  -2.97925
-0.197998  2.51913
-0.197754  1.73437
-0.19751  0.949653
-0.197266  0.164965
-0.197021  -0.6197
-0.196777  -1.40435
-0.196533  -2.18899
-0.196289  -2.97362
-0.196045  2.52493
-0.195801  1.7403
-0.195557  0.95567
-0.195312  0.171039
-0.195068  -0.613592
-0.194824  -1.39822
-0.19458  -2.18285
-0.194336  -2.96749
-0.194092  2.53107
-0.193848  1.74644
-0.193604  0.961806
-0.193359  0.177175
-0.193115  -0.607458
-0.192871  -1.39209
-0.192627  -2.17674
-0.192383  -2.96139
-0.192139  2.53712
-0.191895  1.75242
-0.19165  0.967682
-0.191406  0.182903
-0.191162  -0.601924
-0.190918  -1.3868
-0.190674  -2.17173
-0.19043  -2.9567
-0.190186  2.54146
-0.189941  1.7564
-0.189697  0.971299
-0.189453  0.186166
-0.189209  -0.598995
-0.188965  -1.38418
-0.188721  -2.16939
-0.188477  -2.95461
-0.188232  2.54333
-0.187988  1.75808
-0.187744  0.97282
-0.1875  0.187552
-0.187256  -0.597721
-0.187012  -1.383
-0.186768  -2.16828
-0.186523  -2.95362
-0.186279  2.54392
-0.186035  1.75652
-0.185791  0.973163
-0.185547  0.193385
-0.185303  -0.575166
-0.185059  1.73191
-0.184814  0.971575
-0.18457  0.210548
-0.184326  -0.579554
-0.184082  -1.37678
-0.183838  -2.16852
-0.183594  -2.96183
-0.18335  -0.567835
-0.183105  -1.37902
-0.182861  -2.16916
-0.182617  -2.96068
-0.182373  -0.55306
-0.182129  -1.37942
-0.181885  -2.16993
-0.181641  -2.9621
-0.181396  -0.539904
-0.181152  -1.37942
-0.180908  -2.17097
-0.180664  -2.96475
-0.18042  -0.529764
-0.180176  -1.37928
-0.179932  -2.17238
-0.179688  -2.96861
-0.179443  -0.522165
-0.179199  -1.37906
-0.178955  -2.17424
-0.178711  -2.97399
-0.178467  -0.516399
-0.178223  -1.37879
-0.177979  -2.17668
-0.177734  -2.98144
-0.17749  -0.511937
-0.177246  -1.37848
-0.177002  -2.17983
-0.176758  -2.9919
-0.176514  -0.508414
-0.17627  -1.37811
-0.176025  -2.1839
-0.175781  -3.00694
-0.175537  -0.505562
-0.175293  -1.37766
-0.175049  -2.18916
-0.174805  -3.02953
-0.174561  -0.503181
-0.174316  -1.37711
-0.174072  -2.19596
-0.173828  -3.06583
-0.173584  -0.501119
-0.17334  -1.37643
-0.173096  -2.20484
-0.172852  -3.13102
-0.172607  -0.499262
-0.172363  -1.37558
-0.172119  -2.2166
-0.171875  3.00944
-0.171631  -0.497526
-0.171387  -1.37453
-0.171143  -2.23247
-0.170898  2.55074
-0.170654  -0.495851
-0.17041  -1.37324
-0.170166  -2.25451
-0.169922  1.2471
-0.169678  -0.494195
-0.169434  -1.37167
-0.169189  -2.28638
-0.168945  0.694003
-0.168701  -0.492529
-0.168457  -1.36979
-0.168213  -2.33526
-0.167969  0.532326
-0.167725  -0.490832
-0.16748  -1.36758
-0.167236  -2.41712
-0.166992  0.461238
-0.166748  -0.489094
-0.166504  -1.36501
-0.16626  -2.57446
-0.166016  0.422492
-0.165771  -0.487306
-0.165527  -1.36207
-0.165283  -2.94392
-0.165039  0.398744
-0.164795  -0.485465
-0.164551  -1.35878
-0.164307  2.50067
-0.164062  0.383138
-0.163818  -0.483569
-0.163574  -1.35515
-0.16333  1.80435
-0.163086  0.372435
-0.162842  -0.481619
-0.162598  -1.35119
-0.162354  1.52488
-0.162109  0.364912
-0.161865  -0.479615
-0.161621  -1.34694
-0.161377  1.3981
-0.161133  0.35957
-0.160889  -0.477559
-0.160645  -1.34245
-0.1604  1.32895
-0.160156  0.355788
-0.159912  -0.475454
-0.159668  -1.33775
-0.159424  1.28646
-0.15918  0.353161
-0.158936  -0.473302
-0.158691  -1.33288
-0.158447  1.25827
-0.158203  0.351413
-0.157959  -0.471106
-0.157715  -1.32789
-0.157471  1.23861
-0.157227  0.350351
-0.156982  -0.468868
-0.156738  -1.32283
-0.156494  1.22441
-0.15625  0.349834
-0.156006  -0.46659
-0.155762  -1.31772
-0.155518  1.21393
-0.155273  0.349758
-0.155029  -0.464276
-0.154785  -1.3126
-0.154541  1.20608
-0.154297  0.350043
-0.154053  -0.461927
-0.153809  -1.3075
-0.153564  1.20018
-0.15332  0.350628
-0.153076  -0.459545
-0.152832  -1.30243
-0.152588  1.19574
-0.152344  0.351466
-0.1521  -0.457132
-0.151855  -1.29743
-0.151611  1.19244
-0.151367  0.352518
-0.151123  -0.454691
-0.150879  -1.29249
-0.150635  1.19004
-0.150391  0.353754
-0.150146  -0.452224
-0.149902  -1.28763
-0.149658  1.18837
-0.149414  0.355149
-0.14917  -0.44973
-0.148926  -1.28286
-0.148682  1.1873
-0.148438  0.356681
-0.148193  -0.447214
-0.147949  -1.27818
-0.147705  1.18671
-0.147461  0.358335
-0.147217  -0.444675
-0.146973  -1.27359
-0.146729  1.18654
-0.146484  0.360095
-0.14624  -0.442114
-0.145996  -1.26908
-0.145752  1.18672
-0.145508  0.361949
-0.145264  -0.439535
-0.14502  -1.26467
-0.144775  1.1872
-0.144531  0.363887
-0.144287  -0.436936
-0.144043  -1.26034
-0.143799  1.18793
-0.143555  0.365901
-0.143311  -0.43432
-0.143066  -1.2561
-0.142822  1.18889
-0.142578  0.367982
-0.142334  -0.431688
-0.14209  -1.25193
-0.141846  1.19005
-0.141602  0.370124
-0.141357  -0.42904
-0.141113  -1.24784
-0.140869  1.19139
-0.140625  0.372321
-0.140381  -0.426377
-0.140137  -1.24382
-0.139893  1.19287
-0.139648  0.374569
-0.139404  -0.4237
-0.13916  -1.23986
-0.138916  1.1945
-0.138672  0.376862
-0.138428  -0.42101
-0.138184  -1.23597
-0.137939  1.19625
-0.137695  0.379197
-0.137451  -0.418308
-0.137207  -1.23214
-0.136963  1.19811
-0.136719  0.381571
-0.136475  -0.415593
-0.13623  -1.22836
-0.135986  1.20008
-0.135742  0.38398
-0.135498  -0.412867
-0.135254  -1.22463
-0.13501  1.20213
-0.134766  0.386421
-0.134521  -0.410131
-0.134277  -1.22095
-0.134033  1.20428
-0.133789  0.388893
-0.133545  -0.407384
-0.133301  -1.21731
-0.133057  1.2065
-0.132812  0.391393
-0.132568  -0.404628
-0.132324  -1.21371
-0.13208  1.20879
-0.131836  0.393918
-0.131592  -0.401862
-0.131348  -1.21015
-0.131104  1.21116
-0.130859  0.396468
-0.130615  -0.399088
-0.130371  -1.20663
-0.130127  1.21358
-0.129883  0.39904
-0.129639  -0.396305
-0.129395  -1.20314
-0.12915  1.21607
-0.128906  0.401634
-0.128662  -0.393514
-0.128418  -1.19968
-0.128174  1.21861
-0.12793  0.404247
-0.127686  -0.390716
-0.127441  -1.19625
-0.127197  1.22121
-0.126953  0.406878
-0.126709  -0.38791
-0.126465  -1.19284
-0.126221  1.22385
-0.125977  0.409527
-0.125732  -0.385098
-0.125488  -1.18946
-0.125244  1.22655
-0.125  0.412192
-0.124756  -0.382279
-0.124512  -1.1861
-0.124268  1.22929
-0.124023  0.414872
-0.123779  -0.379453
-0.123535  -1.18276
-0.123291  1.23207
-0.123047  0.417567
-0.122803  -0.376621
-0.122559  -1.17944
-0.122314  1.2349
-0.12207  0.420276
-0.121826  -0.373784
-0.121582  -1.17614
-0.121338  1.23777
-0.121094  0.422997
-0.12085  -0.37094
-0.120605  -1.17286
-0.120361  1.24069
-0.120117  0.425731
-0.119873  -0.368092
-0.119629  -1.16959
-0.119385  1.24364
-0.119141  0.428476
-0.118896  -0.365238
-0.118652  -1.16634
-0.118408  1.24663
-0.118164  0.431232
-0.11792  -0.36238
-0.117676  -1.1631
-0.117432  1.24966
-0.117188  0.433999
-0.116943  -0.359516
-0.116699  -1.15988
-0.116455  1.25274
-0.116211  0.436775
-0.115967  -0.356648
-0.115723  -1.15666
-0.115479  1.25585
-0.115234  0.439562
-0.11499  -0.353776
-0.114746  -1.15346
-0.114502  1.259
-0.114258  0.442357
-0.114014  -0.3509
-0.11377  -1.15027
-0.113525  1.26219
-0.113281  0.44516
-0.113037  -0.348019
-0.112793  -1.14708
-0.112549  1.26542
-0.112305  0.447972
-0.112061  -0.345135
-0.111816  -1.14391
-0.111572  1.26869
-0.111328  0.450792
-0.111084  -0.342247
-0.11084  -1.14075
-0.110596  1.27201
-0.110352  0.453619
-0.110107  -0.339355
-0.109863  -1.13759
-0.109619  1.27537
-0.109375  0.456454
-0.109131  -0.33646
-0.108887  -1.13444
-0.108643  1.27877
-0.108398  0.459295
-0.108154  -0.333561
-0.10791  -1.1313
-0.107666  1.28222
-0.107422  0.462143
-0.107178  -0.330659
-0.106934  -1.12816
-0.106689  1.28571
-0.106445  0.464997
-0.106201  -0.327755
-0.105957  -1.12503
-0.105713  1.28926
-0.105469  0.467858
-0.105225  -0.324847
-0.10498  -1.12191
-0.104736  1.29286
-0.104492  0.470724
-0.104248  -0.321936
-0.104004  -1.11879
-0.10376  1.29651
-0.103516  0.473596
-0.103271  -0.319023
-0.103027  -1.11568
-0.102783  1.30022
-0.102539  0.476473
-0.102295  -0.316106
-0.102051  -1.11258
-0.101807  1.304
-0.101562  0.479356
-0.101318  -0.313188
-0.101074  -1.10947
-0.10083  1.30784
-0.100586  0.482243
-0.100342  -0.310266
-0.100098  -1.10638
-0.0998535  1.31175
-0.0996094  0.485136
-0.0993652  -0.307343
-0.0991211  -1.10328
-0.098877  1.31573
-0.0986328  0.488033
-0.0983887  -0.304417
-0.0981445  -1.10019
-0.0979004  1.31979
-0.0976562  0.490935
-0.0974121  -0.301488
-0.097168  -1.09711
-0.0969238  1.32394
-0.0966797  0.493841
-0.0964355  -0.298558
-0.0961914  -1.09402
-0.0959473  1.32818
-0.0957031  0.496752
-0.095459  -0.295625
-0.0952148  -1.09094
-0.0949707  1.33253
-0.0947266  0.499666
-0.0944824  -0.292691
-0.0942383  -1.08787
-0.0939941  1.33699
-0.09375  0.502585
-0.0935059  -0.289754
-0.0932617  -1.0848
-0.0930176  1.34156
-0.0927734  0.505507
-0.0925293  -0.286816
-0.0922852  -1.08173
-0.092041  1.34627
-0.0917969  0.508433
-0.0915527  -0.283876
-0.0913086  -1.07866
-0.0910645  1.35113
-0.0908203  0.511363
-0.0905762  -0.280934
-0.090332  -1.0756
-0.0900879  1.35616
-0.0898438  0.514297
-0.0895996  -0.27799
-0.0893555  -1.07253
-0.0891113  1.36136
-0.0888672  0.517234
-0.088623  -0.275044
-0.0883789  -1.06947
-0.0881348  1.36677
-0.0878906  0.520174
-0.0876465  -0.272098
-0.0874023  -1.06642
-0.0871582  1.37241
-0.0869141  0.523118
-0.0866699  -0.269149
-0.0864258  -1.06336
-0.0861816  1.37831
-0.0859375  0.526065
-0.0856934  -0.266199
-0.0854492  -1.06031
-0.0852051  1.38451
-0.0849609  0.529015
-0.0847168  -0.263248
-0.0844727  -1.05726
-0.0842285  1.39104
-0.0839844  0.531968
-0.0837402  -0.260295
-0.0834961  -1.05421
-0.083252  1.39797
-0.0830078  0.534924
-0.0827637  -0.257341
-0.0825195  -1.05116
-0.0822754  1.40536
-0.0820312  0.537882
-0.0817871  -0.254385
-0.081543  -1.04812
-0.0812988  1.41328
-0.0810547  0.540844
-0.0808105  -0.251429
-0.0805664  -1.04508
-0.0803223  1.42184
-0.0800781  0.543809
-0.079834  -0.248471
-0.0795898  -1.04203
-0.0793457  1.43115
-0.0791016  0.546776
-0.0788574  -0.245512
-0.0786133  -1.039
-0.0783691  1.44138
-0.078125  0.549746
-0.0778809  -0.242552
-0.0776367  -1.03596
-0.0773926  1.45274
-0.0771484  0.552719
-0.0769043  -0.239591
-0.0766602  -1.03292
-0.076416  1.4655
-0.0761719  0.555694
-0.0759277  -0.236628
-0.0756836  -1.02989
-0.0754395  1.48003
-0.0751953  0.558672
-0.0749512  -0.233665
-0.074707  -1.02685
-0.0744629  1.49686
-0.0742188  0.561652
-0.0739746  -0.230701
-0.0737305  -1.02382
-0.0734863  1.51671
-0.0732422  0.564635
-0.072998  -0.227736
-0.0727539  -1.02079
-0.0725098  1.54067
-0.0722656  0.56762
-0.0720215  -0.22477
-0.0717773  -1.01776
-0.0715332  1.57042
-0.0712891  0.570608
-0.0710449  -0.221803
-0.0708008  -1.01473
-0.0705566  1.60864
-0.0703125  0.573598
-0.0700684  -0.218835
-0.0698242  -1.0117
-0.0695801  1.65994
-0.0693359  0.57659
-0.0690918  -0.215866
-0.0688477  -1.00868
-0.0686035  1.73279
-0.0683594  0.579585
-0.0681152  -0.212897
-0.0678711  -1.00565
-0.067627  1.84419
-0.0673828  0.582581
-0.0671387  -0.209927
-0.0668945  -1.00263
-0.0666504  2.03137
-0.0664062  0.585581
-0.0661621  -0.206956
-0.065918  -0.999608
-0.0656738  2.37434
-0.0654297  0.588582
-0.0651855  -0.203985
-0.0649414  -0.996587
-0.0646973  2.94643
-0.0644531  0.591586
-0.064209  -0.201013
-0.0639648  -0.993567
-0.0637207  -2.76807
-0.0634766  0.594592
-0.0632324  -0.19804
-0.0629883  -0.990548
-0.0627441  -2.42898
-0.0625  0.5976
-0.0622559  -0.195067
-0.0620117  -0.987531
-0.0617676  -2.24376
-0.0615234  0.60061
-0.0612793  -0.192093
-0.0610352  -0.984514
-0.060791  -2.1333
-0.0605469  0.603623
-0.0603027  -0.189119
-0.0600586  -0.981499
-0.0598145  -2.06096
-0.0595703  0.606637
-0.0593262  -0.186144
-0.059082  -0.978485
-0.0588379  -2.00994
-0.0585938  0.609654
-0.0583496  -0.183169
-0.0581055  -0.975472
-0.0578613  -1.97189
-0.0576172  0.612673
-0.057373  -0.180193
-0.0571289  -0.97246
-0.0568848  -1.94225
-0.0566406  0.615695
-0.0563965  -0.177217
-0.0561523  -0.969449
-0.0559082  -1.91835
-0.0556641  0.618718
-0.0554199  -0.17424
-0.0551758  -0.966439
-0.0549316  -1.89853
-0.0546875  0.621744
-0.0544434  -0.171263
-0.0541992  -0.96343
-0.0539551  -1.88172
-0.0537109  0.624771
-0.0534668  -0.168286
-0.0532227  -0.960422
-0.0529785  -1.86719
-0.0527344  0.627801
-0.0524902  -0.165309
-0.0522461  -0.957415
-0.052002  -1.85442
-0.0517578  0.630834
-0.0515137  -0.162331
-0.0512695  -0.95441
-0.0510254  -1.84305
-0.0507812  0.633868
-0.0505371  -0.159353
-0.050293  -0.951405
-0.0500488  -1.83279
-0.0498047  0.636905
-0.0495605  -0.156374
-0.0493164  -0.948401
-0.0490723  -1.82344
-0.0488281  0.639944
-0.048584  -0.153395
-0.0483398  -0.945399
-0.0480957  -1.81485
-0.0478516  0.642985
-0.0476074  -0.150417
-0.0473633  -0.942398
-0.0471191  -1.80688
-0.046875  0.646028
-0.0466309  -0.147438
-0.0463867  -0.939397
-0.0461426  -1.79944
-0.0458984  0.649074
-0.0456543  -0.144459
-0.0454102  -0.936398
-0.045166  -1.79246
-0.0449219  0.652122
-0.0446777  -0.141479
-0.0444336  -0.9334
-0.0441895  -1.78586
-0.0439453  0.655173
-0.0437012  -0.1385
-0.043457  -0.930403
-0.0432129  -1.7796
-0.0429688  0.658226
-0.0427246  -0.13552
-0.0424805  -0.927407
-0.0422363  -1.77363
-0.0419922  0.661281
-0.041748  -0.132541
-0.0415039  -0.924413
-0.0412598  -1.76792
-0.0410156  0.664339
-0.0407715  -0.129561
-0.0405273  -0.921419
-0.0402832  -1.76243
-0.0400391  0.667399
-0.0397949  -0.126582
-0.0395508  -0.918427
-0.0393066  -1.75714
-0.0390625  0.670462
-0.0388184  -0.123602
-0.0385742  -0.915436
-0.0383301  -1.75203
-0.0380859  0.673528
-0.0378418  -0.120623
-0.0375977  -0.912446
-0.0373535  -1.74707
-0.0371094  0.676596
-0.0368652  -0.117643
-0.0366211  -0.909457
-0.036377  -1.74226
-0.0361328  0.679667
-0.0358887  -0.114664
-0.0356445  -0.90647
-0.0354004  -1.73758
-0.0351562  0.682741
-0.0349121  -0.111685
-0.034668  -0.903484
-0.0344238  -1.73302
-0.0341797  0.685817
-0.0339355  -0.108706
-0.0336914  -0.900499
-0.0334473  -1.72855
-0.0332031  0.688897
-0.032959  -0.105727
-0.0327148  -0.897515
-0.0324707  -1.72419
-0.0322266  0.691979
-0.0319824  -0.102748
-0.0317383  -0.894533
-0.0314941  -1.71991
-0.03125  0.695064
-0.0310059  -0.0997698
-0.0307617  -0.891552
-0.0305176  -1.71571
-0.0302734  0.698153
-0.0300293  -0.0967916
-0.0297852  -0.888572
-0.029541  -1.71159
-0.0292969  0.701245
-0.0290527  -0.0938136
-0.0288086  -0.885594
-0.0285645  -1.70753
-0.0283203  0.70434
-0.0280762  -0.090836
-0.027832  -0.882618
-0.0275879  -1.70354
-0.0273438  0.707438
-0.0270996  -0.0878587
-0.0268555  -0.879643
-0.0266113  -1.69961
-0.0263672  0.71054
-0.026123  -0.0848817
-0.0258789  -0.876669
-0.0256348  -1.69572
-0.0253906  0.713646
-0.0251465  -0.0819051
-0.0249023  -0.873697
-0.0246582  -1.69189
-0.0244141  0.716755
-0.0241699  -0.0789289
-0.0239258  -0.870726
-0.0236816  -1.68811
-0.0234375  0.719868
-0.0231934  -0.0759532
-0.0229492  -0.867757
-0.0227051  -1.68437
-0.0224609  0.722985
-0.0222168  -0.0729779
-0.0219727  -0.86479
-0.0217285  -1.68067
-0.0214844  0.726106
-0.0212402  -0.0700032
-0.0209961  -0.861824
-0.020752  -1.677
-0.0205078  0.729231
-0.0202637  -0.0670289
-0.0200195  -0.858861
-0.0197754  -1.67338
-0.0195312  0.732361
-0.0192871  -0.0640553
-0.019043  -0.855898
-0.0187988  -1.66978
-0.0185547  0.735495
-0.0183105  -0.0610822
-0.0180664  -0.852938
-0.0178223  -1.66622
-0.0175781  0.738633
-0.017334  -0.0581098
-0.0170898  -0.84998
-0.0168457  -1.66269
-0.0166016  0.741777
-0.0163574  -0.0551381
-0.0161133  -0.847023
-0.0158691  -1.65919
-0.015625  0.744926
-0.0153809  -0.052167
-0.0151367  -0.844069
-0.0148926  -1.65571
-0.0146484  0.748079
-0.0144043  -0.0491967
-0.0141602  -0.841116
-0.013916  -1.65226
-0.0136719  0.751239
-0.0134277  -0.0462272
-0.0131836  -0.838166
-0.0129395  -1.64884
-0.0126953  0.754404
-0.0124512  -0.0432585
-0.012207  -0.835217
-0.0119629  -1.64543
-0.0117188  0.757574
-0.0114746  -0.0402906
-0.0112305  -0.832271
-0.0109863  -1.64205
-0.0107422  0.760751
-0.010498  -0.0373237
-0.0102539  -0.829327
-0.0100098  -1.63869
-0.00976562  0.763934
-0.00952148  -0.0343577
-0.00927734  -0.826385
-0.0090332  -1.63535
-0.00878906  0.767124
-0.00854492  -0.0313926
-0.00830078  -0.823446
-0.00805664  -1.63203
-0.0078125  0.770321
-0.00756836  -0.0284287
-0.00732422  -0.820509
-0.00708008  -1.62873
-0.00683594  0.773525
-0.0065918  -0.0254657
-0.00634766  -0.817575
-0.00610352  -1.62545
-0.00585938  0.776736
-0.00561523  -0.022504
-0.00537109  -0.814644
-0.00512695  -1.62219
-0.00488281  0.779956
-0.00463867  -0.0195434
-0.00439453  -0.811715
-0.00415039  -1.61894
-0.00390625  0.783183
-0.00366211  -0.016584
-0.00341797  -0.808789
-0.00317383  -1.61571
-0.00292969  0.78642
-0.00268555  -0.0136259
-0.00244141  -0.805865
-0.00219727  -1.61249
-0.00195312  0.789665
-0.00170898  -0.0106692
-0.00146484  -0.802945
-0.0012207  -1.60929
-0.000976562  0.79292
-0.000732422  -0.00771386
-0.000488281  -0.800028
-0.000244141  -1.6061
0  -0.00476
0.000244141  -0.797114
0.000488281  -1.60293
0.000732422  0.79946
0.000976562  -0.00180766
0.0012207  -0.794203
0.00146484  -1.59978
0.00170898  0.802747
0.00195312  0.00114308
0.00219727  -0.791295
0.00244141  -1.59663
0.00268555  0.806045
0.00292969  0.00409216
0.00317383  -0.788391
0.00341797  -1.59351
0.00366211  0.809355
0.00390625  0.0070395
0.00415039  -0.785491
0.00439453  -1.59039
0.00463867  0.812679
0.00488281  0.00998502
0.00512695  -0.782594
0.00537109  -1.58729
0.00561523  0.816015
0.00585938  0.0129286
0.00610352  -0.779702
0.00634766  -1.5842
0.0065918  0.819366
0.00683594  0.0158703
0.00708008  -0.776813
0.00732422  -1.58113
0.00756836  0.822733
0.0078125  0.0188099
0.00805664  -0.773929
0.00830078  -1.57806
0.00854492  0.826115
0.00878906  0.0217473
0.0090332  -0.771049
0.00927734  -1.57502
0.00952148  0.829514
0.00976562  0.0246825
0.0100098  -0.768173
0.0102539  -1.57198
0.010498  0.832931
0.0107422  0.0276153
0.0109863  -0.765302
0.0112305  -1.56896
0.0114746  0.836367
0.0117188  0.0305457
0.0119629  -0.762436
0.012207  -1.56595
0.0124512  0.839823
0.0126953  0.0334735
0.0129395  -0.759575
0.0131836  -1.56295
0.0134277  0.843301
0.0136719  0.0363986
0.013916  -0.756719
0.0141602  -1.55997
0.0144043  0.846801
0.0146484  0.039321
0.0148926  -0.753869
0.0151367  -1.557
0.0153809  0.850325
0.015625  0.0422403
0.0158691  -0.751025
0.0161133  -1.55404
0.0163574  0.853875
0.0166016  0.0451566
0.0168457  -0.748187
0.0170898  -1.5511
0.017334  0.857453
0.0175781  0.0480697
0.0178223  -0.745354
0.0180664  -1.54817
0.0183105  0.861059
0.0185547  0.0509794
0.0187988  -0.742529
0.019043  -1.54525
0.0192871  0.864697
0.0195312  0.0538856
0.0197754  -0.73971
0.0200195  -1.54235
0.0202637  0.868367
0.0205078  0.056788
0.020752  -0.736898
0.0209961  -1.53946
0.0212402  0.872074
0.0214844  0.0596866
0.0217285  -0.734094
0.0219727  -1.53659
0.0222168  0.875818
0.0224609  0.0625811
0.0227051  -0.731298
0.0229492  -1.53374
0.0231934  0.879603
0.0234375  0.0654713
0.0236816  -0.72851
0.0239258  -1.53089
0.0241699  0.883431
0.0244141  0.068357
0.0246582  -0.72573
0.0249023  -1.52807
0.0251465  0.887307
0.0253906  0.0712379
0.0256348  -0.72296
0.0258789  -1.52526
0.026123  0.891232
0.0263672  0.0741139
0.0266113  -0.720199
0.0268555  -1.52247
0.0270996  0.895212
0.0273438  0.0769846
0.0275879  -0.717448
0.027832  -1.5197
0.0280762  0.89925
0.0283203  0.0798497
0.0285645  -0.714708
0.0288086  -1.51694
0.0290527  0.903351
0.0292969  0.0827091
0.029541  -0.711978
0.0297852  -1.51421
0.0300293  0.90752
0.0302734  0.0855622
0.0305176  -0.709261
0.0307617  -1.5115
0.0310059  0.911762
0.03125  0.0884089
0.0314941  -0.706556
0.0317383  -1.5088
0.0319824  0.916084
0.0322266  0.0912487
0.0324707  -0.703864
0.0327148  -1.50613
0.032959  0.920491
0.0332031  0.0940812
0.0334473  -0.701186
0.0336914  -1.50349
0.0339355  0.924992
0.0341797  0.0969059
0.0344238  -0.698522
0.034668  -1.50086
0.0349121  0.929593
0.0351562  0.0997225
0.0354004  -0.695875
0.0356445  -1.49827
0.0358887  0.934304
0.0361328  0.10253
0.036377  -0.693244
0.0366211  -1.4957
0.0368652  0.939135
0.0371094  0.105329
0.0373535  -0.69063
0.0375977  -1.49316
0.0378418  0.944095
0.0380859  0.108118
0.0383301  -0.688036
0.0385742  -1.49065
0.0388184  0.949196
0.0390625  0.110896
0.0393066  -0.685462
0.0395508  -1.48817
0.0397949  0.954452
0.0400391  0.113663
0.0402832  -0.682909
0.0405273  -1.48573
0.0407715  0.959875
0.0410156  0.116418
0.0412598  -0.680379
0.0415039  -1.48333
0.041748  0.965482
0.0419922  0.119161
0.0422363  -0.677875
0.0424805  -1.48097
0.0427246  0.971289
0.0429688  0.12189
0.0432129  -0.675397
0.043457  -1.47865
0.0437012  0.977315
0.0439453  0.124604
0.0441895  -0.672948
0.0444336  -1.47638
0.0446777  0.983579
0.0449219  0.127302
0.045166  -0.67053
0.0454102  -1.47416
0.0456543  0.990103
0.0458984  0.129983
0.0461426  -0.668145
0.0463867  -1.47199
0.0466309  0.996912
0.046875  0.132646
0.0471191  -0.665797
0.0473633  -1.46988
0.0476074  1.00403
0.0478516  0.135289
0.0480957  -0.663489
0.0483398  -1.46784
0.048584  1.01148
0.0488281  0.137911
0.0490723  -0.661224
0.0493164  -1.46588
0.0495605  1.0193
0.0498047  0.140509
0.0500488  -0.659006
0.050293  -1.46399
0.0505371  1.0275
0.0507812  0.143082
0.0510254  -0.656841
0.0512695  -1.46218
0.0515137  1.03613
0.0517578  0.145627
0.052002  -0.654733
0.0522461  -1.46048
0.0524902  1.0452
0.0527344  0.148142
0.0529785  -0.652688
0.0532227  -1.45888
0.0534668  1.05474
0.0537109  0.150623
0.0539551  -0.650713
0.0541992  -1.45741
0.0544434  1.06478
0.0546875  0.153068
0.0549316  -0.648815
0.0551758  -1.45607
0.0554199  1.07531
0.0556641  0.155472
0.0559082  -0.647006
0.0561523  -1.45488
0.0563965  1.08634
0.0566406  0.157832
0.0568848  -0.645294
0.0571289  -1.45386
0.057373  1.09785
0.0576172  0.160142
0.0578613  -0.643692
0.0581055  -1.45305
0.0583496  1.1098
0.0585938  0.162396
0.0588379  -0.642216
0.059082  -1.45247
0.0593262  1.12211
0.0595703  0.164587
0.0598145  -0.640883
0.0600586  -1.45215
0.0603027  1.13468
0.0605469  0.166709
0.060791  -0.639715
0.0610352  -1.45215
0.0612793  1.14735
0.0615234  0.16875
0.0617676  -0.638737
0.0620117  -1.45251
0.0622559  1.15993
0.0625  0.1707
0.0627441  -0.637982
0.0629883  -1.45332
0.0632324  1.17216
0.0634766  0.172547
0.0637207  -0.637488
0.0639648  -1.45466
0.064209  1.18375
0.0644531  0.174272
0.0646973  -0.637306
0.0649414  -1.45665
0.0651855  1.19436
0.0654297  0.175857
0.0656738  -0.637498
0.065918  -1.45945
0.0661621  1.20366
0.0664062  0.177278
0.0666504  -0.638146
0.0668945  -1.46328
0.0671387  1.21132
0.0673828  0.178503
0.067627  -0.639358
0.0678711  -1.46842
0.0681152  1.21705
0.0683594  0.179493
0.0686035  -0.641276
0.0688477  -1.47532
0.0690918  1.22065
0.0693359  0.1802
0.0695801  -0.644101
0.0698242  -1.4846
0.0700684  1.22205
0.0703125  0.180558
0.0705566  -0.648114
0.0708008  -1.49723
0.0710449  1.22126
0.0712891  0.180478
0.0715332  -0.653725
0.0717773  -1.51481
0.0720215  1.21845
0.0722656  0.179842
0.0725098  -0.661564
0.0727539  -1.54013
0.072998  1.21387
0.0732422  0.17848
0.0734863  -0.672638
0.0737305  -1.57848
0.0739746  1.20784
0.0742188  0.176148
0.0744629  -0.688669
0.074707  -1.64133
0.0749512  1.20074
0.0751953  0.172475
0.0754395  -0.712859
0.0756836  -1.75807
0.0759277  1.19291
0.0761719  0.166872
0.076416  -0.751889
0.0766602  -2.02434
0.0769043  1.18471
0.0771484  0.158345
0.0773926  -0.822255
0.0776367  -2.75512
0.0778809  1.17642
0.078125  0.14507
0.0783691  -0.976985
0.0786133  2.61917
0.0788574  1.16828
0.0791016  0.123311
0.0793457  -1.46894
0.0795898  2.2576
0.079834  1.16047
0.0800781  0.0840409
0.0803223  -2.72473
0.0805664  2.11112
0.0808105  1.15313
0.0810547  -0.00126258
0.0812988  3.03094
0.081543  2.03625
0.0817871  1.14633
0.0820312  -0.284165
0.0822754  2.86851
0.0825195  1.99194
0.0827637  1.14012
0.0830078  -1.83847
0.083252  2.79559
0.0834961  1.9632
0.0837402  1.13452
0.0839844  -2.54893
0.0842285  2.75536
0.0844727  1.94343
0.0847168  1.12952
0.0849609  -2.69163
0.0852051  2.73044
0.0854492  1.92926
0.0856934  1.1251
0.0859375  -2.74764
0.0861816  2.71387
0.0864258  1.91883
0.0866699  1.12124
0.0869141  -2.77652
0.0871582  2.70235
0.0874023  1.91099
0.0876465  1.11789
0.0878906  -2.79356
0.0881348  2.69409
0.0883789  1.90504
0.088623  1.11502
0.0888672  -2.8044
0.0891113  2.68807
0.0893555  1.9005
0.0895996  1.11258
0.0898438  -2.81158
0.0900879  2.68365
0.090332  1.89705
0.0905762  1.11054
0.0908203  -2.81641
0.0910645  2.68045
0.0913086  1.89448
0.0915527  1.10884
0.0917969  -2.81957
0.092041  2.67823
0.0922852  1.89265
0.0925293  1.10743
0.0927734  -2.8213
0.0930176  2.67698
0.0932617  1.89162
0.0935059  1.10621
0.09375  -2.82005
0.0939941  2.67767
0.0942383  1.89224
0.0944824  1.10496
0.0947266  0.307244
0.0949707  -0.496598
0.0952148  -1.28347
0.095459  1.10484
0.0957031  0.310835
0.0959473  -0.476131
0.0961914  -1.26045
0.0964355  -2.04186
0.0966797  -2.82695
0.0969238  2.67092
0.097168  1.88563
0.0974121  1.10034
0.0976562  0.315059
0.0979004  -0.470213
0.0981445  -1.25548
0.0983887  -2.04073
0.0986328  -2.82598
0.098877  2.67198
0.0991211  1.88676
0.0993652  1.10157
0.0996094  0.3164
0.0998535  -0.468743
0.100098  -1.25386
0.100342  -2.03893
0.100586  -2.82397
0.10083  2.67422
0.101074  1.88928
0.101318  1.10439
0.101562  0.31954
0.101807  -0.465256
0.102051  -1.25001
0.102295  -2.03472
0.102539  -2.8194
0.102783  2.67912
0.103027  1.89448
0.103271  1.10984
0.103516  0.325204
0.10376  -0.459427
0.104004  -1.24406
0.104248  -2.02869
0.104492  -2.81332
0.104736  2.68523
0.10498  1.9006
0.105225  1.11597
0.105469  0.33134
0.105713  -0.453291
0.105957  -1.23792
0.106201  -2.02255
0.106445  -2.80718
0.106689  2.69137
0.106934  1.90674
0.107178  1.12211
0.107422  0.337476
0.107666  -0.447155
0.10791  -1.23179
0.108154  -2.01642
0.108398  -2.80105
0.108643  2.69751
0.108887  1.91287
0.109131  1.12824
0.109375  0.343612
0.109619  -0.44102
0.109863  -1.22565
0.110107  -2.01028
0.110352  -2.79491
0.110596  2.70364
0.11084  1.91901
0.111084  1.13438
0.111328  0.349748
0.111572  -0.434884
0.111816  -1.21951
0.112061  -2.00415
0.112305  -2.78878
0.112549  2.70978
0.112793  1.92515
0.113037  1.14051
0.113281  0.355884
0.113525  -0.428748
0.11377  -1.21338
0.114014  -1.99801
0.114258  -2.78264
0.114502  2.71591
0.114746  1.93128
0.11499  1.14665
0.115234  0.362019
0.115479  -0.422612
0.115723  -1.20724
0.115967  -1.99187
0.116211  -2.77651
0.116455  2.72205
0.116699  1.93742
0.116943  1.15279
0.117188  0.368155
0.117432  -0.416476
0.117676  -1.20111
0.11792  -1.98574
0.118164  -2.77037
0.118408  2.72818
0.118652  1.94355
0.118896  1.15892
0.119141  0.374291
0.119385  -0.41034
0.119629  -1.19497
0.119873  -1.9796
0.120117  -2.76423
0.120361  2.73432
0.120605  1.94969
0.12085  1.16506
0.121094  0.380427
0.121338  -0.404204
0.121582  -1.18884
0.121826  -1.97347
0.12207  -2.7581
0.122314  2.74046
0.122559  1.95583
0.122803  1.17119
0.123047  0.386563
0.123291  -0.398068
0.123535  -1.1827
0.123779  -1.96733
0.124023  -2.75196
0.124268  2.74659
0.124512  1.96196
0.124756  1.17733
0.125  0.392699
0.125244  -0.391932
0.125488  -1.17656
0.125732  -1.96119
0.125977  -2.74583
0.126221  2.75273
0.126465  1.9681
0.126709  1.18347
0.126953  0.398835
0.127197  -0.385796
0.127441  -1.17043
0.127686  -1.95506
0.12793  -2.73969
0.128174  2.75886
0.128418  1.97423
0.128662  1.1896
0.128906  0.404971
0.12915  -0.37966
0.129395  -1.16429
0.129639  -1.94892
0.129883  -2.73355
0.130127  2.765
0.130371  1.98037
0.130615  1.19574
0.130859  0.411107
0.131104  -0.373524
0.131348  -1.15816
0.131592  -1.94279
0.131836  -2.72742
0.13208  2.77114
0.132324  1.98651
0.132568  1.20187
0.132812  0.417243
0.133057  -0.367388
0.133301  -1.15202
0.133545  -1.93665
0.133789  -2.72128
0.134033  2.77727
0.134277  1.99264
0.134521  1.20801
0.134766  0.423379
0.13501  -0.361252
0.135254  -1.14588
0.135498  -1.93051
0.135742  -2.71515
0.135986  2.78341
0.13623  1.99878
0.136475  1.21415
0.136719  0.429515
0.136963  -0.355117
0.137207  -1.13975
0.137451  -1.92438
0.137695  -2.70901
0.137939  2.78954
0.138184  2.00491
0.138428  1.22028
0.138672  0.435651
0.138916  -0.348981
0.13916  -1.13361
0.139404  -1.91824
0.139648  -2.70287
0.139893  2.79568
0.140137  2.01105
0.140381  1.22642
0.140625  0.441786
0.140869  -0.342845
0.141113  -1.12748
0.141357  -1.91211
0.141602  -2.69674
0.141846  2.80182
0.14209  2.01718
0.142334  1.23255
0.142578  0.447922
0.142822  -0.336709
0.143066  -1.12134
0.143311  -1.90597
0.143555  -2.6906
0.143799  2.80795
0.144043  2.02332
0.144287  1.23869
0.144531  0.454058
0.144775  -0.330573
0.14502  -1.1152
0.145264  -1.89984
0.145508  -2.68447
0.145752  2.81409
0.145996  2.02946
0.14624  1.24483
0.146484  0.460194
0.146729  -0.324437
0.146973  -1.10907
0.147217  -1.8937
0.147461  -2.67833
0.147705  2.82022
0.147949  2.03559
0.148193  1.25096
0.148438  0.46633
0.148682  -0.318301
0.148926  -1.10293
0.14917  -1.88756
0.149414  -2.67219
0.149658  2.82636
0.149902  2.04173
0.150146  1.2571
0.150391  0.472466
0.150635  -0.312165
0.150879  -1.0968
0.151123  -1.88143
0.151367  -2.66606
0.151611  2.8325
0.151855  2.04786
0.1521  1.26323
0.152344  0.478602
0.152588  -0.306029
0.152832  -1.09066
0.153076  -1.87529
0.15332  -2.65992
0.153564  2.83863
0.153809  2.054
0.154053  1.26937
0.154297  0.484738
0.154541  -0.299893
0.154785  -1.08452
0.155029  -1.86916
0.155273  -2.65379
0.155518  2.84477
0.155762  2.06014
0.156006  1.27551
0.15625  0.490874
0.156494  -0.293757
0.156738  -1.07839
0.156982  -1.86302
0.157227  -2.64765
0.157471  2.8509
0.157715  2.06627
0.157959  1.28164
0.158203  0.49701
0.158447  -0.287621
0.158691  -1.07225
0.158936  -1.85688
0.15918  -2.64151
0.159424  2.85704
0.159668  2.07241
0.159912  1.28778
0.160156  0.503146
0.1604  -0.281485
0.160645  -1.06612
0.160889  -1.85075
0.161133  -2.63538
0.161377  2.86318
0.161621  2.07854
0.161865  1.29391
0.162109  0.509282
0.162354  -0.27535
0.162598  -1.05998
0.162842  -1.84461
0.163086  -2.62924
0.16333  2.86931
0.163574  2.08468
0.163818  1.30005
0.164062  0.515418
0.164307  -0.269214
0.164551  -1.05384
0.164795  -1.83848
0.165039  -2.62311
0.165283  2.87545
0.165527  2.09082
0.165771  1.30618
0.166016  0.521553
0.16626  -0.263078
0.166504  -1.04771
0.166748  -1.83234
0.166992  -2.61697
0.167236  2.88158
0.16748  2.09695
0.167725  1.31232
0.167969  0.527689
0.168213  -0.256942
0.168457  -1.04157
0.168701  -1.8262
0.168945  -2.61084
0.169189  2.88772
0.169434  2.10309
0.169678  1.31846
0.169922  0.533825
0.170166  -0.250806
0.17041  -1.03544
0.170654  -1.82007
0.170898  -2.6047
0.171143  2.89385
0.171387  2.10922
0.171631  1.32459
0.171875  0.539961
0.172119  -0.24467
0.172363  -1.0293
0.172607  -1.81393
0.172852  -2.59856
0.173096  2.89999
0.17334  2.11536
0.173584  1.33073
0.173828  0.546097
0.174072  -0.238534
0.174316  -1.02317
0.174561  -1.8078
0.174805  -2.59243
0.175049  2.90613
0.175293  2.1215
0.175537  1.33686
0.175781  0.552233
0.176025  -0.232398
0.17627  -1.01703
0.176514  -1.80166
0.176758  -2.58629
0.177002  2.91226
0.177246  2.12763
0.17749  1.343
0.177734  0.558369
0.177979  -0.226262
0.178223  -1.01089
0.178467  -1.79552
0.178711  -2.58016
0.178955  2.9184
0.179199  2.13377
0.179443  1.34914
0.179688  0.564505
0.179932  -0.220126
0.180176  -1.00476
0.18042  -1.78939
0.180664  -2.57402
0.180908  2.92453
0.181152  2.1399
0.181396  1.35527
0.181641  0.570641
0.181885  -0.21399
0.182129  -0.998621
0.182373  -1.78325
0.182617  -2.56788
0.182861  2.93067
0.183105  2.14604
0.18335  1.36141
0.183594  0.576777
0.183838  -0.207854
0.184082  -0.992486
0.184326  -1.77712
0.18457  -2.56175
0.184814  2.93681
0.185059  2.15218
0.185303  1.36754
0.185547  0.582913
0.185791  -0.201718
0.186035  -0.98635
0.186279  -1.77098
0.186523  -2.55561
0.186768  2.94294
0.187012  2.15831
0.187256  1.37368
0.1875  0.589049
0.187744  -0.195583
0.187988  -0.980214
0.188232  -1.76484
0.188477  -2.54948
0.188721  2.94908
0.188965  2.16445
0.189209  1.37982
0.189453  0.595185
0.189697  -0.189447
0.189941  -0.974078
0.190186  -1.75871
0.19043  -2.54334
0.190674  2.95521
0.190918  2.17058
0.191162  1.38595
0.191406  0.60132
0.19165  -0.183311
0.191895  -0.967942
0.192139  -1.75257
0.192383  -2.5372
0.192627  2.96135
0.192871  2.17672
0.193115  1.39209
0.193359  0.607456
0.193604  -0.177175
0.193848  -0.961806
0.194092  -1.74644
0.194336  -2.53107
0.19458  2.96749
0.194824  2.18285
0.195068  1.39822
0.195312  0.613592
0.195557  -0.171039
0.195801  -0.95567
0.196045  -1.7403
0.196289  -2.52493
0.196533  2.97362
0.196777  2.18899
0.197021  1.40435
0.197266  0.6197
0.19751  -0.164964
0.197754  -0.949653
0.197998  -1.73437
0.198242  -2.51913
0.198486  2.97925
0.19873  2.19439
0.198975  1.40949
0.199219  0.624532
0.199463  -0.160469
0.199707  -0.945514
0.199951  -1.7306
0.200195  -2.51572
0.200439  2.98232
0.200684  2.19714
0.200928  1.41195
0.201172  0.626729
0.201416  -0.158504
0.20166  -0.94375
0.201904  -1.72901
0.202148  -2.51427
0.202393  2.98364
0.202637  2.19836
0.202881  1.41307
0.203125  0.627766
0.203369  -0.157534
0.203613  -0.942426
0.203857  -1.72279
0.204102  -2.5088
0.204346  2.98735
0.20459  2.17878
0.204834  -1.7023
0.205078  -2.48921
0.205322  2.98711
0.205566  2.19288
0.205811  1.40647
0.206055  0.621276
0.206299  -0.163265
0.206543  2.19235
0.206787  1.40715
0.207031  0.621952
0.207275  -0.161481
0.20752  2.19123
0.207764  1.40611
0.208008  0.620723
0.208252  -0.163286
0.208496  2.18964
0.20874  1.40425
0.208984  0.618546
0.209229  -0.166548
0.209473  2.18755
0.209717  1.40163
0.209961  0.615418
0.210205  -0.17158
0.210449  2.18487
0.210693  1.39811
0.210938  0.611129
0.211182  -0.179211
0.211426  2.1815
0.21167  1.39347
0.211914  0.605314
0.212158  -0.191033
0.212402  2.17729
0.212646  1.38736
0.212891  0.597397
0.213135  -0.210306
0.213379  2.17203
0.213623  1.37928
0.213867  0.586457
0.214111  -0.244822
0.214355  2.16548
0.2146  1.36844
0.214844  0.570946
0.215088  -0.318693
0.215332  2.15729
0.215576  1.35363
0.21582  0.548056
0.216064  -0.555681
0.216309  2.14699
0.216553  1.33276
0.216797  0.512142
0.217041  -2.07204
0.217285  2.13388
0.217529  1.302
0.217773  0.450019
0.218018  -2.89834
0.218262  2.117
0.218506  1.25358
0.21875  0.323065
0.218994  -3.04404
0.219238  2.09483
0.219482  1.16913
0.219727  -0.0293512
0.219971  -3.09878
0.220215  2.06498
0.220459  0.994697
0.220703  -1.1382
0.220947  -3.1263
0.221191  2.02342
0.221436  0.529054
0.22168  -1.88924
0.221924  3.14101
0.222168  1.96287
0.222412  -0.484922
0.222656  -2.10953
0.2229  3.13118
0.223145  1.86903
0.223389  -1.06636
0.223633  -2.20151
0.223877  3.12488
0.224121  1.71115
0.224365  -1.27509
0.224609  -2.25021
0.224854  3.12084
0.225098  1.4211
0.225342  -1.37144
0.225586  -2.27961
0.22583  3.11831
0.226074  0.904184
0.226318  -1.42509
0.226562  -2.29879
0.226807  3.11686
0.227051  0.305795
0.227295  -1.4585
0.227539  -2.31194
0.227783  3.11619
0.228027  -0.0794166
0.228271  -1.48085
0.228516  -2.32123
0.22876  3.11612
0.229004  -0.285445
0.229248  -1.49649
0.229492  -2.3279
0.229736  3.11652
0.22998  -0.402728
0.230225  -1.50779
0.230469  -2.33271
0.230713  3.11728
0.230957  -0.475685
0.231201  -1.5161
0.231445  -2.33615
0.231689  3.11833
0.231934  -0.524345
0.232178  -1.52227
0.232422  -2.33856
0.232666  3.11963
0.23291  -0.558489
0.233154  -1.52687
0.233398  -2.34017
0.233643  3.12112
0.233887  -0.583332
0.234131  -1.53026
0.234375  -2.34115
0.234619  3.12278
0.234863  -0.601883
0.235107  -1.53272
0.235352  -2.34161
0.235596  3.12458
0.23584  -0.615982
0.236084  -1.53443
0.236328  -2.34166
0.236572  3.1265
0.236816  -0.626816
0.237061  -1.53554
0.237305  -2.34136
0.237549  3.12853
0.237793  -0.635184
0.238037  -1.53616
0.238281  -2.34077
0.238525  3.13064
0.23877  -0.641639
0.239014  -1.53638
0.239258  -2.33994
0.239502  3.13284
0.239746  -0.646579
0.23999  -1.53625
0.240234  -2.3389
0.240479  3.1351
0.240723  -0.650293
0.240967  -1.53582
0.241211  -2.33767
0.241455  3.13742
0.241699  -0.653
0.241943  -1.53516
0.242188  -2.33629
0.242432  3.1398
0.242676  -0.654865
0.24292  -1.53427
0.243164  -2.33478
0.243408  -3.14096
0.243652  -0.656016
0.243896  -1.5332
0.244141  -2.33314
0.244385  -3.13849
0.244629  -0.656552
0.244873  -1.53197
0.245117  -2.3314
0.245361  -3.13598
0.245605  -0.656551
0.24585  -1.53059
0.246094  -2.32956
0.246338  -3.13344
0.246582  -0.656077
0.246826  -1.52909
0.24707  -2.32764
0.247314  -3.13086
0.247559  -0.655178
0.247803  -1.52748
0.248047  -2.32564
0.248291  -3.12826
0.248535  -0.653893
0.248779  -1.52576
0.249023  -2.32358
0.249268  -3.12563
0.249512  -0.652254
0.249756  -1.52396
0.25  -2.32145
0.250244  -3.12298
0.250488  -0.650285
0.250732  -1.52207
0.250977  -2.31927
0.251221  -3.1203
0.251465  -0.648003
0.251709  -1.52011
0.251953  -2.31703
0.252197  -3.1176
0.252441  -0.645422
0.252686  -1.51808
0.25293  -2.31475
0.253174  -3.11489
0.253418  -0.642551
0.253662  -1.51599
0.253906  -2.31243
0.25415  -3.11216
0.254395  -0.639393
0.254639  -1.51385
0.254883  -2.31007
0.255127  -3.10941
0.255371  -0.635948
0.255615  -1.51165
0.255859  -2.30767
0.256104  -3.10665
0.256348  -0.632214
0.256592  -1.50941
0.256836  -2.30524
0.25708  -3.10387
0.257324  -0.628182
0.257568  -1.50713
0.257812  -2.30278
0.258057  -3.10108
0.258301  -0.623839
0.258545  -1.5048
0.258789  -2.30029
0.259033  -3.09828
0.259277  -0.61917
0.259521  -1.50244
0.259766  -2.29777
0.26001  -3.09547
0.260254  -0.614151
0.260498  -1.50005
0.260742  -2.29523
0.260986  -3.09264
0.26123  -0.608754
0.261475  -1.49762
0.261719  -2.29267
0.261963  -3.08981
0.262207  -0.602944
0.262451  -1.49516
0.262695  -2.29008
0.262939  -3.08697
0.263184  -0.596676
0.263428  -1.49268
0.263672  -2.28748
0.263916  -3.08412
0.26416  -0.589895
0.264404  -1.49017
0.264648  -2.28485
0.264893  -3.08126
0.265137  -0.582532
0.265381  -1.48764
0.265625  -2.28221
0.265869  -3.0784
0.266113  -0.574504
0.266357  -1.48508
0.266602  -2.27955
0.266846  -3.07552
0.26709  -0.565701
0.267334  -1.4825
0.267578  -2.27688
0.267822  -3.07264
0.268066  -0.555991
0.268311  -1.4799
0.268555  -2.27419
0.268799  -3.06976
0.269043  -0.545198
0.269287  -1.47729
0.269531  -2.27149
0.269775  -3.06686
0.27002  -0.5331
0.270264  -1.47465
0.270508  -2.26877
0.270752  -3.06397
0.270996  -0.519401
0.27124  -1.472
0.271484  -2.26604
0.271729  -3.06106
0.271973  -0.503706
0.272217  -1.46934
0.272461  -2.26331
0.272705  -3.05816
0.272949  -0.485474
0.273193  -1.46665
0.273438  -2.26055
0.273682  -3.05524
0.273926  -0.463948
0.27417  -1.46396
0.274414  -2.25779
0.274658  -3.05233
0.274902  -0.438032
0.275146  -1.46125
0.275391  -2.25502
0.275635  -3.0494
0.275879  -0.406093
0.276123  -1.45853
0.276367  -2.25224
0.276611  -3.04648
0.276855  -0.36559
0.2771  -1.45579
0.277344  -2.24945
0.277588  -3.04355
0.277832  -0.312382
0.278076  -1.45304
0.27832  -2.24665
0.278564  -3.04061
0.278809  -0.239339
0.279053  -1.45029
0.279297  -2.24385
0.279541  -3.03767
0.279785  -0.13343
0.280029  -1.44752
0.280273  -2.24103
0.280518  -3.03473
0.280762  0.0303032
0.281006  -1.44474
0.28125  -2.23821
0.281494  -3.03179
0.281738  0.297719
0.281982  -1.44195
0.282227  -2.23538
0.282471  -3.02884
0.282715  0.71886
0.282959  -1.43915
0.283203  -2.23255
0.283447  -3.02589
0.283691  1.22105
0.283936  -1.43635
0.28418  -2.2297
0.284424  -3.02294
0.284668  1.61267
0.284912  -1.43353
0.285156  -2.22685
0.2854  -3.01998
0.285645  1.85619
0.285889  -1.43071
0.286133  -2.224
0.286377  -3.01702
0.286621  2.00644
0.286865  -1.42788
0.287109  -2.22114
0.287354  -3.01406
0.287598  2.10491
0.287842  -1.42504
0.288086  -2.21827
0.28833  -3.0111
0.288574  2.17365
0.288818  -1.42219
0.289062  -2.2154
0.289307  -3.00813
0.289551  2.22426
0.289795  -1.41934
0.290039  -2.21252
0.290283  -3.00516
0.290527  2.26316
0.290771  -1.41648
0.291016  -2.20964
0.29126  -3.00219
0.291504  2.29409
0.291748  -1.41361
0.291992  -2.20676
0.292236  -2.99922
0.29248  2.31941
0.292725  -1.41074
0.292969  -2.20387
0.293213  -2.99624
0.293457  2.34061
0.293701  -1.40786
0.293945  -2.20097
0.294189  -2.99326
0.294434  2.35872
0.294678  -1.40498
0.294922  -2.19807
0.295166  -2.99028
0.29541  2.37445
0.295654  -1.40209
0.295898  -2.19517
0.296143  -2.9873
0.296387  2.38832
0.296631  -1.39919
0.296875  -2.19226
0.297119  -2.98432
0.297363  2.40069
0.297607  -1.39629
0.297852  -2.18935
0.298096  -2.98134
0.29834  2.41185
0.298584  -1.39338
0.298828  -2.18643
0.299072  -2.97835
0.299316  2.42201
0.299561  -1.39047
0.299805  -2.18352
0.300049  -2.97536
0.300293  2.43135
0.300537  -1.38756
0.300781  -2.18059
0.301025  -2.97237
0.30127  2.44
0.301514  -1.38463
0.301758  -2.17767
0.302002  -2.96938
0.302246  2.44805
0.30249  -1.38171
0.302734  -2.17474
0.302979  -2.96639
0.303223  2.4556
0.303467  -1.37878
0.303711  -2.17181
0.303955  -2.9634
0.304199  2.46272
0.304443  -1.37584
0.304688  -2.16887
0.304932  -2.9604
0.305176  2.46946
0.30542  -1.37291
0.305664  -2.16594
0.305908  -2.95741
0.306152  2.47587
0.306396  -1.36996
0.306641  -2.163
0.306885  -2.95441
0.307129  2.482
0.307373  -1.36702
0.307617  -2.16005
0.307861  -2.95141
0.308105  2.48787
0.30835  -1.36407
0.308594  -2.15711
0.308838  -2.94841
0.309082  2.49352
0.309326  -1.36111
0.30957  -2.15416
0.309814  -2.94541
0.310059  2.49896
0.310303  -1.35815
0.310547  -2.15121
0.310791  -2.94241
0.311035  2.50423
0.311279  -1.35519
0.311523  -2.14826
0.311768  -2.93941
0.312012  2.50934
0.312256  -1.35222
0.3125  -2.1453
0.312744  -2.9364
0.312988  2.5143
0.313232  -1.34926
0.313477  -2.14234
0.313721  -2.9334
0.313965  2.51913
0.314209  -1.34628
0.314453  -2.13938
0.314697  -2.93039
0.314941  2.52384
0.315186  -1.34331
0.31543  -2.13642
0.315674  -2.92738
0.315918  2.52845
0.316162  -1.34033
0.316406  -2.13346
0.31665  -2.92437
0.316895  2.53296
0.317139  -1.33734
0.317383  -2.13049
0.317627  -2.92136
0.317871  2.53738
0.318115  -1.33436
0.318359  -2.12752
0.318604  -2.91836
0.318848  2.54171
0.319092  -1.33137
0.319336  -2.12455
0.31958  -2.91534
0.319824  2.54597
0.320068  -1.32838
0.320312  -2.12158
0.320557  -2.91233
0.320801  2.55017
0.321045  -1.32538
0.321289  -2.1186
0.321533  -2.90932
0.321777  2.5543
0.322021  -1.32238
0.322266  -2.11563
0.32251  -2.90631
0.322754  2.55836
0.322998  -1.31938
0.323242  -2.11265
0.323486  -2.90329
0.32373  2.56238
0.323975  -1.31638
0.324219  -2.10967
0.324463  -2.90028
0.324707  2.56634
0.324951  -1.31337
0.325195  -2.10669
0.325439  -2.89726
0.325684  2.57026
0.325928  -1.31036
0.326172  -2.10371
0.326416  -2.89425
0.32666  2.57413
0.326904  -1.30735
0.327148  -2.10072
0.327393  -2.89123
0.327637  2.57797
0.327881  -1.30433
0.328125  -2.09774
0.328369  -2.88821
0.328613  2.58176
0.328857  -1.30131
0.329102  -2.09475
0.329346  -2.88519
0.32959  2.58552
0.329834  -1.29829
0.330078  -2.09176
0.330322  -2.88217
0.330566  2.58925
0.330811  -1.29527
0.331055  -2.08877
0.331299  -2.87915
0.331543  2.59295
0.331787  -1.29224
0.332031  -2.08578
0.332275  -2.87613
0.33252  2.59661
0.332764  -1.28921
0.333008  -2.08279
0.333252  -2.87311
0.333496  2.60025
0.33374  -1.28618
0.333984  -2.07979
0.334229  -2.87009
0.334473  2.60387
0.334717  -1.28314
0.334961  -2.0768
0.335205  -2.86707
0.335449  2.60746
0.335693  -1.28011
0.335938  -2.0738
0.336182  -2.86404
0.336426  2.61102
0.33667  -1.27707
0.336914  -2.0708
0.337158  -2.86102
0.337402  2.61457
0.337646  -1.27402
0.337891  -2.0678
0.338135  -2.858
0.338379  2.61809
0.338623  -1.27098
0.338867  -2.0648
0.339111  -2.85497
0.339355  2.6216
0.3396  -1.26793
0.339844  -2.0618
0.340088  -2.85195
0.340332  2.62509
0.340576  -1.26488
0.34082  -2.0588
0.341064  -2.84892
0.341309  2.62856
0.341553  -1.26183
0.341797  -2.05579
0.342041  -2.8459
0.342285  2.63201
0.342529  -1.25877
0.342773  -2.05279
0.343018  -2.84287
0.343262  2.63545
0.343506  -1.25571
0.34375  -2.04978
0.343994  -2.83984
0.344238  2.63888
0.344482  -1.25265
0.344727  -2.04678
0.344971  -2.83682
0.345215  2.64229
0.345459  -1.24959
0.345703  -2.04377
0.345947  -2.83379
0.346191  2.64569
0.346436  -1.24652
0.34668  -2.04076
0.346924  -2.83076
0.347168  2.64907
0.347412  -1.24345
0.347656  -2.03775
0.3479  -2.82773
0.348145  2.65244
0.348389  -1.24038
0.348633  -2.03474
0.348877  -2.8247
0.349121  2.65581
0.349365  -1.23731
0.349609  -2.03172
0.349854  -2.82167
0.350098  2.65916
0.350342  -1.23423
0.350586  -2.02871
0.35083  -2.81864
0.351074  2.6625
0.351318  -1.23115
0.351562  -2.0257
0.351807  -2.81561
0.352051  2.66583
0.352295  -1.22807
0.352539  -2.02268
0.352783  -2.81258
0.353027  2.66915
0.353271  -1.22499
0.353516  -2.01966
0.35376  -2.80955
0.354004  2.67247
0.354248  -1.2219
0.354492  -2.01665
0.354736  -2.80652
0.35498  2.67577
0.355225  -1.21881
0.355469  -2.01363
0.355713  -2.80348
0.355957  2.67907
0.356201  -1.21571
0.356445  -2.01061
0.356689  -2.80045
0.356934  2.68236
0.357178  -1.21262
0.357422  -2.00759
0.357666  -2.79742
0.35791  2.68564
0.358154  -1.20952
0.358398  -2.00457
0.358643  -2.79438
0.358887  2.68891
0.359131  -1.20642
0.359375  -2.00155
0.359619  -2.79135
0.359863  2.69218
0.360107  -1.20331
0.360352  -1.99853
0.360596  -2.78832
0.36084  2.69544
0.361084  -1.2002
0.361328  -1.9955
0.361572  -2.78528
0.361816  2.69869
0.362061  -1.19709
0.362305  -1.99248
0.362549  -2.78225
0.362793  2.70194
0.363037  -1.19398
0.363281  -1.98945
0.363525  -2.77921
0.36377  2.70518
0.364014  -1.19086
0.364258  -1.98643
0.364502  -2.77618
0.364746  2.70842
0.36499  -1.18774
0.365234  -1.9834
0.365479  -2.77314
0.365723  2.71165
0.365967  -1.18462
0.366211  -1.98037
0.366455  -2.7701
0.366699  2.71488
0.366943  -1.18149
0.367188  -1.97735
0.367432  -2.76707
0.367676  2.7181
0.36792  -1.17836
0.368164  -1.97432
0.368408  -2.76403
0.368652  2.72132
0.368896  -1.17523
0.369141  -1.97129
0.369385  -2.76099
0.369629  2.72453
0.369873  -1.17209
0.370117  -1.96826
0.370361  -2.75796
0.370605  2.72773
0.37085  -1.16895
0.371094  -1.96523
0.371338  -2.75492
0.371582  2.73094
0.371826  -1.16581
0.37207  -1.9622
0.372314  -2.75188
0.372559  2.73414
0.372803  -1.16266
0.373047  -1.95916
0.373291  -2.74884
0.373535  2.73733
0.373779  -1.15951
0.374023  -1.95613
0.374268  -2.7458
0.374512  2.74052
0.374756  -1.15635
0.375  -1.9531
0.375244  -2.74277
0.375488  2.74371
0.375732  -1.1532
0.375977  -1.95006
0.376221  -2.73973
0.376465  2.7469
0.376709  -1.15003
0.376953  -1.94703
0.377197  -2.73669
0.377441  2.75008
0.377686  -1.14687
0.37793  -1.94399
0.378174  -2.73365
0.378418  2.75325
0.378662  -1.14369
0.378906  -1.94096
0.37915  -2.73061
0.379395  2.75643
0.379639  -1.14052
0.379883  -1.93792
0.380127  -2.72757
0.380371  2.7596
0.380615  -1.13734
0.380859  -1.93488
0.381104  -2.72453
0.381348  2.76277
0.381592  -1.13415
0.381836  -1.93185
0.38208  -2.72149
0.382324  2.76593
0.382568  -1.13096
0.382812  -1.92881
0.383057  -2.71845
0.383301  2.7691
0.383545  -1.12777
0.383789  -1.92577
0.384033  -2.7154
0.384277  2.77226
0.384521  -1.12457
0.384766  -1.92273
0.38501  -2.71236
0.385254  2.77541
0.385498  -1.12137
0.385742  -1.91969
0.385986  -2.70932
0.38623  2.77857
0.386475  -1.11816
0.386719  -1.91665
0.386963  -2.70628
0.387207  2.78172
0.387451  -1.11494
0.387695  -1.9136
0.387939  -2.70324
0.388184  2.78487
0.388428  -1.11172
0.388672  -1.91056
0.388916  -2.7002
0.38916  2.78802
0.389404  -1.1085
0.389648  -1.90752
0.389893  -2.69715
0.390137  2.79116
0.390381  -1.10526
0.390625  -1.90448
0.390869  -2.69411
0.391113  2.79431
0.391357  -1.10203
0.391602  -1.90143
0.391846  -2.69107
0.39209  2.79745
0.392334  -1.09878
0.392578  -1.89839
0.392822  -2.68802
0.393066  2.80059
0.393311  -1.09553
0.393555  -1.89534
0.393799  -2.68498
0.394043  2.80372
0.394287  -1.09227
0.394531  -1.8923
0.394775  -2.68194
0.39502  2.80686
0.395264  -1.08901
0.395508  -1.88925
0.395752  -2.67889
0.395996  2.80999
0.39624  -1.08574
0.396484  -1.8862
0.396729  -2.67585
0.396973  2.81312
0.397217  -1.08246
0.397461  -1.88315
0.397705  -2.6728
0.397949  2.81625
0.398193  -1.07917
0.398438  -1.88011
0.398682  -2.66976
0.398926  2.81938
0.39917  -1.07587
0.399414  -1.87706
0.399658  -2.66671
0.399902  2.82251
0.400146  -1.07257
0.400391  -1.87401
0.400635  -2.66367
0.400879  2.82563
0.401123  -1.06925
0.401367  -1.87096
0.401611  -2.66062
0.401855  2.82876
0.4021  -1.06593
0.402344  -1.86791
0.402588  -2.65758
0.402832  2.83188
0.403076  -1.0626
0.40332  -1.86486
0.403564  -2.65453
0.403809  2.835
0.404053  -1.05926
0.404297  -1.86181
0.404541  -2.65149
0.404785  2.83812
0.405029  -1.05591
0.405273  -1.85875
0.405518  -2.64844
0.405762  2.84123
0.406006  -1.05254
0.40625  -1.8557
0.406494  -2.6454
0.406738  2.84435
0.406982  -1.04917
0.407227  -1.85265
0.407471  -2.64235
0.407715  2.84747
0.407959  -1.04578
0.408203  -1.84959
0.408447  -2.6393
0.408691  2.85058
0.408936  -1.04238
0.40918  -1.84654
0.409424  -2.63626
0.409668  2.85369
0.409912  -1.03897
0.410156  -1.84348
0.4104  -2.63321
0.410645  2.8568
0.410889  -1.03554
0.411133  -1.84043
0.411377  -2.63016
0.411621  2.85991
0.411865  -1.0321
0.412109  -1.83737
0.412354  -2.62712
0.412598  2.86302
0.412842  -1.02865
0.413086  -1.83432
0.41333  -2.62407
0.413574  2.86613
0.413818  -1.02518
0.414062  -1.83126
0.414307  -2.62102
0.414551  2.86924
0.414795  -1.02169
0.415039  -1.8282
0.415283  -2.61797
0.415527  2.87234
0.415771  -1.01818
0.416016  -1.82514
0.41626  -2.61493
0.416504  2.87545
0.416748  -1.01466
0.416992  -1.82208
0.417236  -2.61188
0.41748  2.87855
0.417725  -1.01112
0.417969  -1.81903
0.418213  -2.60883
0.418457  2.88165
0.418701  -1.00755
0.418945  -1.81597
0.419189  -2.60578
0.419434  2.88475
0.419678  -1.00397
0.419922  -1.81291
0.420166  -2.60273
0.42041  2.88785
0.420654  -1.00036
0.420898  -1.80984
0.421143  -2.59968
0.421387  2.89095
0.421631  -0.996721
0.421875  -1.80678
0.422119  -2.59663
0.422363  2.89405
0.422607  -0.99306
0.422852  -1.80372
0.423096  -2.59359
0.42334  2.89715
0.423584  -0.989372
0.423828  -1.80066
0.424072  -2.59054
0.424316  2.90025
0.424561  -0.985654
0.424805  -1.79759
0.425049  -2.58749
0.425293  2.90334
0.425537  -0.981904
0.425781  -1.79453
0.426025  -2.58444
0.42627  2.90644
0.426514  -0.97812
0.426758  -1.79147
0.427002  -2.58139
0.427246  2.90953
0.42749  -0.9743
0.427734  -1.7884
0.427979  -2.57834
0.428223  2.91263
0.428467  -0.970441
0.428711  -1.78534
0.428955  -2.57529
0.429199  2.91572
0.429443  -0.96654
0.429688  -1.78227
0.429932  -2.57224
0.430176  2.91881
0.43042  -0.962595
0.430664  -1.7792
0.430908  -2.56919
0.431152  2.92191
0.431396  -0.958601
0.431641  -1.77614
0.431885  -2.56614
0.432129  2.925
0.432373  -0.954555
0.432617  -1.77307
0.432861  -2.56309
0.433105  2.92809
0.43335  -0.950452
0.433594  -1.77
0.433838  -2.56004
0.434082  2.93118
0.434326  -0.946289
0.43457  -1.76693
0.434814  -2.55698
0.435059  2.93427
0.435303  -0.942059
0.435547  -1.76386
0.435791  -2.55393
0.436035  2.93735
0.436279  -0.937756
0.436523  -1.76079
0.436768  -2.55088
0.437012  2.94044
0.437256  -0.933374
0.4375  -1.75772
0.437744  -2.54783
0.437988  2.94353
0.438232  -0.928906
0.438477  -1.75465
0.438721  -2.54478
0.438965  2.94661
0.439209  -0.924343
0.439453  -1.75158
0.439697  -2.54173
0.439941  2.9497
0.440186  -0.919674
0.44043  -1.7485
0.440674  -2.53868
0.440918  2.95279
0.441162  -0.91489
0.441406  -1.74543
0.44165  -2.53562
0.441895  2.95587
0.442139  -0.909978
0.442383  -1.74236
0.442627  -2.53257
0.442871  2.95896
0.443115  -0.904923
0.443359  -1.73928
0.443604  -2.52952
0.443848  2.96204
0.444092  -0.899708
0.444336  -1.73621
0.44458  -2.52647
0.444824  2.96512
0.445068  -0.894313
0.445312  -1.73313
0.445557  -2.52341
0.445801  2.9682
0.446045  -0.888717
0.446289  -1.73005
0.446533  -2.52036
0.446777  2.97129
0.447021  -0.882892
0.447266  -1.72698
0.44751  -2.51731
0.447754  2.97437
0.447998  -0.876806
0.448242  -1.7239
0.448486  -2.51426
0.44873  2.97745
0.448975  -0.87042
0.449219  -1.72082
0.449463  -2.5112
0.449707  2.98053
0.449951  -0.86369
0.450195  -1.71774
0.450439  -2.50815
0.450684  2.98361
0.450928  -0.85656
0.451172  -1.71466
0.451416  -2.5051
0.45166  2.98669
0.451904  -0.84896
0.452148  -1.71158
0.452393  -2.50204
0.452637  2.98977
0.452881  -0.840806
0.453125  -1.7085
0.453369  -2.49899
0.453613  2.99285
0.453857  -0.831991
0.454102  -1.70542
0.454346  -2.49594
0.45459  2.99593
0.454834  -0.822379
0.455078  -1.70233
0.455322  -2.49288
0.455566  2.999
0.455811  -0.811794
0.456055  -1.69925
0.456299  -2.48983
0.456543  3.00208
0.456787  -0.800005
0.457031  -1.69617
0.457275  -2.48677
0.45752  3.00516
0.457764  -0.7867
0.458008  -1.69308
0.458252  -2.48372
0.458496  3.00823
0.45874  -0.771453
0.458984  -1.69
0.459229  -2.48066
0.459473  3.01131
0.459717  -0.75366
0.459961  -1.68691
0.460205  -2.47761
0.460449  3.01439
0.460693  -0.732442
0.460938  -1.68382
0.461182  -2.47456
0.461426  3.01746
0.46167  -0.70647
0.461914  -1.68073
0.462158  -2.4715
0.462402  3.02054
0.462646  -0.673635
0.462891  -1.67764
0.463135  -2.46845
0.463379  3.02361
0.463623  -0.630408
0.463867  -1.67455
0.464111  -2.46539
0.464355  3.02669
0.4646  -0.570437
0.464844  -1.67146
0.465088  -2.46234
0.465332  3.02976
0.465576  -0.481277
0.46582  -1.66837
0.466064  -2.45928
0.466309  3.03283
0.466553  -0.335896
0.466797  -1.66528
0.467041  -2.45622
0.467285  3.03591
0.467529  -0.0710042
0.467773  -1.66219
0.468018  -2.45317
0.468262  3.03898
0.468506  0.429278
0.46875  -1.65909
0.468994  -2.45011
0.469238  3.04205
0.469482  1.08374
0.469727  -1.656
0.469971  -2.44706
0.470215  3.04512
0.470459  1.52424
0.470703  -1.6529
0.470947  -2.444
0.471191  3.0482
0.471436  1.75462
0.47168  -1.6498
0.471924  -2.44094
0.472168  3.05127
0.472412  1.88412
0.472656  -1.64671
0.4729  -2.43789
0.473145  3.05434
0.473389  1.96534
0.473633  -1.64361
0.473877  -2.43483
0.474121  3.05741
0.474365  2.02089
0.474609  -1.64051
0.474854  -2.43177
0.475098  3.06048
0.475342  2.06144
0.475586  -1.63741
0.47583  -2.42872
0.476074  3.06355
0.476318  2.09255
0.476562  -1.6343
0.476807  -2.42566
0.477051  3.06662
0.477295  2.11734
0.477539  -1.6312
0.477783  -2.4226
0.478027  3.06969
0.478271  2.13772
0.478516  -1.6281
0.47876  -2.41955
0.479004  3.07276
0.479248  2.1549
0.479492  -1.62499
0.479736  -2.41649
0.47998  3.07583
0.480225  2.16968
0.480469  -1.62189
0.480713  -2.41343
0.480957  3.0789
0.481201  2.18262
0.481445  -1.61878
0.481689  -2.41037
0.481934  3.08197
0.482178  2.19413
0.482422  -1.61567
0.482666  -2.40732
0.48291  3.08504
0.483154  2.20449
0.483398  -1.61256
0.483643  -2.40426
0.483887  3.0881
0.484131  2.21392
0.484375  -1.60945
0.484619  -2.4012
0.484863  3.09117
0.485107  2.22258
0.485352  -1.60634
0.485596  -2.39814
0.48584  3.09424
0.486084  2.23061
0.486328  -1.60323
0.486572  -2.39508
0.486816  3.09731
0.487061  2.2381
0.487305  -1.60011
0.487549  -2.39202
0.487793  3.10037
0.488037  2.24515
0.488281  -1.597
0.488525  -2.38897
0.48877  3.10344
0.489014  2.2518
0.489258  -1.59388
0.489502  -2.38591
0.489746  3.10651
0.48999  2.25812
0.490234  -1.59076
0.490479  -2.38285
0.490723  3.10957
0.490967  2.26415
0.491211  -1.58764
0.491455  -2.37979
0.491699  3.11264
0.491943  2.26993
0.492188  -1.58452
0.492432  -2.37673
0.492676  3.11571
0.49292  2.27549
0.493164  -1.5814
0.493408  -2.37367
0.493652  3.11877
0.493896  2.28084
0.494141  -1.57827
0.494385  -2.37061
0.494629  3.12184
0.494873  2.28603
0.495117  -1.57515
0.495361  -2.36755
0.495605  3.1249
0.49585  2.29106
0.496094  -1.57202
0.496338  -2.36449
0.496582  3.12797
0.496826  2.29595
0.49707  -1.56889
0.497314  -2.36143
0.497559  3.13103
0.497803  2.30071
0.498047  -1.56576
0.498291  -2.35837
0.498535  3.1341
0.498779  2.30536
0.499023  -1.56263
0.499268  -2.35531
0.499512  3.13716
0.499756  2.30991
