-0.5  -159.757
-0.499756  -155.404
-0.499512  -157.235
-0.499268  -172.042
-0.499023  -159.824
-0.498779  -155.423
-0.498535  -157.218
-0.498291  -171.785
-0.498047  -159.892
-0.497803  -155.442
-0.497559  -157.201
-0.497314  -171.536
-0.49707  -159.96
-0.496826  -155.461
-0.496582  -157.183
-0.496338  -171.294
-0.496094  -160.028
-0.49585  -155.479
-0.495605  -157.166
-0.495361  -171.058
-0.495117  -160.096
-0.494873  -155.498
-0.494629  -157.149
-0.494385  -170.829
-0.494141  -160.166
-0.493896  -155.516
-0.493652  -157.132
-0.493408  -170.606
-0.493164  -160.235
-0.49292  -155.535
-0.492676  -157.114
-0.492432  -170.388
-0.492188  -160.305
-0.491943  -155.554
-0.491699  -157.097
-0.491455  -170.175
-0.491211  -160.376
-0.490967  -155.572
-0.490723  -157.08
-0.490479  -169.968
-0.490234  -160.447
-0.48999  -155.59
-0.489746  -157.062
-0.489502  -169.765
-0.489258  -160.518
-0.489014  -155.609
-0.48877  -157.045
-0.488525  -169.567
-0.488281  -160.59
-0.488037  -155.627
-0.487793  -157.027
-0.487549  -169.373
-0.487305  -160.663
-0.487061  -155.646
-0.486816  -157.01
-0.486572  -169.184
-0.486328  -160.736
-0.486084  -155.664
-0.48584  -156.992
-0.485596  -168.998
-0.485352  -160.81
-0.485107  -155.682
-0.484863  -156.975
-0.484619  -168.816
-0.484375  -160.884
-0.484131  -155.7
-0.483887  -156.957
-0.483643  -168.638
-0.483398  -160.959
-0.483154  -155.719
-0.48291  -156.939
-0.482666  -168.463
-0.482422  -161.034
-0.482178  -155.737
-0.481934  -156.922
-0.481689  -168.291
-0.481445  -161.11
-0.481201  -155.755
-0.480957  -156.904
-0.480713  -168.123
-0.480469  -161.187
-0.480225  -155.773
-0.47998  -156.886
-0.479736  -167.957
-0.479492  -161.264
-0.479248  -155.791
-0.479004  -156.868
-0.47876  -167.795
-0.478516  -161.343
-0.478271  -155.809
-0.478027  -156.85
-0.477783  -167.635
-0.477539  -161.421
-0.477295  -155.827
-0.477051  -156.832
-0.476807  -167.478
-0.476562  -161.501
-0.476318  -155.845
-0.476074  -156.814
-0.47583  -167.324
-0.475586  -161.581
-0.475342  -155.863
-0.475098  -156.796
-0.474854  -167.172
-0.474609  -161.662
-0.474365  -155.881
-0.474121  -156.778
-0.473877  -167.022
-0.473633  -161.743
-0.473389  -155.899
-0.473145  -156.76
-0.4729  -166.875
-0.472656  -161.826
-0.472412  -155.917
-0.472168  -156.742
-0.471924  -166.73
-0.47168  -161.909
-0.471436  -155.935
-0.471191  -156.723
-0.470947  -166.587
-0.470703  -161.993
-0.470459  -155.953
-0.470215  -156.705
-0.469971  -166.447
-0.469727  -162.078
-0.469482  -155.971
-0.469238  -156.686
-0.468994  -166.308
-0.46875  -162.164
-0.468506  -155.989
-0.468262  -156.668
-0.468018  -166.171
-0.467773  -162.251
-0.467529  -156.007
-0.467285  -156.649
-0.467041  -166.036
-0.466797  -162.338
-0.466553  -156.025
-0.466309  -156.631
-0.466064  -165.903
-0.46582  -162.427
-0.465576  -156.043
-0.465332  -156.612
-0.465088  -165.771
-0.464844  -162.517
-0.4646  -156.06
-0.464355  -156.594
-0.464111  -165.642
-0.463867  -162.607
-0.463623  -156.078
-0.463379  -156.575
-0.463135  -165.514
-0.462891  -162.699
-0.462646  -156.096
-0.462402  -156.556
-0.462158  -165.387
-0.461914  -162.792
-0.46167  -156.114
-0.461426  -156.537
-0.461182  -165.262
-0.460938  -162.886
-0.460693  -156.132
-0.460449  -156.518
-0.460205  -165.138
-0.459961  -162.981
-0.459717  -156.15
-0.459473  -156.499
-0.459229  -165.016
-0.458984  -163.077
-0.45874  -156.168
-0.458496  -156.48
-0.458252  -164.895
-0.458008  -163.174
-0.457764  -156.185
-0.45752  -156.461
-0.457275  -164.776
-0.457031  -163.273
-0.456787  -156.203
-0.456543  -156.442
-0.456299  -164.658
-0.456055  -163.372
-0.455811  -156.221
-0.455566  -156.422
-0.455322  -164.541
-0.455078  -163.474
-0.454834  -156.239
-0.45459  -156.403
-0.454346  -164.425
-0.454102  -163.576
-0.453857  -156.257
-0.453613  -156.383
-0.453369  -164.311
-0.453125  -163.68
-0.452881  -156.275
-0.452637  -156.364
-0.452393  -164.197
-0.452148  -163.785
-0.451904  -156.293
-0.45166  -156.344
-0.451416  -164.085
-0.451172  -163.892
-0.450928  -156.311
-0.450684  -156.325
-0.450439  -163.974
-0.450195  -164.001
-0.449951  -156.329
-0.449707  -156.305
-0.449463  -163.864
-0.449219  -164.111
-0.448975  -156.346
-0.44873  -156.285
-0.448486  -163.755
-0.448242  -164.222
-0.447998  -156.364
-0.447754  -156.265
-0.44751  -163.646
-0.447266  -164.336
-0.447021  -156.382
-0.446777  -156.245
-0.446533  -163.539
-0.446289  -164.451
-0.446045  -156.4
-0.445801  -156.225
-0.445557  -163.433
-0.445312  -164.568
-0.445068  -156.418
-0.444824  -156.205
-0.44458  -163.328
-0.444336  -164.687
-0.444092  -156.436
-0.443848  -156.185
-0.443604  -163.223
-0.443359  -164.807
-0.443115  -156.455
-0.442871  -156.164
-0.442627  -163.12
-0.442383  -164.93
-0.442139  -156.473
-0.441895  -156.144
-0.44165  -163.017
-0.441406  -165.055
-0.441162  -156.491
-0.440918  -156.123
-0.440674  -162.915
-0.44043  -165.182
-0.440186  -156.509
-0.439941  -156.103
-0.439697  -162.814
-0.439453  -165.312
-0.439209  -156.527
-0.438965  -156.082
-0.438721  -162.713
-0.438477  -165.443
-0.438232  -156.545
-0.437988  -156.061
-0.437744  -162.614
-0.4375  -165.577
-0.437256  -156.564
-0.437012  -156.041
-0.436768  -162.515
-0.436523  -165.714
-0.436279  -156.582
-0.436035  -156.02
-0.435791  -162.416
-0.435547  -165.853
-0.435303  -156.6
-0.435059  -155.999
-0.434814  -162.319
-0.43457  -165.995
-0.434326  -156.619
-0.434082  -155.978
-0.433838  -162.222
-0.433594  -166.14
-0.43335  -156.637
-0.433105  -155.956
-0.432861  -162.126
-0.432617  -166.288
-0.432373  -156.656
-0.432129  -155.935
-0.431885  -162.03
-0.431641  -166.439
-0.431396  -156.674
-0.431152  -155.914
-0.430908  -161.935
-0.430664  -166.593
-0.43042  -156.693
-0.430176  -155.892
-0.429932  -161.84
-0.429688  -166.751
-0.429443  -156.712
-0.429199  -155.871
-0.428955  -161.747
-0.428711  -166.912
-0.428467  -156.73
-0.428223  -155.849
-0.427979  -161.653
-0.427734  -167.076
-0.42749  -156.749
-0.427246  -155.827
-0.427002  -161.56
-0.426758  -167.245
-0.426514  -156.768
-0.42627  -155.805
-0.426025  -161.468
-0.425781  -167.417
-0.425537  -156.787
-0.425293  -155.783
-0.425049  -161.376
-0.424805  -167.594
-0.424561  -156.806
-0.424316  -155.761
-0.424072  -161.285
-0.423828  -167.775
-0.423584  -156.825
-0.42334  -155.739
-0.423096  -161.194
-0.422852  -167.961
-0.422607  -156.844
-0.422363  -155.717
-0.422119  -161.104
-0.421875  -168.152
-0.421631  -156.863
-0.421387  -155.695
-0.421143  -161.014
-0.420898  -168.348
-0.420654  -156.882
-0.42041  -155.672
-0.420166  -160.925
-0.419922  -168.549
-0.419678  -156.902
-0.419434  -155.649
-0.419189  -160.836
-0.418945  -168.756
-0.418701  -156.921
-0.418457  -155.627
-0.418213  -160.747
-0.417969  -168.97
-0.417725  -156.941
-0.41748  -155.604
-0.417236  -160.659
-0.416992  -169.189
-0.416748  -156.96
-0.416504  -155.581
-0.41626  -160.571
-0.416016  -169.415
-0.415771  -156.98
-0.415527  -155.558
-0.415283  -160.484
-0.415039  -169.649
-0.414795  -157
-0.414551  -155.535
-0.414307  -160.397
-0.414062  -169.89
-0.413818  -157.02
-0.413574  -155.512
-0.41333  -160.31
-0.413086  -170.14
-0.412842  -157.04
-0.412598  -155.488
-0.412354  -160.224
-0.412109  -170.398
-0.411865  -157.06
-0.411621  -155.465
-0.411377  -160.138
-0.411133  -170.665
-0.410889  -157.08
-0.410645  -155.441
-0.4104  -160.052
-0.410156  -170.943
-0.409912  -157.1
-0.409668  -155.418
-0.409424  -159.967
-0.40918  -171.231
-0.408936  -157.121
-0.408691  -155.394
-0.408447  -159.881
-0.408203  -171.531
-0.407959  -157.141
-0.407715  -155.37
-0.407471  -159.797
-0.407227  -171.843
-0.406982  -157.162
-0.406738  -155.346
-0.406494  -159.712
-0.40625  -172.169
-0.406006  -157.183
-0.405762  -155.322
-0.405518  -159.628
-0.405273  -172.509
-0.405029  -157.204
-0.404785  -155.297
-0.404541  -159.544
-0.404297  -172.865
-0.404053  -157.225
-0.403809  -155.273
-0.403564  -159.46
-0.40332  -173.239
-0.403076  -157.246
-0.402832  -155.248
-0.402588  -159.377
-0.402344  -173.632
-0.4021  -157.268
-0.401855  -155.224
-0.401611  -159.294
-0.401367  -174.046
-0.401123  -157.289
-0.400879  -155.199
-0.400635  -159.211
-0.400391  -174.483
-0.400146  -157.311
-0.399902  -155.174
-0.399658  -159.128
-0.399414  -174.947
-0.39917  -157.333
-0.398926  -155.149
-0.398682  -159.045
-0.398438  -175.439
-0.398193  -157.355
-0.397949  -155.124
-0.397705  -158.963
-0.397461  -175.965
-0.397217  -157.377
-0.396973  -155.099
-0.396729  -158.881
-0.396484  -176.527
-0.39624  -157.399
-0.395996  -155.073
-0.395752  -158.799
-0.395508  -177.132
-0.395264  -157.422
-0.39502  -155.048
-0.394775  -158.717
-0.394531  -177.787
-0.394287  -157.444
-0.394043  -155.022
-0.393799  -158.635
-0.393555  -178.499
-0.393311  -157.467
-0.393066  -154.996
-0.392822  -158.554
-0.392578  -179.279
-0.392334  -157.49
-0.39209  -154.97
-0.391846  -158.473
-0.391602  -180.14
-0.391357  -157.514
-0.391113  -154.944
-0.390869  -158.391
-0.390625  -181.1
-0.390381  -157.537
-0.390137  -154.918
-0.389893  -158.31
-0.389648  -182.183
-0.389404  -157.561
-0.38916  -154.892
-0.388916  -158.23
-0.388672  -183.421
-0.388428  -157.585
-0.388184  -154.865
-0.387939  -158.149
-0.387695  -184.862
-0.387451  -157.609
-0.387207  -154.838
-0.386963  -158.068
-0.386719  -186.57
-0.386475  -157.633
-0.38623  -154.812
-0.385986  -157.988
-0.385742  -188.637
-0.385498  -157.658
-0.385254  -154.785
-0.38501  -157.907
-0.384766  -191.155
-0.384521  -157.683
-0.384277  -154.758
-0.384033  -157.827
-0.383789  -193.955
-0.383545  -157.708
-0.383301  -154.73
-0.383057  -157.747
-0.382812  -195.502
-0.382568  -157.733
-0.382324  -154.703
-0.38208  -157.666
-0.381836  -193.865
-0.381592  -157.759
-0.381348  -154.675
-0.381104  -157.586
-0.380859  -190.995
-0.380615  -157.784
-0.380371  -154.648
-0.380127  -157.506
-0.379883  -188.411
-0.379639  -157.811
-0.379395  -154.62
-0.37915  -157.426
-0.378906  -186.277
-0.378662  -157.837
-0.378418  -154.592
-0.378174  -157.347
-0.37793  -184.502
-0.377686  -157.864
-0.377441  -154.564
-0.377197  -157.267
-0.376953  -182.994
-0.376709  -157.891
-0.376465  -154.536
-0.376221  -157.187
-0.375977  -181.688
-0.375732  -157.918
-0.375488  -154.507
-0.375244  -157.107
-0.375  -180.536
-0.374756  -157.946
-0.374512  -154.478
-0.374268  -157.028
-0.374023  -179.507
-0.373779  -157.974
-0.373535  -154.45
-0.373291  -156.948
-0.373047  -178.577
-0.372803  -158.002
-0.372559  -154.421
-0.372314  -156.868
-0.37207  -177.728
-0.371826  -158.031
-0.371582  -154.392
-0.371338  -156.789
-0.371094  -176.947
-0.37085  -158.06
-0.370605  -154.362
-0.370361  -156.709
-0.370117  -176.223
-0.369873  -158.089
-0.369629  -154.333
-0.369385  -156.629
-0.369141  -175.548
-0.368896  -158.119
-0.368652  -154.303
-0.368408  -156.55
-0.368164  -174.916
-0.36792  -158.149
-0.367676  -154.274
-0.367432  -156.47
-0.367188  -174.321
-0.366943  -158.18
-0.366699  -154.244
-0.366455  -156.39
-0.366211  -173.759
-0.365967  -158.211
-0.365723  -154.214
-0.365479  -156.311
-0.365234  -173.225
-0.36499  -158.242
-0.364746  -154.183
-0.364502  -156.231
-0.364258  -172.718
-0.364014  -158.274
-0.36377  -154.153
-0.363525  -156.151
-0.363281  -172.234
-0.363037  -158.307
-0.362793  -154.122
-0.362549  -156.071
-0.362305  -171.771
-0.362061  -158.339
-0.361816  -154.091
-0.361572  -155.992
-0.361328  -171.327
-0.361084  -158.373
-0.36084  -154.06
-0.360596  -155.912
-0.360352  -170.9
-0.360107  -158.406
-0.359863  -154.029
-0.359619  -155.832
-0.359375  -170.49
-0.359131  -158.441
-0.358887  -153.998
-0.358643  -155.752
-0.358398  -170.093
-0.358154  -158.475
-0.35791  -153.966
-0.357666  -155.672
-0.357422  -169.71
-0.357178  -158.511
-0.356934  -153.935
-0.356689  -155.592
-0.356445  -169.34
-0.356201  -158.547
-0.355957  -153.903
-0.355713  -155.511
-0.355469  -168.981
-0.355225  -158.583
-0.35498  -153.871
-0.354736  -155.431
-0.354492  -168.632
-0.354248  -158.62
-0.354004  -153.838
-0.35376  -155.351
-0.353516  -168.294
-0.353271  -158.658
-0.353027  -153.806
-0.352783  -155.27
-0.352539  -167.964
-0.352295  -158.696
-0.352051  -153.773
-0.351807  -155.19
-0.351562  -167.643
-0.351318  -158.735
-0.351074  -153.74
-0.35083  -155.109
-0.350586  -167.331
-0.350342  -158.775
-0.350098  -153.707
-0.349854  -155.028
-0.349609  -167.025
-0.349365  -158.815
-0.349121  -153.674
-0.348877  -154.947
-0.348633  -166.727
-0.348389  -158.856
-0.348145  -153.641
-0.3479  -154.866
-0.347656  -166.436
-0.347412  -158.897
-0.347168  -153.607
-0.346924  -154.785
-0.34668  -166.15
-0.346436  -158.94
-0.346191  -153.573
-0.345947  -154.704
-0.345703  -165.871
-0.345459  -158.983
-0.345215  -153.539
-0.344971  -154.622
-0.344727  -165.597
-0.344482  -159.027
-0.344238  -153.505
-0.343994  -154.541
-0.34375  -165.328
-0.343506  -159.072
-0.343262  -153.47
-0.343018  -154.459
-0.342773  -165.065
-0.342529  -159.118
-0.342285  -153.435
-0.342041  -154.377
-0.341797  -164.806
-0.341553  -159.164
-0.341309  -153.4
-0.341064  -154.295
-0.34082  -164.552
-0.340576  -159.212
-0.340332  -153.365
-0.340088  -154.213
-0.339844  -164.302
-0.3396  -159.26
-0.339355  -153.33
-0.339111  -154.13
-0.338867  -164.055
-0.338623  -159.31
-0.338379  -153.294
-0.338135  -154.048
-0.337891  -163.813
-0.337646  -159.36
-0.337402  -153.258
-0.337158  -153.965
-0.336914  -163.575
-0.33667  -159.412
-0.336426  -153.222
-0.336182  -153.882
-0.335938  -163.339
-0.335693  -159.464
-0.335449  -153.186
-0.335205  -153.799
-0.334961  -163.108
-0.334717  -159.518
-0.334473  -153.15
-0.334229  -153.715
-0.333984  -162.879
-0.33374  -159.573
-0.333496  -153.113
-0.333252  -153.632
-0.333008  -162.653
-0.332764  -159.629
-0.33252  -153.076
-0.332275  -153.548
-0.332031  -162.43
-0.331787  -159.686
-0.331543  -153.039
-0.331299  -153.464
-0.331055  -162.21
-0.330811  -159.744
-0.330566  -153.001
-0.330322  -153.38
-0.330078  -161.993
-0.329834  -159.804
-0.32959  -152.963
-0.329346  -153.295
-0.329102  -161.778
-0.328857  -159.865
-0.328613  -152.925
-0.328369  -153.211
-0.328125  -161.565
-0.327881  -159.928
-0.327637  -152.887
-0.327393  -153.126
-0.327148  -161.355
-0.326904  -159.992
-0.32666  -152.849
-0.326416  -153.04
-0.326172  -161.147
-0.325928  -160.058
-0.325684  -152.81
-0.325439  -152.955
-0.325195  -160.941
-0.324951  -160.125
-0.324707  -152.771
-0.324463  -152.869
-0.324219  -160.737
-0.323975  -160.194
-0.32373  -152.732
-0.323486  -152.783
-0.323242  -160.535
-0.322998  -160.265
-0.322754  -152.692
-0.32251  -152.697
-0.322266  -160.334
-0.322021  -160.337
-0.321777  -152.653
-0.321533  -152.61
-0.321289  -160.136
-0.321045  -160.411
-0.320801  -152.613
-0.320557  -152.523
-0.320312  -159.939
-0.320068  -160.488
-0.319824  -152.572
-0.31958  -152.436
-0.319336  -159.744
-0.319092  -160.566
-0.318848  -152.532
-0.318604  -152.349
-0.318359  -159.55
-0.318115  -160.646
-0.317871  -152.491
-0.317627  -152.261
-0.317383  -159.357
-0.317139  -160.729
-0.316895  -152.45
-0.31665  -152.173
-0.316406  -159.167
-0.316162  -160.814
-0.315918  -152.408
-0.315674  -152.084
-0.31543  -158.977
-0.315186  -160.901
-0.314941  -152.367
-0.314697  -151.996
-0.314453  -158.789
-0.314209  -160.991
-0.313965  -152.325
-0.313721  -151.907
-0.313477  -158.601
-0.313232  -161.083
-0.312988  -152.282
-0.312744  -151.817
-0.3125  -158.416
-0.312256  -161.178
-0.312012  -152.24
-0.311768  -151.727
-0.311523  -158.231
-0.311279  -161.276
-0.311035  -152.197
-0.310791  -151.637
-0.310547  -158.047
-0.310303  -161.377
-0.310059  -152.154
-0.309814  -151.547
-0.30957  -157.864
-0.309326  -161.481
-0.309082  -152.11
-0.308838  -151.456
-0.308594  -157.682
-0.30835  -161.588
-0.308105  -152.067
-0.307861  -151.365
-0.307617  -157.502
-0.307373  -161.699
-0.307129  -152.023
-0.306885  -151.273
-0.306641  -157.322
-0.306396  -161.813
-0.306152  -151.978
-0.305908  -151.181
-0.305664  -157.142
-0.30542  -161.931
-0.305176  -151.933
-0.304932  -151.089
-0.304688  -156.964
-0.304443  -162.053
-0.304199  -151.888
-0.303955  -150.996
-0.303711  -156.786
-0.303467  -162.179
-0.303223  -151.843
-0.302979  -150.903
-0.302734  -156.61
-0.30249  -162.31
-0.302246  -151.797
-0.302002  -150.809
-0.301758  -156.433
-0.301514  -162.445
-0.30127  -151.751
-0.301025  -150.715
-0.300781  -156.258
-0.300537  -162.585
-0.300293  -151.705
-0.300049  -150.62
-0.299805  -156.083
-0.299561  -162.731
-0.299316  -151.658
-0.299072  -150.526
-0.298828  -155.908
-0.298584  -162.881
-0.29834  -151.611
-0.298096  -150.43
-0.297852  -155.735
-0.297607  -163.038
-0.297363  -151.564
-0.297119  -150.334
-0.296875  -155.561
-0.296631  -163.2
-0.296387  -151.516
-0.296143  -150.238
-0.295898  -155.389
-0.295654  -163.37
-0.29541  -151.468
-0.295166  -150.141
-0.294922  -155.216
-0.294678  -163.546
-0.294434  -151.419
-0.294189  -150.044
-0.293945  -155.044
-0.293701  -163.729
-0.293457  -151.37
-0.293213  -149.946
-0.292969  -154.873
-0.292725  -163.92
-0.29248  -151.321
-0.292236  -149.848
-0.291992  -154.702
-0.291748  -164.12
-0.291504  -151.272
-0.29126  -149.75
-0.291016  -154.531
-0.290771  -164.328
-0.290527  -151.222
-0.290283  -149.65
-0.290039  -154.36
-0.289795  -164.546
-0.289551  -151.171
-0.289307  -149.551
-0.289062  -154.19
-0.288818  -164.775
-0.288574  -151.12
-0.28833  -149.45
-0.288086  -154.021
-0.287842  -165.014
-0.287598  -151.069
-0.287354  -149.35
-0.287109  -153.851
-0.286865  -165.266
-0.286621  -151.017
-0.286377  -149.249
-0.286133  -153.682
-0.285889  -165.53
-0.285645  -150.965
-0.2854  -149.147
-0.285156  -153.513
-0.284912  -165.809
-0.284668  -150.913
-0.284424  -149.044
-0.28418  -153.344
-0.283936  -166.102
-0.283691  -150.86
-0.283447  -148.942
-0.283203  -153.175
-0.282959  -166.412
-0.282715  -150.806
-0.282471  -148.838
-0.282227  -153.007
-0.281982  -166.74
-0.281738  -150.752
-0.281494  -148.734
-0.28125  -152.838
-0.281006  -167.088
-0.280762  -150.698
-0.280518  -148.63
-0.280273  -152.67
-0.280029  -167.458
-0.279785  -150.643
-0.279541  -148.525
-0.279297  -152.502
-0.279053  -167.852
-0.278809  -150.588
-0.278564  -148.419
-0.27832  -152.335
-0.278076  -168.272
-0.277832  -150.532
-0.277588  -148.313
-0.277344  -152.167
-0.2771  -168.723
-0.276855  -150.476
-0.276611  -148.206
-0.276367  -152
-0.276123  -169.207
-0.275879  -150.419
-0.275635  -148.099
-0.275391  -151.832
-0.275146  -169.728
-0.274902  -150.361
-0.274658  -147.991
-0.274414  -151.665
-0.27417  -170.293
-0.273926  -150.304
-0.273682  -147.882
-0.273438  -151.498
-0.273193  -170.906
-0.272949  -150.245
-0.272705  -147.773
-0.272461  -151.331
-0.272217  -171.574
-0.271973  -150.186
-0.271729  -147.664
-0.271484  -151.165
-0.27124  -172.308
-0.270996  -150.126
-0.270752  -147.554
-0.270508  -150.998
-0.270264  -173.116
-0.27002  -150.066
-0.269775  -147.443
-0.269531  -150.832
-0.269287  -174.012
-0.269043  -150.004
-0.268799  -147.332
-0.268555  -150.666
-0.268311  -175.009
-0.268066  -149.943
-0.267822  -147.22
-0.267578  -150.501
-0.267334  -176.123
-0.26709  -149.88
-0.266846  -147.107
-0.266602  -150.335
-0.266357  -177.364
-0.266113  -149.817
-0.265869  -146.995
-0.265625  -150.17
-0.265381  -178.727
-0.265137  -149.753
-0.264893  -146.881
-0.264648  -150.006
-0.264404  -180.156
-0.26416  -149.688
-0.263916  -146.767
-0.263672  -149.842
-0.263428  -181.472
-0.263184  -149.622
-0.262939  -146.653
-0.262695  -149.679
-0.262451  -182.295
-0.262207  -149.555
-0.261963  -146.538
-0.261719  -149.516
-0.261475  -182.219
-0.26123  -149.487
-0.260986  -146.423
-0.260742  -149.354
-0.260498  -181.264
-0.260254  -149.419
-0.26001  -146.307
-0.259766  -149.192
-0.259521  -179.849
-0.259277  -149.349
-0.259033  -146.191
-0.258789  -149.032
-0.258545  -178.342
-0.258301  -149.277
-0.258057  -146.075
-0.257812  -148.873
-0.257568  -176.912
-0.257324  -149.205
-0.25708  -145.959
-0.256836  -148.715
-0.256592  -175.611
-0.256348  -149.131
-0.256104  -145.842
-0.255859  -148.558
-0.255615  -174.443
-0.255371  -149.056
-0.255127  -145.725
-0.254883  -148.403
-0.254639  -173.399
-0.254395  -148.979
-0.25415  -145.608
-0.253906  -148.25
-0.253662  -172.466
-0.253418  -148.9
-0.253174  -145.492
-0.25293  -148.099
-0.252686  -171.631
-0.252441  -148.819
-0.252197  -145.375
-0.251953  -147.95
-0.251709  -170.884
-0.251465  -148.736
-0.251221  -145.258
-0.250977  -147.805
-0.250732  -170.217
-0.250488  -148.651
-0.250244  -145.142
-0.25  -147.662
-0.249756  -169.625
-0.249512  -148.563
-0.249268  -145.027
-0.249023  -147.523
-0.248779  -169.104
-0.248535  -148.472
-0.248291  -144.912
-0.248047  -147.388
-0.247803  -168.652
-0.247559  -148.378
-0.247314  -144.798
-0.24707  -147.258
-0.246826  -168.268
-0.246582  -148.281
-0.246338  -144.685
-0.246094  -147.134
-0.24585  -167.955
-0.245605  -148.18
-0.245361  -144.574
-0.245117  -147.016
-0.244873  -167.715
-0.244629  -148.074
-0.244385  -144.464
-0.244141  -146.905
-0.243896  -167.555
-0.243652  -147.963
-0.243408  -144.356
-0.243164  -146.803
-0.24292  -167.483
-0.242676  -147.846
-0.242432  -144.251
-0.242188  -146.71
-0.241943  -167.508
-0.241699  -147.724
-0.241455  -144.148
-0.241211  -146.63
-0.240967  -167.644
-0.240723  -147.594
-0.240479  -144.049
-0.240234  -146.563
-0.23999  -167.908
-0.239746  -147.456
-0.239502  -143.954
-0.239258  -146.511
-0.239014  -168.313
-0.23877  -147.309
-0.238525  -143.864
-0.238281  -146.479
-0.238037  -168.862
-0.237793  -147.151
-0.237549  -143.78
-0.237305  -146.469
-0.237061  -169.509
-0.236816  -146.981
-0.236572  -143.702
-0.236328  -146.486
-0.236084  -170.078
-0.23584  -146.798
-0.235596  -143.632
-0.235352  -146.535
-0.235107  -170.146
-0.234863  -146.599
-0.234619  -143.572
-0.234375  -146.624
-0.234131  -169.196
-0.233887  -146.383
-0.233643  -143.523
-0.233398  -146.761
-0.233154  -167.221
-0.23291  -146.146
-0.232666  -143.488
-0.232422  -146.959
-0.232178  -164.736
-0.231934  -145.887
-0.231689  -143.469
-0.231445  -147.233
-0.231201  -162.162
-0.230957  -145.601
-0.230713  -143.47
-0.230469  -147.607
-0.230225  -159.673
-0.22998  -145.284
-0.229736  -143.494
-0.229492  -148.113
-0.229248  -157.312
-0.229004  -144.934
-0.22876  -143.548
-0.228516  -148.797
-0.228271  -155.071
-0.228027  -144.545
-0.227783  -143.638
-0.227539  -149.734
-0.227295  -152.934
-0.227051  -144.112
-0.226807  -143.773
-0.226562  -151.049
-0.226318  -150.879
-0.226074  -143.629
-0.22583  -143.966
-0.225586  -152.956
-0.225342  -148.888
-0.225098  -143.091
-0.224854  -144.233
-0.224609  -155.809
-0.224365  -146.945
-0.224121  -142.491
-0.223877  -144.598
-0.223633  -159.254
-0.223389  -145.038
-0.223145  -141.822
-0.2229  -145.095
-0.222656  -157.329
-0.222412  -143.153
-0.222168  -141.077
-0.221924  -145.777
-0.22168  -151.906
-0.221436  -141.281
-0.221191  -140.25
-0.220947  -146.729
-0.220703  -147.442
-0.220459  -139.412
-0.220215  -139.333
-0.219971  -148.102
-0.219727  -143.81
-0.219482  -137.537
-0.219238  -138.32
-0.218994  -150.19
-0.21875  -140.682
-0.218506  -135.649
-0.218262  -137.205
-0.218018  -153.635
-0.217773  -137.867
-0.217529  -133.739
-0.217285  -135.982
-0.217041  -158.732
-0.216797  -135.251
-0.216553  -131.802
-0.216309  -134.648
-0.216064  -154.522
-0.21582  -132.763
-0.215576  -129.829
-0.215332  -133.198
-0.215088  -147.896
-0.214844  -130.352
-0.2146  -127.814
-0.214355  -131.631
-0.214111  -143.096
-0.213867  -127.987
-0.213623  -125.753
-0.213379  -129.945
-0.213135  -139.247
-0.212891  -125.643
-0.212646  -123.643
-0.212402  -128.144
-0.212158  -135.918
-0.211914  -123.307
-0.21167  -121.485
-0.211426  -126.233
-0.211182  -132.915
-0.210938  -120.977
-0.210693  -119.288
-0.210449  -124.226
-0.210205  -130.157
-0.209961  -118.67
-0.209717  -117.081
-0.209473  -122.152
-0.209229  -127.662
-0.208984  -116.449
-0.20874  -114.935
-0.208496  -120.072
-0.208252  -125.604
-0.208008  -114.475
-0.207764  -113.023
-0.20752  -118.128
-0.207275  -124.614
-0.207031  -113.218
-0.206787  -111.841
-0.206543  -116.682
-0.206299  -127.85
-0.206055  -114.527
-0.205811  -113.349
-0.205566  -117.027
-0.205322  -124.029
-0.205078  -124.694
-0.204834  -121.4
-0.20459  -141.534
-0.204346  -113.494
-0.204102  -109.032
-0.203857  -109.395
-0.203613  -93.8642
-0.203369  -77.5297
-0.203125  -65.2143
-0.202881  -55.4136
-0.202637  -47.2869
-0.202393  -40.3801
-0.202148  -34.4221
-0.201904  -29.2369
-0.20166  -24.7026
-0.201416  -20.7304
-0.201172  -17.2529
-0.200928  -14.2171
-0.200684  -11.5797
-0.200439  -9.3042
-0.200195  -7.35875
-0.199951  -5.71455
-0.199707  -4.34462
-0.199463  -3.2229
-0.199219  -2.32354
-0.198975  -1.62047
-0.19873  -1.08723
-0.198486  -0.697147
-0.198242  -0.423808
-0.197998  -0.241842
-0.197754  -0.127902
-0.19751  -0.0616306
-0.197266  -0.0264144
-0.197021  -0.00971127
-0.196777  -0.00289063
-0.196533  -0.000639366
-0.196289  -0.000113832
-0.196045  -5.63648e-05
-0.195801  -5.59535e-05
-0.195557  -4.56959e-05
-0.195312  -3.83257e-05
-0.195068  -3.73437e-05
-0.194824  -3.75046e-05
-0.19458  -4.07974e-05
-0.194336  -5.09618e-05
-0.194092  -5.7221e-05
-0.193848  -6.25524e-05
-0.193604  -0.000239618
-0.193359  -0.00129512
-0.193115  -0.00508169
-0.192871  -0.0154178
-0.192627  -0.0389817
-0.192383  -0.0860741
-0.192139  -0.171038
-0.191895  -0.312204
-0.19165  -0.531355
-0.191406  -0.852852
-0.191162  -1.30264
-0.190918  -1.90732
-0.190674  -2.69353
-0.19043  -3.68753
-0.190186  -4.91528
-0.189941  -6.40264
-0.189697  -8.17598
-0.189453  -10.263
-0.189209  -12.6935
-0.188965  -15.5014
-0.188721  -18.7257
-0.188477  -22.4136
-0.188232  -26.6238
-0.187988  -31.432
-0.187744  -36.9396
-0.1875  -43.289
-0.187256  -50.6912
-0.187012  -59.4825
-0.186768  -70.2515
-0.186523  -84.1239
-0.186279  -102.209
-0.186035  -109.708
-0.185791  -109.795
-0.185547  -119.326
-0.185303  -124.182
-0.185059  -122.055
-0.184814  -125.461
-0.18457  -120.616
-0.184326  -114.83
-0.184082  -113.239
-0.183838  -117.575
-0.183594  -126.662
-0.18335  -113.517
-0.183105  -111.808
-0.182861  -116.154
-0.182617  -130.987
-0.182373  -114.725
-0.182129  -113.027
-0.181885  -117.436
-0.181641  -133.698
-0.181396  -116.615
-0.181152  -114.976
-0.180908  -119.487
-0.180664  -135.414
-0.18042  -118.713
-0.180176  -117.171
-0.179932  -121.829
-0.179688  -136.569
-0.179443  -120.846
-0.179199  -119.441
-0.178955  -124.307
-0.178711  -137.392
-0.178467  -122.944
-0.178223  -121.722
-0.177979  -126.873
-0.177734  -138.001
-0.17749  -124.973
-0.177246  -123.99
-0.177002  -129.532
-0.176758  -138.463
-0.176514  -126.92
-0.17627  -126.241
-0.176025  -132.323
-0.175781  -138.82
-0.175537  -128.779
-0.175293  -128.482
-0.175049  -135.317
-0.174805  -139.1
-0.174561  -130.547
-0.174316  -130.725
-0.174072  -138.645
-0.173828  -139.323
-0.173584  -132.224
-0.17334  -132.99
-0.173096  -142.547
-0.172852  -139.505
-0.172607  -133.809
-0.172363  -135.299
-0.172119  -147.529
-0.171875  -139.656
-0.171631  -135.304
-0.171387  -137.684
-0.171143  -154.467
-0.170898  -139.786
-0.170654  -136.707
-0.17041  -140.191
-0.170166  -156.311
-0.169922  -139.899
-0.169678  -138.021
-0.169434  -142.881
-0.169189  -151.181
-0.168945  -140.001
-0.168701  -139.245
-0.168457  -145.854
-0.168213  -148.01
-0.167969  -140.095
-0.167725  -140.381
-0.16748  -149.268
-0.167236  -146.039
-0.166992  -140.183
-0.166748  -141.43
-0.166504  -153.384
-0.16626  -144.714
-0.166016  -140.266
-0.165771  -142.394
-0.165527  -158.374
-0.165283  -143.777
-0.165039  -140.346
-0.164795  -143.275
-0.164551  -161.489
-0.164307  -143.094
-0.164062  -140.425
-0.163818  -144.076
-0.163574  -158.9
-0.16333  -142.587
-0.163086  -140.502
-0.162842  -144.799
-0.162598  -155.958
-0.162354  -142.206
-0.162109  -140.577
-0.161865  -145.45
-0.161621  -153.917
-0.161377  -141.92
-0.161133  -140.652
-0.160889  -146.032
-0.160645  -152.501
-0.1604  -141.707
-0.160156  -140.727
-0.159912  -146.55
-0.159668  -151.49
-0.159424  -141.549
-0.15918  -140.801
-0.158936  -147.008
-0.158691  -150.752
-0.158447  -141.436
-0.158203  -140.874
-0.157959  -147.412
-0.157715  -150.205
-0.157471  -141.359
-0.157227  -140.947
-0.156982  -147.766
-0.156738  -149.799
-0.156494  -141.311
-0.15625  -141.02
-0.156006  -148.075
-0.155762  -149.5
-0.155518  -141.286
-0.155273  -141.093
-0.155029  -148.343
-0.154785  -149.283
-0.154541  -141.28
-0.154297  -141.165
-0.154053  -148.575
-0.153809  -149.131
-0.153564  -141.291
-0.15332  -141.236
-0.153076  -148.774
-0.152832  -149.031
-0.152588  -141.315
-0.152344  -141.307
-0.1521  -148.945
-0.151855  -148.974
-0.151611  -141.35
-0.151367  -141.377
-0.151123  -149.09
-0.150879  -148.952
-0.150635  -141.395
-0.150391  -141.447
-0.150146  -149.213
-0.149902  -148.959
-0.149658  -141.447
-0.149414  -141.517
-0.14917  -149.316
-0.148926  -148.991
-0.148682  -141.506
-0.148438  -141.585
-0.148193  -149.402
-0.147949  -149.043
-0.147705  -141.571
-0.147461  -141.653
-0.147217  -149.473
-0.146973  -149.113
-0.146729  -141.64
-0.146484  -141.72
-0.14624  -149.531
-0.145996  -149.198
-0.145752  -141.713
-0.145508  -141.787
-0.145264  -149.578
-0.14502  -149.296
-0.144775  -141.789
-0.144531  -141.853
-0.144287  -149.614
-0.144043  -149.406
-0.143799  -141.868
-0.143555  -141.917
-0.143311  -149.642
-0.143066  -149.525
-0.142822  -141.949
-0.142578  -141.982
-0.142334  -149.663
-0.14209  -149.653
-0.141846  -142.032
-0.141602  -142.045
-0.141357  -149.677
-0.141113  -149.789
-0.140869  -142.116
-0.140625  -142.107
-0.140381  -149.685
-0.140137  -149.932
-0.139893  -142.202
-0.139648  -142.169
-0.139404  -149.689
-0.13916  -150.08
-0.138916  -142.289
-0.138672  -142.23
-0.138428  -149.688
-0.138184  -150.234
-0.137939  -142.376
-0.137695  -142.29
-0.137451  -149.684
-0.137207  -150.393
-0.136963  -142.464
-0.136719  -142.349
-0.136475  -149.676
-0.13623  -150.556
-0.135986  -142.552
-0.135742  -142.407
-0.135498  -149.666
-0.135254  -150.723
-0.13501  -142.64
-0.134766  -142.464
-0.134521  -149.653
-0.134277  -150.894
-0.134033  -142.728
-0.133789  -142.521
-0.133545  -149.638
-0.133301  -151.068
-0.133057  -142.817
-0.132812  -142.576
-0.132568  -149.622
-0.132324  -151.246
-0.13208  -142.905
-0.131836  -142.631
-0.131592  -149.603
-0.131348  -151.426
-0.131104  -142.993
-0.130859  -142.685
-0.130615  -149.584
-0.130371  -151.609
-0.130127  -143.08
-0.129883  -142.738
-0.129639  -149.563
-0.129395  -151.794
-0.12915  -143.168
-0.128906  -142.79
-0.128662  -149.542
-0.128418  -151.982
-0.128174  -143.255
-0.12793  -142.841
-0.127686  -149.52
-0.127441  -152.172
-0.127197  -143.341
-0.126953  -142.891
-0.126709  -149.496
-0.126465  -152.365
-0.126221  -143.427
-0.125977  -142.941
-0.125732  -149.473
-0.125488  -152.559
-0.125244  -143.512
-0.125  -142.989
-0.124756  -149.448
-0.124512  -152.756
-0.124268  -143.597
-0.124023  -143.037
-0.123779  -149.424
-0.123535  -152.956
-0.123291  -143.681
-0.123047  -143.084
-0.122803  -149.398
-0.122559  -153.157
-0.122314  -143.765
-0.12207  -143.13
-0.121826  -149.373
-0.121582  -153.36
-0.121338  -143.848
-0.121094  -143.175
-0.12085  -149.347
-0.120605  -153.566
-0.120361  -143.93
-0.120117  -143.22
-0.119873  -149.321
-0.119629  -153.774
-0.119385  -144.012
-0.119141  -143.263
-0.118896  -149.294
-0.118652  -153.984
-0.118408  -144.093
-0.118164  -143.306
-0.11792  -149.268
-0.117676  -154.197
-0.117432  -144.173
-0.117188  -143.348
-0.116943  -149.241
-0.116699  -154.411
-0.116455  -144.253
-0.116211  -143.389
-0.115967  -149.214
-0.115723  -154.629
-0.115479  -144.332
-0.115234  -143.43
-0.11499  -149.187
-0.114746  -154.848
-0.114502  -144.41
-0.114258  -143.469
-0.114014  -149.16
-0.11377  -155.071
-0.113525  -144.488
-0.113281  -143.508
-0.113037  -149.132
-0.112793  -155.296
-0.112549  -144.565
-0.112305  -143.546
-0.112061  -149.105
-0.111816  -155.524
-0.111572  -144.641
-0.111328  -143.584
-0.111084  -149.077
-0.11084  -155.755
-0.110596  -144.716
-0.110352  -143.62
-0.110107  -149.05
-0.109863  -155.99
-0.109619  -144.791
-0.109375  -143.656
-0.109131  -149.022
-0.108887  -156.227
-0.108643  -144.865
-0.108398  -143.691
-0.108154  -148.994
-0.10791  -156.468
-0.107666  -144.939
-0.107422  -143.725
-0.107178  -148.966
-0.106934  -156.713
-0.106689  -145.012
-0.106445  -143.759
-0.106201  -148.938
-0.105957  -156.961
-0.105713  -145.084
-0.105469  -143.792
-0.105225  -148.91
-0.10498  -157.214
-0.104736  -145.156
-0.104492  -143.824
-0.104248  -148.882
-0.104004  -157.471
-0.10376  -145.226
-0.103516  -143.855
-0.103271  -148.853
-0.103027  -157.732
-0.102783  -145.297
-0.102539  -143.886
-0.102295  -148.825
-0.102051  -157.998
-0.101807  -145.366
-0.101562  -143.916
-0.101318  -148.796
-0.101074  -158.27
-0.10083  -145.435
-0.100586  -143.946
-0.100342  -148.768
-0.100098  -158.546
-0.0998535  -145.504
-0.0996094  -143.975
-0.0993652  -148.739
-0.0991211  -158.829
-0.098877  -145.571
-0.0986328  -144.003
-0.0983887  -148.71
-0.0981445  -159.118
-0.0979004  -145.639
-0.0976562  -144.03
-0.0974121  -148.681
-0.097168  -159.413
-0.0969238  -145.705
-0.0966797  -144.057
-0.0964355  -148.652
-0.0961914  -159.716
-0.0959473  -145.771
-0.0957031  -144.083
-0.095459  -148.622
-0.0952148  -160.026
-0.0949707  -145.837
-0.0947266  -144.108
-0.0944824  -148.593
-0.0942383  -160.344
-0.0939941  -145.901
-0.09375  -144.133
-0.0935059  -148.563
-0.0932617  -160.671
-0.0930176  -145.966
-0.0927734  -144.157
-0.0925293  -148.534
-0.0922852  -161.007
-0.092041  -146.029
-0.0917969  -144.181
-0.0915527  -148.504
-0.0913086  -161.353
-0.0910645  -146.093
-0.0908203  -144.204
-0.0905762  -148.474
-0.090332  -161.711
-0.0900879  -146.155
-0.0898438  -144.226
-0.0895996  -148.443
-0.0893555  -162.08
-0.0891113  -146.217
-0.0888672  -144.248
-0.088623  -148.413
-0.0883789  -162.462
-0.0881348  -146.279
-0.0878906  -144.269
-0.0876465  -148.383
-0.0874023  -162.858
-0.0871582  -146.34
-0.0869141  -144.29
-0.0866699  -148.352
-0.0864258  -163.27
-0.0861816  -146.401
-0.0859375  -144.31
-0.0856934  -148.321
-0.0854492  -163.698
-0.0852051  -146.461
-0.0849609  -144.329
-0.0847168  -148.29
-0.0844727  -164.145
-0.0842285  -146.521
-0.0839844  -144.348
-0.0837402  -148.259
-0.0834961  -164.612
-0.083252  -146.58
-0.0830078  -144.366
-0.0827637  -148.227
-0.0825195  -165.103
-0.0822754  -146.638
-0.0820312  -144.384
-0.0817871  -148.195
-0.081543  -165.618
-0.0812988  -146.697
-0.0810547  -144.401
-0.0808105  -148.163
-0.0805664  -166.162
-0.0803223  -146.754
-0.0800781  -144.417
-0.079834  -148.131
-0.0795898  -166.739
-0.0793457  -146.812
-0.0791016  -144.433
-0.0788574  -148.099
-0.0786133  -167.352
-0.0783691  -146.869
-0.078125  -144.448
-0.0778809  -148.067
-0.0776367  -168.007
-0.0773926  -146.925
-0.0771484  -144.463
-0.0769043  -148.034
-0.0766602  -168.711
-0.076416  -146.981
-0.0761719  -144.477
-0.0759277  -148.001
-0.0756836  -169.471
-0.0754395  -147.037
-0.0751953  -144.491
-0.0749512  -147.968
-0.074707  -170.298
-0.0744629  -147.093
-0.0742188  -144.504
-0.0739746  -147.934
-0.0737305  -171.206
-0.0734863  -147.148
-0.0732422  -144.517
-0.072998  -147.9
-0.0727539  -172.212
-0.0725098  -147.202
-0.0722656  -144.529
-0.0720215  -147.866
-0.0717773  -173.339
-0.0715332  -147.256
-0.0712891  -144.541
-0.0710449  -147.832
-0.0708008  -174.619
-0.0705566  -147.31
-0.0703125  -144.552
-0.0700684  -147.798
-0.0698242  -176.097
-0.0695801  -147.364
-0.0693359  -144.562
-0.0690918  -147.763
-0.0688477  -177.836
-0.0686035  -147.417
-0.0683594  -144.572
-0.0681152  -147.728
-0.0678711  -179.922
-0.067627  -147.47
-0.0673828  -144.582
-0.0671387  -147.693
-0.0668945  -182.425
-0.0666504  -147.522
-0.0664062  -144.59
-0.0661621  -147.657
-0.065918  -185.145
-0.0656738  -147.574
-0.0654297  -144.599
-0.0651855  -147.621
-0.0649414  -186.611
-0.0646973  -147.626
-0.0644531  -144.607
-0.064209  -147.585
-0.0639648  -185.115
-0.0637207  -147.678
-0.0634766  -144.614
-0.0632324  -147.549
-0.0629883  -182.41
-0.0627441  -147.729
-0.0625  -144.621
-0.0622559  -147.512
-0.0620117  -179.931
-0.0617676  -147.78
-0.0615234  -144.627
-0.0612793  -147.475
-0.0610352  -177.87
-0.060791  -147.831
-0.0605469  -144.633
-0.0603027  -147.438
-0.0600586  -176.153
-0.0598145  -147.882
-0.0595703  -144.639
-0.0593262  -147.401
-0.059082  -174.697
-0.0588379  -147.932
-0.0585938  -144.644
-0.0583496  -147.363
-0.0581055  -173.437
-0.0578613  -147.982
-0.0576172  -144.648
-0.057373  -147.325
-0.0571289  -172.33
-0.0568848  -148.032
-0.0566406  -144.652
-0.0563965  -147.286
-0.0561523  -171.344
-0.0559082  -148.082
-0.0556641  -144.655
-0.0554199  -147.247
-0.0551758  -170.455
-0.0549316  -148.131
-0.0546875  -144.658
-0.0544434  -147.208
-0.0541992  -169.646
-0.0539551  -148.18
-0.0537109  -144.661
-0.0534668  -147.169
-0.0532227  -168.905
-0.0529785  -148.229
-0.0527344  -144.663
-0.0524902  -147.129
-0.0522461  -168.219
-0.052002  -148.278
-0.0517578  -144.664
-0.0515137  -147.089
-0.0512695  -167.583
-0.0510254  -148.327
-0.0507812  -144.665
-0.0505371  -147.048
-0.050293  -166.988
-0.0500488  -148.375
-0.0498047  -144.665
-0.0495605  -147.007
-0.0493164  -166.43
-0.0490723  -148.423
-0.0488281  -144.665
-0.048584  -146.966
-0.0483398  -165.904
-0.0480957  -148.472
-0.0478516  -144.665
-0.0476074  -146.925
-0.0473633  -165.406
-0.0471191  -148.52
-0.046875  -144.664
-0.0466309  -146.883
-0.0463867  -164.935
-0.0461426  -148.568
-0.0458984  -144.663
-0.0456543  -146.841
-0.0454102  -164.485
-0.045166  -148.615
-0.0449219  -144.661
-0.0446777  -146.798
-0.0444336  -164.057
-0.0441895  -148.663
-0.0439453  -144.658
-0.0437012  -146.755
-0.043457  -163.647
-0.0432129  -148.711
-0.0429688  -144.655
-0.0427246  -146.712
-0.0424805  -163.254
-0.0422363  -148.758
-0.0419922  -144.652
-0.041748  -146.668
-0.0415039  -162.876
-0.0412598  -148.806
-0.0410156  -144.648
-0.0407715  -146.624
-0.0405273  -162.513
-0.0402832  -148.853
-0.0400391  -144.644
-0.0397949  -146.58
-0.0395508  -162.162
-0.0393066  -148.901
-0.0390625  -144.639
-0.0388184  -146.535
-0.0385742  -161.823
-0.0383301  -148.948
-0.0380859  -144.634
-0.0378418  -146.49
-0.0375977  -161.496
-0.0373535  -148.995
-0.0371094  -144.628
-0.0368652  -146.444
-0.0366211  -161.178
-0.036377  -149.043
-0.0361328  -144.622
-0.0358887  -146.398
-0.0356445  -160.87
-0.0354004  -149.09
-0.0351562  -144.615
-0.0349121  -146.351
-0.034668  -160.571
-0.0344238  -149.137
-0.0341797  -144.608
-0.0339355  -146.304
-0.0336914  -160.28
-0.0334473  -149.185
-0.0332031  -144.6
-0.032959  -146.257
-0.0327148  -159.997
-0.0324707  -149.232
-0.0322266  -144.592
-0.0319824  -146.209
-0.0317383  -159.721
-0.0314941  -149.279
-0.03125  -144.583
-0.0310059  -146.161
-0.0307617  -159.451
-0.0305176  -149.327
-0.0302734  -144.574
-0.0300293  -146.113
-0.0297852  -159.188
-0.029541  -149.375
-0.0292969  -144.565
-0.0290527  -146.064
-0.0288086  -158.93
-0.0285645  -149.422
-0.0283203  -144.554
-0.0280762  -146.014
-0.027832  -158.678
-0.0275879  -149.47
-0.0273438  -144.544
-0.0270996  -145.964
-0.0268555  -158.432
-0.0266113  -149.518
-0.0263672  -144.533
-0.026123  -145.914
-0.0258789  -158.19
-0.0256348  -149.566
-0.0253906  -144.521
-0.0251465  -145.863
-0.0249023  -157.953
-0.0246582  -149.614
-0.0244141  -144.509
-0.0241699  -145.812
-0.0239258  -157.72
-0.0236816  -149.663
-0.0234375  -144.497
-0.0231934  -145.76
-0.0229492  -157.491
-0.0227051  -149.711
-0.0224609  -144.484
-0.0222168  -145.708
-0.0219727  -157.266
-0.0217285  -149.76
-0.0214844  -144.47
-0.0212402  -145.655
-0.0209961  -157.045
-0.020752  -149.809
-0.0205078  -144.456
-0.0202637  -145.602
-0.0200195  -156.827
-0.0197754  -149.859
-0.0195312  -144.442
-0.0192871  -145.548
-0.019043  -156.613
-0.0187988  -149.908
-0.0185547  -144.427
-0.0183105  -145.494
-0.0180664  -156.402
-0.0178223  -149.958
-0.0175781  -144.411
-0.017334  -145.439
-0.0170898  -156.193
-0.0168457  -150.008
-0.0166016  -144.395
-0.0163574  -145.384
-0.0161133  -155.987
-0.0158691  -150.059
-0.015625  -144.379
-0.0153809  -145.328
-0.0151367  -155.784
-0.0148926  -150.109
-0.0146484  -144.362
-0.0144043  -145.272
-0.0141602  -155.584
-0.013916  -150.161
-0.0136719  -144.345
-0.0134277  -145.215
-0.0131836  -155.386
-0.0129395  -150.212
-0.0126953  -144.327
-0.0124512  -145.158
-0.012207  -155.19
-0.0119629  -150.264
-0.0117188  -144.308
-0.0114746  -145.1
-0.0112305  -154.996
-0.0109863  -150.316
-0.0107422  -144.289
-0.010498  -145.042
-0.0102539  -154.805
-0.0100098  -150.369
-0.00976562  -144.269
-0.00952148  -144.983
-0.00927734  -154.615
-0.0090332  -150.423
-0.00878906  -144.249
-0.00854492  -144.923
-0.00830078  -154.427
-0.00805664  -150.477
-0.0078125  -144.229
-0.00756836  -144.863
-0.00732422  -154.241
-0.00708008  -150.531
-0.00683594  -144.208
-0.0065918  -144.803
-0.00634766  -154.056
-0.00610352  -150.586
-0.00585938  -144.186
-0.00561523  -144.742
-0.00537109  -153.873
-0.00512695  -150.642
-0.00488281  -144.164
-0.00463867  -144.68
-0.00439453  -153.692
-0.00415039  -150.698
-0.00390625  -144.141
-0.00366211  -144.617
-0.00341797  -153.512
-0.00317383  -150.755
-0.00292969  -144.118
-0.00268555  -144.554
-0.00244141  -153.333
-0.00219727  -150.812
-0.00195312  -144.094
-0.00170898  -144.491
-0.00146484  -153.155
-0.0012207  -150.871
-0.000976562  -144.07
-0.000732422  -144.427
-0.000488281  -152.979
-0.000244141  -150.93
0  -144.045
0.000244141  -144.362
0.000488281  -152.804
0.000732422  -150.99
0.000976562  -144.02
0.0012207  -144.296
0.00146484  -152.629
0.00170898  -151.05
0.00195312  -143.994
0.00219727  -144.23
0.00244141  -152.456
0.00268555  -151.112
0.00292969  -143.967
0.00317383  -144.164
0.00341797  -152.284
0.00366211  -151.174
0.00390625  -143.94
0.00415039  -144.096
0.00439453  -152.113
0.00463867  -151.238
0.00488281  -143.913
0.00512695  -144.028
0.00537109  -151.942
0.00561523  -151.302
0.00585938  -143.885
0.00610352  -143.96
0.00634766  -151.772
0.0065918  -151.368
0.00683594  -143.856
0.00708008  -143.89
0.00732422  -151.603
0.00756836  -151.435
0.0078125  -143.826
0.00805664  -143.82
0.00830078  -151.435
0.00854492  -151.503
0.00878906  -143.796
0.0090332  -143.75
0.00927734  -151.267
0.00952148  -151.572
0.00976562  -143.766
0.0100098  -143.678
0.0102539  -151.1
0.010498  -151.642
0.0107422  -143.735
0.0109863  -143.606
0.0112305  -150.934
0.0114746  -151.714
0.0117188  -143.703
0.0119629  -143.534
0.012207  -150.768
0.0124512  -151.787
0.0126953  -143.671
0.0129395  -143.46
0.0131836  -150.603
0.0134277  -151.861
0.0136719  -143.638
0.013916  -143.386
0.0141602  -150.438
0.0144043  -151.937
0.0146484  -143.604
0.0148926  -143.311
0.0151367  -150.273
0.0153809  -152.015
0.015625  -143.57
0.0158691  -143.236
0.0161133  -150.109
0.0163574  -152.094
0.0166016  -143.535
0.0168457  -143.16
0.0170898  -149.945
0.017334  -152.175
0.0175781  -143.5
0.0178223  -143.083
0.0180664  -149.782
0.0183105  -152.258
0.0185547  -143.464
0.0187988  -143.005
0.019043  -149.619
0.0192871  -152.343
0.0195312  -143.428
0.0197754  -142.927
0.0200195  -149.456
0.0202637  -152.429
0.0205078  -143.39
0.020752  -142.847
0.0209961  -149.293
0.0212402  -152.518
0.0214844  -143.352
0.0217285  -142.768
0.0219727  -149.131
0.0222168  -152.609
0.0224609  -143.314
0.0227051  -142.687
0.0229492  -148.969
0.0231934  -152.702
0.0234375  -143.275
0.0236816  -142.606
0.0239258  -148.807
0.0241699  -152.798
0.0244141  -143.235
0.0246582  -142.524
0.0249023  -148.646
0.0251465  -152.895
0.0253906  -143.195
0.0256348  -142.441
0.0258789  -148.484
0.026123  -152.996
0.0263672  -143.153
0.0266113  -142.357
0.0268555  -148.323
0.0270996  -153.099
0.0273438  -143.112
0.0275879  -142.273
0.027832  -148.162
0.0280762  -153.205
0.0283203  -143.069
0.0285645  -142.188
0.0288086  -148.001
0.0290527  -153.313
0.0292969  -143.026
0.029541  -142.102
0.0297852  -147.841
0.0300293  -153.425
0.0302734  -142.983
0.0305176  -142.016
0.0307617  -147.681
0.0310059  -153.54
0.03125  -142.939
0.0314941  -141.929
0.0317383  -147.521
0.0319824  -153.658
0.0322266  -142.894
0.0324707  -141.842
0.0327148  -147.361
0.032959  -153.779
0.0332031  -142.848
0.0334473  -141.753
0.0336914  -147.202
0.0339355  -153.904
0.0341797  -142.802
0.0344238  -141.664
0.034668  -147.043
0.0349121  -154.033
0.0351562  -142.755
0.0354004  -141.575
0.0356445  -146.884
0.0358887  -154.165
0.0361328  -142.708
0.036377  -141.485
0.0366211  -146.725
0.0368652  -154.301
0.0371094  -142.66
0.0373535  -141.394
0.0375977  -146.568
0.0378418  -154.44
0.0380859  -142.612
0.0383301  -141.303
0.0385742  -146.41
0.0388184  -154.584
0.0390625  -142.563
0.0393066  -141.212
0.0395508  -146.254
0.0397949  -154.732
0.0400391  -142.513
0.0402832  -141.12
0.0405273  -146.098
0.0407715  -154.884
0.0410156  -142.463
0.0412598  -141.028
0.0415039  -145.942
0.041748  -155.041
0.0419922  -142.413
0.0422363  -140.936
0.0424805  -145.788
0.0427246  -155.201
0.0429688  -142.362
0.0432129  -140.844
0.043457  -145.635
0.0437012  -155.366
0.0439453  -142.31
0.0441895  -140.751
0.0444336  -145.483
0.0446777  -155.535
0.0449219  -142.259
0.045166  -140.659
0.0454102  -145.332
0.0456543  -155.707
0.0458984  -142.207
0.0461426  -140.567
0.0463867  -145.183
0.0466309  -155.884
0.046875  -142.155
0.0471191  -140.475
0.0473633  -145.036
0.0476074  -156.064
0.0478516  -142.103
0.0480957  -140.384
0.0483398  -144.891
0.048584  -156.246
0.0488281  -142.051
0.0490723  -140.293
0.0493164  -144.748
0.0495605  -156.431
0.0498047  -141.999
0.0500488  -140.204
0.050293  -144.608
0.0505371  -156.618
0.0507812  -141.947
0.0510254  -140.116
0.0512695  -144.471
0.0515137  -156.805
0.0517578  -141.896
0.052002  -140.029
0.0522461  -144.338
0.0524902  -156.991
0.0527344  -141.845
0.0529785  -139.944
0.0532227  -144.209
0.0534668  -157.175
0.0537109  -141.795
0.0539551  -139.862
0.0541992  -144.084
0.0544434  -157.355
0.0546875  -141.746
0.0549316  -139.782
0.0551758  -143.966
0.0554199  -157.528
0.0556641  -141.698
0.0559082  -139.706
0.0561523  -143.854
0.0563965  -157.69
0.0566406  -141.652
0.0568848  -139.634
0.0571289  -143.749
0.057373  -157.84
0.0576172  -141.608
0.0578613  -139.566
0.0581055  -143.652
0.0583496  -157.971
0.0585938  -141.566
0.0588379  -139.504
0.059082  -143.566
0.0593262  -158.079
0.0595703  -141.527
0.0598145  -139.449
0.0600586  -143.492
0.0603027  -158.159
0.0605469  -141.492
0.060791  -139.401
0.0610352  -143.431
0.0612793  -158.202
0.0615234  -141.461
0.0617676  -139.364
0.0620117  -143.387
0.0622559  -158.203
0.0625  -141.435
0.0627441  -139.337
0.0629883  -143.362
0.0632324  -158.151
0.0634766  -141.416
0.0637207  -139.324
0.0639648  -143.36
0.064209  -158.04
0.0644531  -141.404
0.0646973  -139.327
0.0649414  -143.386
0.0651855  -157.859
0.0654297  -141.401
0.0656738  -139.35
0.065918  -143.445
0.0661621  -157.601
0.0664062  -141.41
0.0666504  -139.396
0.0668945  -143.545
0.0671387  -157.257
0.0673828  -141.432
0.067627  -139.472
0.0678711  -143.696
0.0681152  -156.82
0.0683594  -141.47
0.0686035  -139.582
0.0688477  -143.91
0.0690918  -156.284
0.0693359  -141.528
0.0695801  -139.737
0.0698242  -144.204
0.0700684  -155.647
0.0703125  -141.611
0.0705566  -139.948
0.0708008  -144.604
0.0710449  -154.906
0.0712891  -141.724
0.0715332  -140.231
0.0717773  -145.143
0.0720215  -154.062
0.0722656  -141.877
0.0725098  -140.606
0.0727539  -145.875
0.072998  -153.117
0.0732422  -142.078
0.0734863  -141.105
0.0737305  -146.882
0.0739746  -152.075
0.0742188  -142.342
0.0744629  -141.776
0.074707  -148.305
0.0749512  -150.942
0.0751953  -142.69
0.0754395  -142.691
0.0756836  -150.394
0.0759277  -149.723
0.0761719  -143.15
0.076416  -143.978
0.0766602  -153.527
0.0769043  -148.424
0.0771484  -143.765
0.0773926  -145.872
0.0776367  -156.608
0.0778809  -147.051
0.078125  -144.604
0.0783691  -148.867
0.0786133  -153.089
0.0788574  -145.61
0.0791016  -145.786
0.0793457  -153.668
0.0795898  -147.726
0.079834  -144.104
0.0800781  -147.537
0.0803223  -152.994
0.0805664  -143.45
0.0808105  -142.537
0.0810547  -150.366
0.0812988  -146.169
0.081543  -139.93
0.0817871  -140.912
0.0820312  -155.715
0.0822754  -141.123
0.0825195  -136.866
0.0827637  -139.229
0.0830078  -159.322
0.083252  -137.195
0.0834961  -134.083
0.0837402  -137.488
0.0839844  -149.867
0.0842285  -133.868
0.0844727  -131.479
0.0847168  -135.689
0.0849609  -143.936
0.0852051  -130.888
0.0854492  -128.989
0.0856934  -133.829
0.0859375  -139.584
0.0861816  -128.122
0.0864258  -126.567
0.0866699  -131.908
0.0869141  -135.974
0.0871582  -125.488
0.0874023  -124.184
0.0876465  -129.924
0.0878906  -132.777
0.0881348  -122.94
0.0883789  -121.822
0.088623  -127.877
0.0888672  -129.841
0.0891113  -120.453
0.0893555  -119.474
0.0895996  -125.772
0.0898438  -127.109
0.0900879  -118.031
0.090332  -117.156
0.0905762  -123.621
0.0908203  -124.605
0.0910645  -115.724
0.0913086  -114.925
0.0915527  -121.455
0.0917969  -122.499
0.092041  -113.685
0.0922852  -112.936
0.0925293  -119.347
0.0927734  -121.37
0.0930176  -112.37
0.0932617  -111.641
0.0935059  -117.475
0.09375  -123.926
0.0939941  -113.576
0.0942383  -112.784
0.0944824  -116.433
0.0947266  -122.933
0.0949707  -125.077
0.0952148  -125.986
0.095459  -123.713
0.0957031  -111.174
0.0959473  -109.474
0.0961914  -108.704
0.0964355  -90.346
0.0966797  -74.8142
0.0969238  -63.0857
0.097168  -53.6702
0.0974121  -45.8174
0.0976562  -39.119
0.0979004  -33.3279
0.0981445  -28.2814
0.0983887  -23.8657
0.0986328  -19.9972
0.098877  -16.6119
0.0991211  -13.659
0.0993652  -11.0967
0.0996094  -8.88965
0.0998535  -7.0067
0.100098  -5.41948
0.100342  -4.10127
0.100586  -3.02608
0.10083  -2.16806
0.101074  -1.50107
0.101318  -0.998595
0.101562  -0.633966
0.101807  -0.380896
0.102051  -0.214331
0.102295  -0.111443
0.102539  -0.0525722
0.102783  -0.0219143
0.103027  -0.00774789
0.103271  -0.00217287
0.103516  -0.000442982
0.10376  -9.26593e-05
0.104004  -7.52558e-05
0.104248  -7.44523e-05
0.104492  -5.6388e-05
0.104736  -4.36441e-05
0.10498  -4.19607e-05
0.105225  -4.16766e-05
0.105469  -3.60093e-05
0.105713  -2.86732e-05
0.105957  -2.82757e-05
0.106201  -3.88519e-05
0.106445  -5.56183e-05
0.106689  -6.84534e-05
0.106934  -6.93304e-05
0.107178  -5.78357e-05
0.107422  -4.1179e-05
0.107666  -2.92695e-05
0.10791  -2.85154e-05
0.108154  -3.83199e-05
0.108398  -5.20955e-05
0.108643  -6.1683e-05
0.108887  -6.21904e-05
0.109131  -5.44018e-05
0.109375  -4.36665e-05
0.109619  -3.63334e-05
0.109863  -3.60604e-05
0.110107  -4.20991e-05
0.110352  -5.02715e-05
0.110596  -5.57466e-05
0.11084  -5.5827e-05
0.111084  -5.11809e-05
0.111328  -4.50294e-05
0.111572  -4.10088e-05
0.111816  -4.10796e-05
0.112061  -4.46488e-05
0.112305  -4.92416e-05
0.112549  -5.21423e-05
0.112793  -5.19543e-05
0.113037  -4.9211e-05
0.113281  -4.58143e-05
0.113525  -4.37738e-05
0.11377  -4.40525e-05
0.114014  -4.61619e-05
0.114258  -4.8639e-05
0.114502  -5.00168e-05
0.114746  -4.96672e-05
0.11499  -4.80463e-05
0.115234  -4.62801e-05
0.115479  -4.54158e-05
0.115723  -4.58213e-05
0.115967  -4.70634e-05
0.116211  -4.82768e-05
0.116455  -4.87404e-05
0.116699  -4.82906e-05
0.116943  -4.73439e-05
0.117188  -4.6563e-05
0.117432  -4.64141e-05
0.117676  -4.68997e-05
0.11792  -4.76148e-05
0.118164  -4.8055e-05
0.118408  -4.79551e-05
0.118652  -4.74403e-05
0.118896  -4.69077e-05
0.119141  -4.67374e-05
0.119385  -4.70353e-05
0.119629  -4.7574e-05
0.119873  -4.79622e-05
0.120117  -4.79178e-05
0.120361  -4.74616e-05
0.120605  -4.69027e-05
0.12085  -4.66292e-05
0.121094  -4.68452e-05
0.121338  -4.74287e-05
0.121582  -4.80047e-05
0.121826  -4.8187e-05
0.12207  -4.78333e-05
0.122314  -4.7147e-05
0.122559  -4.65565e-05
0.122803  -4.64468e-05
0.123047  -4.6911e-05
0.123291  -4.76807e-05
0.123535  -4.82839e-05
0.123779  -4.83359e-05
0.124023  -4.77827e-05
0.124268  -4.69452e-05
0.124512  -4.63307e-05
0.124756  -4.63246e-05
0.125  -4.69494e-05
0.125244  -4.78422e-05
0.125488  -4.84667e-05
0.125732  -4.84367e-05
0.125977  -4.77542e-05
0.126221  -4.68162e-05
0.126465  -4.61827e-05
0.126709  -4.6241e-05
0.126953  -4.69698e-05
0.127197  -4.79447e-05
0.127441  -4.85865e-05
0.127686  -4.85063e-05
0.12793  -4.77405e-05
0.128174  -4.67353e-05
0.128418  -4.60857e-05
0.128662  -4.61826e-05
0.128906  -4.69779e-05
0.12915  -4.80079e-05
0.129395  -4.86647e-05
0.129639  -4.85555e-05
0.129883  -4.77371e-05
0.130127  -4.66867e-05
0.130371  -4.60229e-05
0.130615  -4.6141e-05
0.130859  -4.69774e-05
0.131104  -4.80445e-05
0.131348  -4.87149e-05
0.131592  -4.8591e-05
0.131836  -4.77407e-05
0.13208  -4.666e-05
0.132324  -4.59832e-05
0.132568  -4.61104e-05
0.132812  -4.69711e-05
0.133057  -4.8063e-05
0.133301  -4.8746e-05
0.133545  -4.86174e-05
0.133789  -4.77494e-05
0.134033  -4.66483e-05
0.134277  -4.59592e-05
0.134521  -4.60874e-05
0.134766  -4.69605e-05
0.13501  -4.8069e-05
0.135254  -4.87642e-05
0.135498  -4.86378e-05
0.135742  -4.77617e-05
0.135986  -4.66471e-05
0.13623  -4.59459e-05
0.136475  -4.60693e-05
0.136719  -4.69468e-05
0.136963  -4.80663e-05
0.137207  -4.87735e-05
0.137451  -4.8654e-05
0.137695  -4.77765e-05
0.137939  -4.6653e-05
0.138184  -4.59399e-05
0.138428  -4.60545e-05
0.138672  -4.69309e-05
0.138916  -4.80576e-05
0.13916  -4.87767e-05
0.139404  -4.86676e-05
0.139648  -4.77934e-05
0.139893  -4.6664e-05
0.140137  -4.59389e-05
0.140381  -4.60418e-05
0.140625  -4.69133e-05
0.140869  -4.80448e-05
0.141113  -4.87759e-05
0.141357  -4.86796e-05
0.141602  -4.78116e-05
0.141846  -4.66783e-05
0.14209  -4.59411e-05
0.142334  -4.60304e-05
0.142578  -4.68945e-05
0.142822  -4.80292e-05
0.143066  -4.87725e-05
0.143311  -4.86905e-05
0.143555  -4.78309e-05
0.143799  -4.6695e-05
0.144043  -4.59455e-05
0.144287  -4.60198e-05
0.144531  -4.68748e-05
0.144775  -4.80117e-05
0.14502  -4.87674e-05
0.145264  -4.87009e-05
0.145508  -4.78509e-05
0.145752  -4.67132e-05
0.145996  -4.59512e-05
0.14624  -4.60096e-05
0.146484  -4.68544e-05
0.146729  -4.7993e-05
0.146973  -4.87612e-05
0.147217  -4.8711e-05
0.147461  -4.78715e-05
0.147705  -4.67323e-05
0.147949  -4.59577e-05
0.148193  -4.59997e-05
0.148438  -4.68338e-05
0.148682  -4.79736e-05
0.148926  -4.87544e-05
0.14917  -4.87208e-05
0.149414  -4.78922e-05
0.149658  -4.67519e-05
0.149902  -4.59647e-05
0.150146  -4.599e-05
0.150391  -4.6813e-05
0.150635  -4.79539e-05
0.150879  -4.87473e-05
0.151123  -4.87304e-05
0.151367  -4.7913e-05
0.151611  -4.67716e-05
0.151855  -4.5972e-05
0.1521  -4.59805e-05
0.152344  -4.67923e-05
0.152588  -4.79341e-05
0.152832  -4.87399e-05
0.153076  -4.87397e-05
0.15332  -4.79335e-05
0.153564  -4.67914e-05
0.153809  -4.59795e-05
0.154053  -4.59715e-05
0.154297  -4.67721e-05
0.154541  -4.79145e-05
0.154785  -4.87322e-05
0.155029  -4.87483e-05
0.155273  -4.79533e-05
0.155518  -4.68108e-05
0.155762  -4.59874e-05
0.156006  -4.59633e-05
0.15625  -4.67528e-05
0.156494  -4.78952e-05
0.156738  -4.87241e-05
0.156982  -4.87558e-05
0.157227  -4.7972e-05
0.157471  -4.68299e-05
0.157715  -4.59959e-05
0.157959  -4.59566e-05
0.158203  -4.67349e-05
0.158447  -4.78764e-05
0.158691  -4.87151e-05
0.158936  -4.87615e-05
0.15918  -4.79889e-05
0.159424  -4.68483e-05
0.159668  -4.60055e-05
0.159912  -4.59522e-05
0.160156  -4.67191e-05
0.1604  -4.78583e-05
0.160645  -4.87046e-05
0.160889  -4.87644e-05
0.161133  -4.80033e-05
0.161377  -4.68661e-05
0.161621  -4.6017e-05
0.161865  -4.59513e-05
0.162109  -4.67065e-05
0.162354  -4.7841e-05
0.162598  -4.86919e-05
0.162842  -4.8763e-05
0.163086  -4.80138e-05
0.16333  -4.68829e-05
0.163574  -4.60312e-05
0.163818  -4.59555e-05
0.164062  -4.66985e-05
0.164307  -4.78247e-05
0.164551  -4.86757e-05
0.164795  -4.87552e-05
0.165039  -4.80188e-05
0.165283  -4.68985e-05
0.165527  -4.60498e-05
0.165771  -4.59675e-05
0.166016  -4.66971e-05
0.16626  -4.78098e-05
0.166504  -4.86542e-05
0.166748  -4.87382e-05
0.166992  -4.80158e-05
0.167236  -4.69126e-05
0.16748  -4.60749e-05
0.167725  -4.59907e-05
0.167969  -4.67052e-05
0.168213  -4.77966e-05
0.168457  -4.86249e-05
0.168701  -4.87076e-05
0.168945  -4.80015e-05
0.169189  -4.69248e-05
0.169434  -4.61095e-05
0.169678  -4.60302e-05
0.169922  -4.6727e-05
0.170166  -4.77857e-05
0.17041  -4.85838e-05
0.170654  -4.86572e-05
0.170898  -4.79707e-05
0.171143  -4.69343e-05
0.171387  -4.61585e-05
0.171631  -4.60938e-05
0.171875  -4.67687e-05
0.172119  -4.77778e-05
0.172363  -4.85252e-05
0.172607  -4.85776e-05
0.172852  -4.79158e-05
0.173096  -4.69403e-05
0.17334  -4.62287e-05
0.173584  -4.6193e-05
0.173828  -4.68397e-05
0.174072  -4.77741e-05
0.174316  -4.84406e-05
0.174561  -4.84546e-05
0.174805  -4.78253e-05
0.175049  -4.69413e-05
0.175293  -4.6331e-05
0.175537  -4.63452e-05
0.175781  -4.69541e-05
0.176025  -4.77762e-05
0.17627  -4.83165e-05
0.176514  -4.82663e-05
0.176758  -4.76814e-05
0.177002  -4.69353e-05
0.177246  -4.64822e-05
0.17749  -4.65781e-05
0.177734  -4.71345e-05
0.177979  -4.77868e-05
0.178223  -4.81316e-05
0.178467  -4.79778e-05
0.178711  -4.74557e-05
0.178955  -4.69192e-05
0.179199  -4.67095e-05
0.179443  -4.69363e-05
0.179688  -4.74168e-05
0.179932  -4.78098e-05
0.180176  -4.78508e-05
0.18042  -4.7532e-05
0.180664  -4.71021e-05
0.180908  -4.68879e-05
0.181152  -4.7058e-05
0.181396  -4.74931e-05
0.181641  -4.78608e-05
0.181885  -4.78512e-05
0.182129  -4.74155e-05
0.182373  -4.68332e-05
0.182617  -4.65429e-05
0.182861  -4.68339e-05
0.183105  -4.76051e-05
0.18335  -4.83746e-05
0.183594  -4.85683e-05
0.183838  -4.7921e-05
0.184082  -4.67235e-05
0.184326  -4.57149e-05
0.18457  -4.56432e-05
0.184814  -4.67442e-05
0.185059  -4.84869e-05
0.185303  -4.98024e-05
0.185547  -4.97188e-05
0.185791  -4.80358e-05
0.186035  -4.55919e-05
0.186279  -4.38799e-05
0.186523  -4.41627e-05
0.186768  -4.65972e-05
0.187012  -4.99489e-05
0.187256  -5.21755e-05
0.1875  -5.16355e-05
0.187744  -4.82252e-05
0.187988  -4.36927e-05
0.188232  -4.0795e-05
0.188477  -4.1669e-05
0.188721  -4.635e-05
0.188965  -5.24215e-05
0.189209  -5.61942e-05
0.189453  -5.48871e-05
0.189697  -4.85564e-05
0.189941  -4.04905e-05
0.190186  -3.55865e-05
0.19043  -3.74481e-05
0.190674  -4.58837e-05
0.190918  -5.64745e-05
0.191162  -6.27973e-05
0.191406  -6.02558e-05
0.19165  -4.92764e-05
0.191895  -3.57064e-05
0.192139  -2.77592e-05
0.192383  -3.1029e-05
0.192627  -4.45918e-05
0.192871  -6.09263e-05
0.193115  -7.01968e-05
0.193359  -6.65184e-05
0.193604  -5.20779e-05
0.193848  -3.59013e-05
0.194092  -2.75441e-05
0.194336  -3.00048e-05
0.19458  -3.76872e-05
0.194824  -4.21664e-05
0.195068  -4.17538e-05
0.195312  -4.49956e-05
0.195557  -6.00406e-05
0.195801  -7.65237e-05
0.196045  -7.35261e-05
0.196289  -0.00011695
0.196533  -0.000625398
0.196777  -0.00286707
0.197021  -0.00969155
0.197266  -0.0264094
0.19751  -0.0616422
0.197754  -0.127922
0.197998  -0.24186
0.198242  -0.423813
0.198486  -0.697137
0.19873  -1.08721
0.198975  -1.62045
0.199219  -2.32354
0.199463  -3.22291
0.199707  -4.34464
0.199951  -5.71457
0.200195  -7.35875
0.200439  -9.30418
0.200684  -11.5797
0.200928  -14.2171
0.201172  -17.2529
0.201416  -20.7304
0.20166  -24.7027
0.201904  -29.2371
0.202148  -34.4222
0.202393  -40.3798
0.202637  -47.2856
0.202881  -55.4109
0.203125  -65.2124
0.203369  -77.549
0.203613  -94.0784
0.203857  -110.46
0.204102  -109.24
0.204346  -112.596
0.20459  -130.624
0.204834  -125.038
0.205078  -125.563
0.205322  -121.843
0.205566  -115.434
0.205811  -112.525
0.206055  -114.373
0.206299  -131.568
0.206543  -115.509
0.206787  -111.335
0.207031  -113.153
0.207275  -126.413
0.20752  -117.103
0.207764  -112.621
0.208008  -114.459
0.208252  -127.146
0.208496  -119.152
0.20874  -114.61
0.208984  -116.49
0.209229  -129.165
0.209473  -121.351
0.209717  -116.846
0.209961  -118.785
0.210205  -131.686
0.210449  -123.585
0.210693  -119.171
0.210938  -121.19
0.211182  -134.492
0.211426  -125.81
0.21167  -121.53
0.211914  -123.655
0.212158  -137.551
0.212402  -128.01
0.212646  -123.906
0.212891  -126.173
0.213135  -140.938
0.213379  -130.185
0.213623  -126.308
0.213867  -128.764
0.214111  -144.854
0.214355  -132.339
0.2146  -128.754
0.214844  -131.469
0.215088  -149.786
0.215332  -134.483
0.215576  -131.278
0.21582  -134.357
0.216064  -157.137
0.216309  -136.632
0.216553  -133.929
0.216797  -137.54
0.217041  -164.575
0.217285  -138.8
0.217529  -136.779
0.217773  -141.219
0.218018  -156.686
0.218262  -141.01
0.218506  -139.947
0.21875  -145.789
0.218994  -152.689
0.219238  -143.286
0.219482  -143.635
0.219727  -151.946
0.219971  -150.436
0.220215  -145.663
0.220459  -148.199
0.220703  -156.047
0.220947  -148.991
0.221191  -148.185
0.221436  -153.837
0.22168  -151.541
0.221924  -147.998
0.222168  -150.915
0.222412  -155.645
0.222656  -148.089
0.2229  -147.288
0.223145  -153.934
0.223389  -151.943
0.223633  -145.936
0.223877  -146.767
0.224121  -157.331
0.224365  -149.048
0.224609  -144.499
0.224854  -146.38
0.225098  -161.025
0.225342  -147.137
0.225586  -143.49
0.22583  -146.09
0.226074  -163.955
0.226318  -145.825
0.226562  -142.757
0.226807  -145.872
0.227051  -164.019
0.227295  -144.89
0.227539  -142.215
0.227783  -145.711
0.228027  -162.283
0.228271  -144.207
0.228516  -141.811
0.22876  -145.593
0.229004  -160.577
0.229248  -143.702
0.229492  -141.508
0.229736  -145.509
0.22998  -159.269
0.230225  -143.326
0.230469  -141.284
0.230713  -145.453
0.230957  -158.308
0.231201  -143.049
0.231445  -141.12
0.231689  -145.419
0.231934  -157.61
0.232178  -142.847
0.232422  -141.004
0.232666  -145.403
0.23291  -157.106
0.233154  -142.705
0.233398  -140.927
0.233643  -145.402
0.233887  -156.749
0.234131  -142.61
0.234375  -140.881
0.234619  -145.413
0.234863  -156.507
0.235107  -142.554
0.235352  -140.86
0.235596  -145.434
0.23584  -156.355
0.236084  -142.53
0.236328  -140.861
0.236572  -145.463
0.236816  -156.276
0.237061  -142.531
0.237305  -140.879
0.237549  -145.499
0.237793  -156.257
0.238037  -142.554
0.238281  -140.912
0.238525  -145.541
0.23877  -156.288
0.239014  -142.595
0.239258  -140.958
0.239502  -145.588
0.239746  -156.36
0.23999  -142.652
0.240234  -141.013
0.240479  -145.638
0.240723  -156.468
0.240967  -142.721
0.241211  -141.077
0.241455  -145.693
0.241699  -156.607
0.241943  -142.802
0.242188  -141.149
0.242432  -145.749
0.242676  -156.774
0.24292  -142.892
0.243164  -141.227
0.243408  -145.809
0.243652  -156.965
0.243896  -142.989
0.244141  -141.31
0.244385  -145.87
0.244629  -157.177
0.244873  -143.094
0.245117  -141.398
0.245361  -145.932
0.245605  -157.409
0.24585  -143.204
0.246094  -141.489
0.246338  -145.996
0.246582  -157.659
0.246826  -143.32
0.24707  -141.584
0.247314  -146.061
0.247559  -157.926
0.247803  -143.439
0.248047  -141.681
0.248291  -146.127
0.248535  -158.208
0.248779  -143.563
0.249023  -141.78
0.249268  -146.193
0.249512  -158.505
0.249756  -143.689
0.25  -141.882
0.250244  -146.26
0.250488  -158.817
0.250732  -143.818
0.250977  -141.985
0.251221  -146.327
0.251465  -159.142
0.251709  -143.95
0.251953  -142.089
0.252197  -146.395
0.252441  -159.481
0.252686  -144.083
0.25293  -142.194
0.253174  -146.463
0.253418  -159.833
0.253662  -144.218
0.253906  -142.3
0.25415  -146.53
0.254395  -160.198
0.254639  -144.355
0.254883  -142.406
0.255127  -146.598
0.255371  -160.577
0.255615  -144.492
0.255859  -142.513
0.256104  -146.665
0.256348  -160.97
0.256592  -144.631
0.256836  -142.621
0.25708  -146.733
0.257324  -161.377
0.257568  -144.77
0.257812  -142.728
0.258057  -146.8
0.258301  -161.798
0.258545  -144.91
0.258789  -142.835
0.259033  -146.867
0.259277  -162.235
0.259521  -145.05
0.259766  -142.943
0.26001  -146.933
0.260254  -162.688
0.260498  -145.19
0.260742  -143.05
0.260986  -147
0.26123  -163.158
0.261475  -145.331
0.261719  -143.157
0.261963  -147.066
0.262207  -163.647
0.262451  -145.472
0.262695  -143.264
0.262939  -147.131
0.263184  -164.155
0.263428  -145.613
0.263672  -143.371
0.263916  -147.197
0.26416  -164.684
0.264404  -145.754
0.264648  -143.477
0.264893  -147.262
0.265137  -165.237
0.265381  -145.895
0.265625  -143.583
0.265869  -147.326
0.266113  -165.815
0.266357  -146.036
0.266602  -143.688
0.266846  -147.39
0.26709  -166.421
0.267334  -146.176
0.267578  -143.793
0.267822  -147.454
0.268066  -167.059
0.268311  -146.316
0.268555  -143.898
0.268799  -147.517
0.269043  -167.732
0.269287  -146.456
0.269531  -144.001
0.269775  -147.58
0.27002  -168.445
0.270264  -146.596
0.270508  -144.105
0.270752  -147.642
0.270996  -169.204
0.27124  -146.735
0.271484  -144.208
0.271729  -147.704
0.271973  -170.015
0.272217  -146.874
0.272461  -144.31
0.272705  -147.766
0.272949  -170.887
0.273193  -147.013
0.273438  -144.411
0.273682  -147.827
0.273926  -171.832
0.27417  -147.151
0.274414  -144.512
0.274658  -147.887
0.274902  -172.864
0.275146  -147.289
0.275391  -144.613
0.275635  -147.948
0.275879  -174.001
0.276123  -147.426
0.276367  -144.713
0.276611  -148.007
0.276855  -175.267
0.2771  -147.563
0.277344  -144.812
0.277588  -148.067
0.277832  -176.694
0.278076  -147.7
0.27832  -144.91
0.278564  -148.125
0.278809  -178.323
0.279053  -147.836
0.279297  -145.008
0.279541  -148.184
0.279785  -180.202
0.280029  -147.971
0.280273  -145.105
0.280518  -148.242
0.280762  -182.355
0.281006  -148.106
0.28125  -145.202
0.281494  -148.299
0.281738  -184.647
0.281982  -148.241
0.282227  -145.298
0.282471  -148.356
0.282715  -186.373
0.282959  -148.375
0.283203  -145.394
0.283447  -148.413
0.283691  -186.271
0.283936  -148.509
0.28418  -145.488
0.284424  -148.469
0.284668  -184.539
0.284912  -148.642
0.285156  -145.583
0.2854  -148.525
0.285645  -182.441
0.285889  -148.774
0.286133  -145.676
0.286377  -148.58
0.286621  -180.533
0.286865  -148.907
0.287109  -145.769
0.287354  -148.635
0.287598  -178.9
0.287842  -149.038
0.288086  -145.862
0.28833  -148.69
0.288574  -177.507
0.288818  -149.17
0.289062  -145.953
0.289307  -148.744
0.289551  -176.309
0.289795  -149.301
0.290039  -146.044
0.290283  -148.798
0.290527  -175.264
0.290771  -149.431
0.291016  -146.135
0.29126  -148.851
0.291504  -174.344
0.291748  -149.561
0.291992  -146.225
0.292236  -148.904
0.29248  -173.524
0.292725  -149.69
0.292969  -146.314
0.293213  -148.957
0.293457  -172.787
0.293701  -149.82
0.293945  -146.403
0.294189  -149.009
0.294434  -172.12
0.294678  -149.948
0.294922  -146.492
0.295166  -149.061
0.29541  -171.512
0.295654  -150.076
0.295898  -146.579
0.296143  -149.112
0.296387  -170.954
0.296631  -150.204
0.296875  -146.666
0.297119  -149.163
0.297363  -170.441
0.297607  -150.332
0.297852  -146.753
0.298096  -149.214
0.29834  -169.965
0.298584  -150.459
0.298828  -146.839
0.299072  -149.264
0.299316  -169.523
0.299561  -150.585
0.299805  -146.924
0.300049  -149.314
0.300293  -169.111
0.300537  -150.711
0.300781  -147.009
0.301025  -149.364
0.30127  -168.726
0.301514  -150.837
0.301758  -147.094
0.302002  -149.413
0.302246  -168.364
0.30249  -150.963
0.302734  -147.178
0.302979  -149.462
0.303223  -168.023
0.303467  -151.088
0.303711  -147.261
0.303955  -149.511
0.304199  -167.702
0.304443  -151.213
0.304688  -147.344
0.304932  -149.559
0.305176  -167.399
0.30542  -151.337
0.305664  -147.426
0.305908  -149.607
0.306152  -167.112
0.306396  -151.461
0.306641  -147.508
0.306885  -149.655
0.307129  -166.84
0.307373  -151.585
0.307617  -147.59
0.307861  -149.702
0.308105  -166.581
0.30835  -151.709
0.308594  -147.671
0.308838  -149.749
0.309082  -166.334
0.309326  -151.832
0.30957  -147.751
0.309814  -149.795
0.310059  -166.099
0.310303  -151.955
0.310547  -147.831
0.310791  -149.842
0.311035  -165.875
0.311279  -152.077
0.311523  -147.911
0.311768  -149.888
0.312012  -165.661
0.312256  -152.2
0.3125  -147.99
0.312744  -149.933
0.312988  -165.456
0.313232  -152.322
0.313477  -148.068
0.313721  -149.979
0.313965  -165.26
0.314209  -152.444
0.314453  -148.146
0.314697  -150.024
0.314941  -165.072
0.315186  -152.565
0.31543  -148.224
0.315674  -150.069
0.315918  -164.891
0.316162  -152.687
0.316406  -148.301
0.31665  -150.113
0.316895  -164.718
0.317139  -152.808
0.317383  -148.378
0.317627  -150.157
0.317871  -164.551
0.318115  -152.929
0.318359  -148.455
0.318604  -150.201
0.318848  -164.39
0.319092  -153.05
0.319336  -148.531
0.31958  -150.245
0.319824  -164.236
0.320068  -153.17
0.320312  -148.606
0.320557  -150.288
0.320801  -164.087
0.321045  -153.29
0.321289  -148.682
0.321533  -150.331
0.321777  -163.943
0.322021  -153.411
0.322266  -148.756
0.32251  -150.374
0.322754  -163.804
0.322998  -153.531
0.323242  -148.831
0.323486  -150.417
0.32373  -163.67
0.323975  -153.651
0.324219  -148.905
0.324463  -150.459
0.324707  -163.541
0.324951  -153.77
0.325195  -148.979
0.325439  -150.501
0.325684  -163.415
0.325928  -153.89
0.326172  -149.052
0.326416  -150.543
0.32666  -163.294
0.326904  -154.009
0.327148  -149.125
0.327393  -150.584
0.327637  -163.177
0.327881  -154.129
0.328125  -149.197
0.328369  -150.625
0.328613  -163.063
0.328857  -154.248
0.329102  -149.269
0.329346  -150.666
0.32959  -162.953
0.329834  -154.367
0.330078  -149.341
0.330322  -150.707
0.330566  -162.846
0.330811  -154.486
0.331055  -149.413
0.331299  -150.747
0.331543  -162.742
0.331787  -154.605
0.332031  -149.484
0.332275  -150.788
0.33252  -162.641
0.332764  -154.724
0.333008  -149.555
0.333252  -150.828
0.333496  -162.544
0.33374  -154.843
0.333984  -149.625
0.334229  -150.867
0.334473  -162.449
0.334717  -154.962
0.334961  -149.695
0.335205  -150.907
0.335449  -162.356
0.335693  -155.081
0.335938  -149.765
0.336182  -150.946
0.336426  -162.267
0.33667  -155.2
0.336914  -149.834
0.337158  -150.985
0.337402  -162.179
0.337646  -155.318
0.337891  -149.904
0.338135  -151.024
0.338379  -162.094
0.338623  -155.437
0.338867  -149.972
0.339111  -151.062
0.339355  -162.012
0.3396  -155.556
0.339844  -150.041
0.340088  -151.101
0.340332  -161.931
0.340576  -155.675
0.34082  -150.109
0.341064  -151.139
0.341309  -161.852
0.341553  -155.794
0.341797  -150.177
0.342041  -151.177
0.342285  -161.776
0.342529  -155.913
0.342773  -150.245
0.343018  -151.214
0.343262  -161.701
0.343506  -156.032
0.34375  -150.312
0.343994  -151.252
0.344238  -161.629
0.344482  -156.151
0.344727  -150.379
0.344971  -151.289
0.345215  -161.558
0.345459  -156.27
0.345703  -150.446
0.345947  -151.326
0.346191  -161.489
0.346436  -156.39
0.34668  -150.512
0.346924  -151.363
0.347168  -161.421
0.347412  -156.509
0.347656  -150.579
0.3479  -151.399
0.348145  -161.355
0.348389  -156.629
0.348633  -150.645
0.348877  -151.436
0.349121  -161.29
0.349365  -156.748
0.349609  -150.71
0.349854  -151.472
0.350098  -161.227
0.350342  -156.868
0.350586  -150.776
0.35083  -151.508
0.351074  -161.166
0.351318  -156.988
0.351562  -150.841
0.351807  -151.544
0.352051  -161.106
0.352295  -157.109
0.352539  -150.906
0.352783  -151.579
0.353027  -161.047
0.353271  -157.229
0.353516  -150.97
0.35376  -151.615
0.354004  -160.989
0.354248  -157.35
0.354492  -151.035
0.354736  -151.65
0.35498  -160.933
0.355225  -157.47
0.355469  -151.099
0.355713  -151.685
0.355957  -160.878
0.356201  -157.592
0.356445  -151.163
0.356689  -151.72
0.356934  -160.824
0.357178  -157.713
0.357422  -151.227
0.357666  -151.754
0.35791  -160.771
0.358154  -157.834
0.358398  -151.29
0.358643  -151.789
0.358887  -160.719
0.359131  -157.956
0.359375  -151.353
0.359619  -151.823
0.359863  -160.669
0.360107  -158.078
0.360352  -151.416
0.360596  -151.857
0.36084  -160.619
0.361084  -158.201
0.361328  -151.479
0.361572  -151.891
0.361816  -160.57
0.362061  -158.324
0.362305  -151.542
0.362549  -151.924
0.362793  -160.522
0.363037  -158.447
0.363281  -151.604
0.363525  -151.958
0.36377  -160.476
0.364014  -158.57
0.364258  -151.666
0.364502  -151.991
0.364746  -160.43
0.36499  -158.694
0.365234  -151.728
0.365479  -152.024
0.365723  -160.385
0.365967  -158.818
0.366211  -151.79
0.366455  -152.057
0.366699  -160.34
0.366943  -158.943
0.367188  -151.852
0.367432  -152.09
0.367676  -160.297
0.36792  -159.068
0.368164  -151.913
0.368408  -152.123
0.368652  -160.254
0.368896  -159.194
0.369141  -151.974
0.369385  -152.155
0.369629  -160.212
0.369873  -159.32
0.370117  -152.035
0.370361  -152.187
0.370605  -160.171
0.37085  -159.446
0.371094  -152.096
0.371338  -152.219
0.371582  -160.131
0.371826  -159.573
0.37207  -152.156
0.372314  -152.251
0.372559  -160.091
0.372803  -159.701
0.373047  -152.217
0.373291  -152.283
0.373535  -160.052
0.373779  -159.829
0.374023  -152.277
0.374268  -152.315
0.374512  -160.014
0.374756  -159.957
0.375  -152.337
0.375244  -152.346
0.375488  -159.976
0.375732  -160.087
0.375977  -152.397
0.376221  -152.377
0.376465  -159.939
0.376709  -160.216
0.376953  -152.457
0.377197  -152.408
0.377441  -159.903
0.377686  -160.347
0.37793  -152.517
0.378174  -152.439
0.378418  -159.867
0.378662  -160.478
0.378906  -152.576
0.37915  -152.47
0.379395  -159.831
0.379639  -160.61
0.379883  -152.635
0.380127  -152.501
0.380371  -159.797
0.380615  -160.742
0.380859  -152.694
0.381104  -152.531
0.381348  -159.762
0.381592  -160.875
0.381836  -152.753
0.38208  -152.562
0.382324  -159.729
0.382568  -161.009
0.382812  -152.812
0.383057  -152.592
0.383301  -159.696
0.383545  -161.144
0.383789  -152.871
0.384033  -152.622
0.384277  -159.663
0.384521  -161.28
0.384766  -152.929
0.38501  -152.652
0.385254  -159.631
0.385498  -161.416
0.385742  -152.988
0.385986  -152.681
0.38623  -159.599
0.386475  -161.553
0.386719  -153.046
0.386963  -152.711
0.387207  -159.568
0.387451  -161.692
0.387695  -153.104
0.387939  -152.74
0.388184  -159.537
0.388428  -161.831
0.388672  -153.162
0.388916  -152.77
0.38916  -159.506
0.389404  -161.971
0.389648  -153.22
0.389893  -152.799
0.390137  -159.476
0.390381  -162.112
0.390625  -153.278
0.390869  -152.828
0.391113  -159.447
0.391357  -162.254
0.391602  -153.336
0.391846  -152.857
0.39209  -159.418
0.392334  -162.397
0.392578  -153.393
0.392822  -152.886
0.393066  -159.389
0.393311  -162.541
0.393555  -153.451
0.393799  -152.914
0.394043  -159.36
0.394287  -162.686
0.394531  -153.508
0.394775  -152.943
0.39502  -159.332
0.395264  -162.833
0.395508  -153.565
0.395752  -152.971
0.395996  -159.305
0.39624  -162.981
0.396484  -153.622
0.396729  -152.999
0.396973  -159.277
0.397217  -163.13
0.397461  -153.679
0.397705  -153.027
0.397949  -159.25
0.398193  -163.28
0.398438  -153.736
0.398682  -153.055
0.398926  -159.223
0.39917  -163.432
0.399414  -153.793
0.399658  -153.083
0.399902  -159.197
0.400146  -163.585
0.400391  -153.85
0.400635  -153.11
0.400879  -159.171
0.401123  -163.74
0.401367  -153.906
0.401611  -153.138
0.401855  -159.145
0.4021  -163.896
0.402344  -153.963
0.402588  -153.165
0.402832  -159.12
0.403076  -164.053
0.40332  -154.019
0.403564  -153.193
0.403809  -159.095
0.404053  -164.212
0.404297  -154.076
0.404541  -153.22
0.404785  -159.07
0.405029  -164.373
0.405273  -154.132
0.405518  -153.247
0.405762  -159.045
0.406006  -164.536
0.40625  -154.188
0.406494  -153.274
0.406738  -159.021
0.406982  -164.701
0.407227  -154.244
0.407471  -153.3
0.407715  -158.996
0.407959  -164.867
0.408203  -154.3
0.408447  -153.327
0.408691  -158.973
0.408936  -165.035
0.40918  -154.356
0.409424  -153.354
0.409668  -158.949
0.409912  -165.206
0.410156  -154.412
0.4104  -153.38
0.410645  -158.926
0.410889  -165.378
0.411133  -154.468
0.411377  -153.406
0.411621  -158.902
0.411865  -165.553
0.412109  -154.524
0.412354  -153.432
0.412598  -158.879
0.412842  -165.729
0.413086  -154.58
0.41333  -153.458
0.413574  -158.857
0.413818  -165.909
0.414062  -154.636
0.414307  -153.484
0.414551  -158.834
0.414795  -166.09
0.415039  -154.691
0.415283  -153.51
0.415527  -158.812
0.415771  -166.274
0.416016  -154.747
0.41626  -153.536
0.416504  -158.79
0.416748  -166.461
0.416992  -154.803
0.417236  -153.561
0.41748  -158.768
0.417725  -166.651
0.417969  -154.858
0.418213  -153.587
0.418457  -158.746
0.418701  -166.843
0.418945  -154.914
0.419189  -153.612
0.419434  -158.725
0.419678  -167.039
0.419922  -154.969
0.420166  -153.637
0.42041  -158.703
0.420654  -167.238
0.420898  -155.025
0.421143  -153.662
0.421387  -158.682
0.421631  -167.44
0.421875  -155.08
0.422119  -153.687
0.422363  -158.661
0.422607  -167.645
0.422852  -155.135
0.423096  -153.712
0.42334  -158.64
0.423584  -167.854
0.423828  -155.191
0.424072  -153.737
0.424316  -158.619
0.424561  -168.067
0.424805  -155.246
0.425049  -153.762
0.425293  -158.599
0.425537  -168.284
0.425781  -155.301
0.426025  -153.786
0.42627  -158.578
0.426514  -168.504
0.426758  -155.357
0.427002  -153.811
0.427246  -158.558
0.42749  -168.73
0.427734  -155.412
0.427979  -153.835
0.428223  -158.538
0.428467  -168.959
0.428711  -155.467
0.428955  -153.86
0.429199  -158.518
0.429443  -169.194
0.429688  -155.523
0.429932  -153.884
0.430176  -158.498
0.43042  -169.433
0.430664  -155.578
0.430908  -153.908
0.431152  -158.479
0.431396  -169.678
0.431641  -155.633
0.431885  -153.932
0.432129  -158.459
0.432373  -169.929
0.432617  -155.689
0.432861  -153.956
0.433105  -158.439
0.43335  -170.185
0.433594  -155.744
0.433838  -153.979
0.434082  -158.42
0.434326  -170.448
0.43457  -155.799
0.434814  -154.003
0.435059  -158.401
0.435303  -170.717
0.435547  -155.855
0.435791  -154.027
0.436035  -158.382
0.436279  -170.994
0.436523  -155.91
0.436768  -154.05
0.437012  -158.363
0.437256  -171.278
0.4375  -155.966
0.437744  -154.073
0.437988  -158.344
0.438232  -171.57
0.438477  -156.021
0.438721  -154.097
0.438965  -158.325
0.439209  -171.87
0.439453  -156.077
0.439697  -154.12
0.439941  -158.306
0.440186  -172.18
0.44043  -156.132
0.440674  -154.143
0.440918  -158.288
0.441162  -172.499
0.441406  -156.188
0.44165  -154.166
0.441895  -158.269
0.442139  -172.829
0.442383  -156.243
0.442627  -154.189
0.442871  -158.251
0.443115  -173.169
0.443359  -156.299
0.443604  -154.212
0.443848  -158.232
0.444092  -173.523
0.444336  -156.355
0.44458  -154.234
0.444824  -158.214
0.445068  -173.889
0.445312  -156.41
0.445557  -154.257
0.445801  -158.196
0.446045  -174.269
0.446289  -156.466
0.446533  -154.279
0.446777  -158.178
0.447021  -174.665
0.447266  -156.522
0.44751  -154.302
0.447754  -158.16
0.447998  -175.078
0.448242  -156.578
0.448486  -154.324
0.44873  -158.142
0.448975  -175.509
0.449219  -156.634
0.449463  -154.347
0.449707  -158.124
0.449951  -175.961
0.450195  -156.69
0.450439  -154.369
0.450684  -158.106
0.450928  -176.435
0.451172  -156.746
0.451416  -154.391
0.45166  -158.088
0.451904  -176.934
0.452148  -156.802
0.452393  -154.413
0.452637  -158.071
0.452881  -177.461
0.453125  -156.859
0.453369  -154.435
0.453613  -158.053
0.453857  -178.019
0.454102  -156.915
0.454346  -154.457
0.45459  -158.035
0.454834  -178.613
0.455078  -156.972
0.455322  -154.478
0.455566  -158.018
0.455811  -179.247
0.456055  -157.028
0.456299  -154.5
0.456543  -158
0.456787  -179.928
0.457031  -157.085
0.457275  -154.522
0.45752  -157.983
0.457764  -180.663
0.458008  -157.142
0.458252  -154.543
0.458496  -157.966
0.45874  -181.462
0.458984  -157.198
0.459229  -154.565
0.459473  -157.948
0.459717  -182.337
0.459961  -157.256
0.460205  -154.586
0.460449  -157.931
0.460693  -183.303
0.460938  -157.313
0.461182  -154.607
0.461426  -157.914
0.46167  -184.382
0.461914  -157.37
0.462158  -154.629
0.462402  -157.896
0.462646  -185.603
0.462891  -157.427
0.463135  -154.65
0.463379  -157.879
0.463623  -187.007
0.463867  -157.485
0.464111  -154.671
0.464355  -157.862
0.4646  -188.653
0.464844  -157.542
0.465088  -154.692
0.465332  -157.845
0.465576  -190.623
0.46582  -157.6
0.466064  -154.713
0.466309  -157.828
0.466553  -193.025
0.466797  -157.658
0.467041  -154.733
0.467285  -157.811
0.467529  -195.874
0.467773  -157.716
0.468018  -154.754
0.468262  -157.794
0.468506  -198.359
0.46875  -157.775
0.468994  -154.775
0.469238  -157.777
0.469482  -197.982
0.469727  -157.833
0.469971  -154.796
0.470215  -157.76
0.470459  -195.27
0.470703  -157.892
0.470947  -154.816
0.471191  -157.743
0.471436  -192.526
0.47168  -157.95
0.471924  -154.837
0.472168  -157.726
0.472412  -190.252
0.472656  -158.009
0.4729  -154.857
0.473145  -157.709
0.473389  -188.386
0.473633  -158.068
0.473877  -154.877
0.474121  -157.692
0.474365  -186.825
0.474609  -158.128
0.474854  -154.898
0.475098  -157.675
0.475342  -185.49
0.475586  -158.187
0.47583  -154.918
0.476074  -157.658
0.476318  -184.328
0.476562  -158.247
0.476807  -154.938
0.477051  -157.641
0.477295  -183.301
0.477539  -158.307
0.477783  -154.958
0.478027  -157.624
0.478271  -182.381
0.478516  -158.367
0.47876  -154.978
0.479004  -157.608
0.479248  -181.549
0.479492  -158.427
0.479736  -154.998
0.47998  -157.591
0.480225  -180.791
0.480469  -158.488
0.480713  -155.018
0.480957  -157.574
0.481201  -180.093
0.481445  -158.549
0.481689  -155.038
0.481934  -157.557
0.482178  -179.448
0.482422  -158.61
0.482666  -155.058
0.48291  -157.54
0.483154  -178.849
0.483398  -158.671
0.483643  -155.077
0.483887  -157.523
0.484131  -178.288
0.484375  -158.732
0.484619  -155.097
0.484863  -157.506
0.485107  -177.762
0.485352  -158.794
0.485596  -155.117
0.48584  -157.489
0.486084  -177.267
0.486328  -158.856
0.486572  -155.136
0.486816  -157.473
0.487061  -176.799
0.487305  -158.919
0.487549  -155.156
0.487793  -157.456
0.488037  -176.355
0.488281  -158.981
0.488525  -155.175
0.48877  -157.439
0.489014  -175.934
0.489258  -159.044
0.489502  -155.195
0.489746  -157.422
0.48999  -175.532
0.490234  -159.107
0.490479  -155.214
0.490723  -157.405
0.490967  -175.148
0.491211  -159.171
0.491455  -155.233
0.491699  -157.388
0.491943  -174.782
0.492188  -159.235
0.492432  -155.252
0.492676  -157.371
0.49292  -174.43
0.493164  -159.299
0.493408  -155.272
0.493652  -157.354
0.493896  -174.092
0.494141  -159.363
0.494385  -155.291
0.494629  -157.337
0.494873  -173.767
0.495117  -159.428
0.495361  -155.31
0.495605  -157.32
0.49585  -173.454
0.496094  -159.493
0.496338  -155.329
0.496582  -157.303
0.496826  -173.152
0.49707  -159.559
0.497314  -155.348
0.497559  -157.286
0.497803  -172.861
0.498047  -159.624
0.498291  -155.367
0.498535  -157.269
0.498779  -172.579
0.499023  -159.691
0.499268  -155.386
0.499512  -157.252
0.499756  -172.306
