-0.5  -134.24
-0.499756  -134.895
-0.499512  -137.097
-0.499268  -142.036
-0.499023  -161.932
-0.498779  -143.56
-0.498535  -137.735
-0.498291  -135.17
-0.498047  -134.262
-0.497803  -134.672
-0.497559  -136.544
-0.497314  -140.777
-0.49707  -153.558
-0.496826  -145.462
-0.496582  -138.471
-0.496338  -135.499
-0.496094  -134.328
-0.49585  -134.498
-0.495605  -136.066
-0.495361  -139.717
-0.495117  -149.259
-0.494873  -147.953
-0.494629  -139.323
-0.494385  -135.887
-0.494141  -134.44
-0.493896  -134.37
-0.493652  -135.655
-0.493408  -138.813
-0.493164  -146.413
-0.49292  -151.504
-0.492676  -140.317
-0.492432  -136.34
-0.492188  -134.598
-0.491943  -134.289
-0.491699  -135.306
-0.491455  -138.035
-0.491211  -144.306
-0.490967  -157.537
-0.490723  -141.488
-0.490479  -136.863
-0.490234  -134.804
-0.48999  -134.252
-0.489746  -135.014
-0.489502  -137.363
-0.489258  -142.648
-0.489014  -167.27
-0.48877  -142.892
-0.488525  -137.468
-0.488281  -135.061
-0.488037  -134.261
-0.487793  -134.775
-0.487549  -136.783
-0.487305  -141.297
-0.487061  -156.272
-0.486816  -144.616
-0.486572  -138.164
-0.486328  -135.372
-0.486084  -134.314
-0.48584  -134.587
-0.485596  -136.282
-0.485352  -140.17
-0.485107  -150.858
-0.484863  -146.818
-0.484619  -138.968
-0.484375  -135.74
-0.484131  -134.414
-0.483887  -134.448
-0.483643  -135.854
-0.483398  -139.216
-0.483154  -147.553
-0.48291  -149.814
-0.482666  -139.902
-0.482422  -136.171
-0.482178  -134.561
-0.481934  -134.358
-0.481689  -135.491
-0.481445  -138.402
-0.481201  -145.2
-0.480957  -154.417
-0.480713  -140.996
-0.480469  -136.672
-0.480225  -134.757
-0.47998  -134.315
-0.479736  -135.19
-0.479492  -137.705
-0.479248  -143.396
-0.479004  -163.521
-0.47876  -142.293
-0.478516  -137.251
-0.478271  -135.006
-0.478027  -134.32
-0.477783  -134.947
-0.477539  -137.107
-0.477295  -141.951
-0.477051  -160.331
-0.476807  -143.863
-0.476562  -137.917
-0.476318  -135.309
-0.476074  -134.373
-0.47583  -134.759
-0.475586  -136.598
-0.475342  -140.764
-0.475098  -153.04
-0.474854  -145.819
-0.474609  -138.686
-0.474365  -135.671
-0.474121  -134.476
-0.473877  -134.626
-0.473633  -136.17
-0.473389  -139.774
-0.473145  -149.08
-0.4729  -148.374
-0.472656  -139.574
-0.472412  -136.098
-0.472168  -134.631
-0.471924  -134.547
-0.47168  -135.815
-0.471436  -138.943
-0.471191  -146.422
-0.470947  -151.995
-0.470703  -140.607
-0.470459  -136.595
-0.470215  -134.84
-0.469971  -134.522
-0.469727  -135.531
-0.469482  -138.245
-0.469238  -144.458
-0.468994  -158.009
-0.46875  -141.82
-0.468506  -137.171
-0.468262  -135.106
-0.468018  -134.553
-0.467773  -135.315
-0.467529  -137.663
-0.467285  -142.931
-0.467041  -165.541
-0.466797  -143.263
-0.466553  -137.835
-0.466309  -135.434
-0.466064  -134.642
-0.46582  -135.166
-0.465576  -137.186
-0.465332  -141.714
-0.465088  -156.54
-0.464844  -145.013
-0.4646  -138.6
-0.464355  -135.829
-0.464111  -134.792
-0.463867  -135.086
-0.463623  -136.807
-0.463379  -140.733
-0.463135  -151.512
-0.462891  -147.203
-0.462646  -139.481
-0.462402  -136.298
-0.462158  -135.007
-0.461914  -135.076
-0.46167  -136.522
-0.461426  -139.945
-0.461182  -148.444
-0.460938  -150.072
-0.460693  -140.498
-0.460449  -136.848
-0.460205  -135.292
-0.459961  -135.14
-0.459717  -136.332
-0.459473  -139.326
-0.459229  -146.325
-0.458984  -154.129
-0.45874  -141.676
-0.458496  -137.49
-0.458252  -135.657
-0.458008  -135.286
-0.457764  -136.239
-0.45752  -138.862
-0.457275  -144.784
-0.457031  -160.392
-0.456787  -143.048
-0.456543  -138.235
-0.456299  -136.108
-0.456055  -135.521
-0.455811  -136.251
-0.455566  -138.547
-0.455322  -143.654
-0.455078  -162.37
-0.454834  -144.656
-0.45459  -139.097
-0.454346  -136.661
-0.454102  -135.858
-0.453857  -136.379
-0.453613  -138.387
-0.453369  -142.853
-0.453125  -156.455
-0.452881  -146.551
-0.452637  -140.094
-0.452393  -137.329
-0.452148  -136.315
-0.451904  -136.64
-0.45166  -138.396
-0.451416  -142.348
-0.451172  -152.862
-0.450928  -148.788
-0.450684  -141.244
-0.450439  -138.136
-0.450195  -136.916
-0.449951  -137.061
-0.449707  -138.597
-0.449463  -142.136
-0.449219  -150.769
-0.448975  -151.383
-0.44873  -142.567
-0.448486  -139.109
-0.448242  -137.696
-0.447998  -137.684
-0.447754  -139.036
-0.44751  -142.246
-0.447266  -149.632
-0.447021  -154.148
-0.446777  -144.077
-0.446533  -140.288
-0.446289  -138.708
-0.446045  -138.57
-0.445801  -139.782
-0.445557  -142.747
-0.445312  -149.262
-0.445068  -156.262
-0.444824  -145.766
-0.44458  -141.729
-0.444336  -140.036
-0.444092  -139.824
-0.443848  -140.954
-0.443604  -143.757
-0.443359  -149.611
-0.443115  -156.446
-0.442871  -147.565
-0.442627  -143.513
-0.442383  -141.817
-0.442139  -141.614
-0.441895  -142.738
-0.44165  -145.431
-0.441406  -150.483
-0.441162  -154.725
-0.440918  -149.252
-0.440674  -145.76
-0.44043  -144.285
-0.440186  -144.2
-0.439941  -145.296
-0.439697  -147.521
-0.439453  -150.462
-0.439209  -151.821
-0.438965  -150.322
-0.438721  -148.654
-0.438477  -147.752
-0.438232  -147.407
-0.437988  -147.266
-0.437744  -147.173
-0.4375  -147.334
-0.437256  -148.168
-0.437012  -150.073
-0.436768  -152.459
-0.436523  -151.031
-0.436279  -147.149
-0.436035  -144.351
-0.435791  -142.913
-0.435547  -142.792
-0.435303  -144.225
-0.435059  -148.212
-0.434814  -157.357
-0.43457  -148.443
-0.434326  -142.563
-0.434082  -139.633
-0.433838  -138.377
-0.433594  -138.528
-0.43335  -140.339
-0.433105  -145.169
-0.432861  -162.458
-0.432617  -144.04
-0.432373  -138.344
-0.432129  -135.599
-0.431885  -134.484
-0.431641  -134.746
-0.431396  -136.649
-0.431152  -141.568
-0.430908  -167.576
-0.430664  -140.682
-0.43042  -134.953
-0.430176  -132.216
-0.429932  -131.103
-0.429688  -131.345
-0.429443  -133.174
-0.429199  -137.826
-0.428955  -160.946
-0.428711  -138.189
-0.428467  -132.128
-0.428223  -129.27
-0.427979  -128.072
-0.427734  -128.218
-0.42749  -129.89
-0.427246  -134.137
-0.427002  -150.065
-0.426758  -136.341
-0.426514  -129.689
-0.42627  -126.621
-0.426025  -125.283
-0.425781  -125.29
-0.425537  -126.764
-0.425293  -130.571
-0.425049  -142.573
-0.424805  -135.062
-0.424561  -127.535
-0.424316  -124.184
-0.424072  -122.668
-0.423828  -122.51
-0.423584  -123.768
-0.42334  -127.142
-0.423096  -136.642
-0.422852  -134.421
-0.422607  -125.618
-0.422363  -121.915
-0.422119  -120.191
-0.421875  -119.851
-0.421631  -120.884
-0.421387  -123.848
-0.421143  -131.591
-0.420898  -134.716
-0.420654  -123.941
-0.42041  -119.808
-0.420166  -117.849
-0.419922  -117.313
-0.419678  -118.119
-0.419434  -120.697
-0.419189  -127.114
-0.418945  -136.961
-0.418701  -122.58
-0.418457  -117.91
-0.418213  -115.685
-0.417969  -114.944
-0.417725  -115.523
-0.41748  -117.735
-0.417236  -123.08
-0.416992  -148.351
-0.416748  -121.767
-0.416504  -116.382
-0.41626  -113.853
-0.416016  -112.895
-0.415771  -113.247
-0.415527  -115.102
-0.415283  -119.504
-0.415039  -135.214
-0.414795  -122.251
-0.414551  -115.725
-0.414307  -112.816
-0.414062  -111.63
-0.413818  -111.752
-0.413574  -113.232
-0.41333  -116.661
-0.413086  -124.986
-0.412842  -128.075
-0.412598  -118.008
-0.412354  -114.419
-0.412109  -112.972
-0.411865  -112.861
-0.411621  -113.827
-0.411377  -115.768
-0.411133  -118.556
-0.410889  -121.767
-0.410645  -124.257
-0.4104  -124.756
-0.410156  -123.897
-0.409912  -123.742
-0.409668  -127.041
-0.409424  -139.366
-0.40918  -119.894
-0.408936  -113.501
-0.408691  -110.236
-0.408447  -109.081
-0.408203  -109.719
-0.407959  -110.672
-0.407715  -106.591
-0.407471  -97.3932
-0.407227  -88.2408
-0.406982  -80.3492
-0.406738  -73.5569
-0.406494  -67.6111
-0.40625  -62.3228
-0.406006  -57.5597
-0.405762  -53.2279
-0.405518  -49.259
-0.405273  -45.6014
-0.405029  -42.2157
-0.404785  -39.0706
-0.404541  -36.1409
-0.404297  -33.4063
-0.404053  -30.8495
-0.403809  -28.4564
-0.403564  -26.2146
-0.40332  -24.1136
-0.403076  -22.1442
-0.402832  -20.2986
-0.402588  -18.5695
-0.402344  -16.9506
-0.4021  -15.4362
-0.401855  -14.0211
-0.401611  -12.7006
-0.401367  -11.4704
-0.401123  -10.3263
-0.400879  -9.26463
-0.400635  -8.28176
-0.400391  -7.37429
-0.400146  -6.53892
-0.399902  -5.77247
-0.399658  -5.07185
-0.399414  -4.434
-0.39917  -3.8559
-0.398926  -3.33453
-0.398682  -2.86689
-0.398438  -2.44993
-0.398193  -2.08061
-0.397949  -1.75585
-0.397705  -1.47256
-0.397461  -1.22761
-0.397217  -1.01788
-0.396973  -0.840231
-0.396729  -0.691581
-0.396484  -0.568878
-0.39624  -0.469147
-0.395996  -0.389519
-0.395752  -0.327259
-0.395508  -0.279794
-0.395264  -0.244735
-0.39502  -0.219908
-0.394775  -0.203361
-0.394531  -0.193381
-0.394287  -0.188491
-0.394043  -0.187448
-0.393799  -0.189233
-0.393555  -0.193031
-0.393311  -0.198208
-0.393066  -0.204291
-0.392822  -0.210938
-0.392578  -0.217913
-0.392334  -0.225064
-0.39209  -0.232296
-0.391846  -0.23956
-0.391602  -0.246832
-0.391357  -0.254104
-0.391113  -0.261377
-0.390869  -0.268654
-0.390625  -0.275938
-0.390381  -0.283232
-0.390137  -0.290535
-0.389893  -0.297846
-0.389648  -0.305163
-0.389404  -0.312487
-0.38916  -0.319815
-0.388916  -0.327147
-0.388672  -0.334485
-0.388428  -0.341829
-0.388184  -0.349181
-0.387939  -0.356542
-0.387695  -0.363911
-0.387451  -0.37129
-0.387207  -0.378677
-0.386963  -0.386072
-0.386719  -0.393473
-0.386475  -0.400879
-0.38623  -0.408288
-0.385986  -0.4157
-0.385742  -0.423115
-0.385498  -0.430533
-0.385254  -0.437955
-0.38501  -0.445382
-0.384766  -0.452817
-0.384521  -0.460259
-0.384277  -0.46771
-0.384033  -0.47517
-0.383789  -0.48264
-0.383545  -0.490119
-0.383301  -0.497607
-0.383057  -0.505102
-0.382812  -0.512604
-0.382568  -0.52011
-0.382324  -0.527622
-0.38208  -0.535137
-0.381836  -0.542656
-0.381592  -0.550179
-0.381348  -0.557708
-0.381104  -0.565242
-0.380859  -0.572782
-0.380615  -0.58033
-0.380371  -0.587886
-0.380127  -0.59545
-0.379883  -0.603023
-0.379639  -0.610604
-0.379395  -0.618194
-0.37915  -0.625791
-0.378906  -0.633394
-0.378662  -0.641004
-0.378418  -0.648619
-0.378174  -0.65624
-0.37793  -0.663865
-0.377686  -0.671496
-0.377441  -0.679133
-0.377197  -0.686775
-0.376953  -0.694424
-0.376709  -0.702081
-0.376465  -0.709744
-0.376221  -0.717416
-0.375977  -0.725095
-0.375732  -0.732783
-0.375488  -0.740478
-0.375244  -0.748181
-0.375  -0.75589
-0.374756  -0.763607
-0.374512  -0.771329
-0.374268  -0.779058
-0.374023  -0.786793
-0.373779  -0.794533
-0.373535  -0.80228
-0.373291  -0.810033
-0.373047  -0.817793
-0.372803  -0.82556
-0.372559  -0.833334
-0.372314  -0.841116
-0.37207  -0.848906
-0.371826  -0.856703
-0.371582  -0.864508
-0.371338  -0.87232
-0.371094  -0.88014
-0.37085  -0.887966
-0.370605  -0.8958
-0.370361  -0.90364
-0.370117  -0.911486
-0.369873  -0.919339
-0.369629  -0.927199
-0.369385  -0.935065
-0.369141  -0.942939
-0.368896  -0.950819
-0.368652  -0.958707
-0.368408  -0.966603
-0.368164  -0.974506
-0.36792  -0.982416
-0.367676  -0.990334
-0.367432  -0.99826
-0.367188  -1.00619
-0.366943  -1.01413
-0.366699  -1.02208
-0.366455  -1.03004
-0.366211  -1.038
-0.365967  -1.04597
-0.365723  -1.05394
-0.365479  -1.06192
-0.365234  -1.06991
-0.36499  -1.07791
-0.364746  -1.08592
-0.364502  -1.09393
-0.364258  -1.10195
-0.364014  -1.10997
-0.36377  -1.11801
-0.363525  -1.12605
-0.363281  -1.1341
-0.363037  -1.14216
-0.362793  -1.15023
-0.362549  -1.1583
-0.362305  -1.16638
-0.362061  -1.17447
-0.361816  -1.18256
-0.361572  -1.19066
-0.361328  -1.19877
-0.361084  -1.20689
-0.36084  -1.21501
-0.360596  -1.22315
-0.360352  -1.23129
-0.360107  -1.23943
-0.359863  -1.24759
-0.359619  -1.25575
-0.359375  -1.26392
-0.359131  -1.2721
-0.358887  -1.28029
-0.358643  -1.28848
-0.358398  -1.29669
-0.358154  -1.3049
-0.35791  -1.31311
-0.357666  -1.32134
-0.357422  -1.32957
-0.357178  -1.33781
-0.356934  -1.34606
-0.356689  -1.35432
-0.356445  -1.36258
-0.356201  -1.37085
-0.355957  -1.37913
-0.355713  -1.38742
-0.355469  -1.39572
-0.355225  -1.40402
-0.35498  -1.41233
-0.354736  -1.42065
-0.354492  -1.42898
-0.354248  -1.43731
-0.354004  -1.44566
-0.35376  -1.45401
-0.353516  -1.46237
-0.353271  -1.47074
-0.353027  -1.47911
-0.352783  -1.4875
-0.352539  -1.49589
-0.352295  -1.50429
-0.352051  -1.5127
-0.351807  -1.52111
-0.351562  -1.52954
-0.351318  -1.53797
-0.351074  -1.54641
-0.35083  -1.55486
-0.350586  -1.56332
-0.350342  -1.57178
-0.350098  -1.58026
-0.349854  -1.58874
-0.349609  -1.59723
-0.349365  -1.60573
-0.349121  -1.61424
-0.348877  -1.62275
-0.348633  -1.63127
-0.348389  -1.63981
-0.348145  -1.64835
-0.3479  -1.6569
-0.347656  -1.66545
-0.347412  -1.67402
-0.347168  -1.68259
-0.346924  -1.69118
-0.34668  -1.69977
-0.346436  -1.70837
-0.346191  -1.71697
-0.345947  -1.72559
-0.345703  -1.73422
-0.345459  -1.74285
-0.345215  -1.75149
-0.344971  -1.76014
-0.344727  -1.7688
-0.344482  -1.77747
-0.344238  -1.78615
-0.343994  -1.79484
-0.34375  -1.80353
-0.343506  -1.81223
-0.343262  -1.82095
-0.343018  -1.82967
-0.342773  -1.83839
-0.342529  -1.84713
-0.342285  -1.85588
-0.342041  -1.86463
-0.341797  -1.8734
-0.341553  -1.88217
-0.341309  -1.89096
-0.341064  -1.89975
-0.34082  -1.90855
-0.340576  -1.91736
-0.340332  -1.92617
-0.340088  -1.935
-0.339844  -1.94384
-0.3396  -1.95268
-0.339355  -1.96154
-0.339111  -1.9704
-0.338867  -1.97927
-0.338623  -1.98815
-0.338379  -1.99704
-0.338135  -2.00594
-0.337891  -2.01485
-0.337646  -2.02377
-0.337402  -2.03269
-0.337158  -2.04163
-0.336914  -2.05057
-0.33667  -2.05953
-0.336426  -2.06849
-0.336182  -2.07747
-0.335938  -2.08645
-0.335693  -2.09544
-0.335449  -2.10444
-0.335205  -2.11345
-0.334961  -2.12247
-0.334717  -2.1315
-0.334473  -2.14054
-0.334229  -2.14958
-0.333984  -2.15864
-0.33374  -2.16771
-0.333496  -2.17678
-0.333252  -2.18587
-0.333008  -2.19496
-0.332764  -2.20407
-0.33252  -2.21318
-0.332275  -2.22231
-0.332031  -2.23144
-0.331787  -2.24058
-0.331543  -2.24973
-0.331299  -2.2589
-0.331055  -2.26807
-0.330811  -2.27725
-0.330566  -2.28644
-0.330322  -2.29564
-0.330078  -2.30485
-0.329834  -2.31407
-0.32959  -2.3233
-0.329346  -2.33254
-0.329102  -2.34179
-0.328857  -2.35105
-0.328613  -2.36032
-0.328369  -2.3696
-0.328125  -2.37889
-0.327881  -2.38819
-0.327637  -2.3975
-0.327393  -2.40682
-0.327148  -2.41615
-0.326904  -2.42549
-0.32666  -2.43484
-0.326416  -2.4442
-0.326172  -2.45357
-0.325928  -2.46295
-0.325684  -2.47234
-0.325439  -2.48174
-0.325195  -2.49115
-0.324951  -2.50057
-0.324707  -2.51
-0.324463  -2.51944
-0.324219  -2.52889
-0.323975  -2.53835
-0.32373  -2.54783
-0.323486  -2.55731
-0.323242  -2.5668
-0.322998  -2.5763
-0.322754  -2.58581
-0.32251  -2.59534
-0.322266  -2.60487
-0.322021  -2.61442
-0.321777  -2.62397
-0.321533  -2.63354
-0.321289  -2.64311
-0.321045  -2.6527
-0.320801  -2.6623
-0.320557  -2.67191
-0.320312  -2.68153
-0.320068  -2.69116
-0.319824  -2.7008
-0.31958  -2.71045
-0.319336  -2.72011
-0.319092  -2.72978
-0.318848  -2.73946
-0.318604  -2.74916
-0.318359  -2.75886
-0.318115  -2.76858
-0.317871  -2.7783
-0.317627  -2.78804
-0.317383  -2.79779
-0.317139  -2.80755
-0.316895  -2.81732
-0.31665  -2.8271
-0.316406  -2.83689
-0.316162  -2.8467
-0.315918  -2.85651
-0.315674  -2.86634
-0.31543  -2.87617
-0.315186  -2.88602
-0.314941  -2.89588
-0.314697  -2.90575
-0.314453  -2.91563
-0.314209  -2.92552
-0.313965  -2.93542
-0.313721  -2.94534
-0.313477  -2.95527
-0.313232  -2.9652
-0.312988  -2.97515
-0.312744  -2.98511
-0.3125  -2.99509
-0.312256  -3.00507
-0.312012  -3.01507
-0.311768  -3.02507
-0.311523  -3.03509
-0.311279  -3.04512
-0.311035  -3.05516
-0.310791  -3.06521
-0.310547  -3.07528
-0.310303  -3.08535
-0.310059  -3.09544
-0.309814  -3.10554
-0.30957  -3.11565
-0.309326  -3.12578
-0.309082  -3.13591
-0.308838  -3.14606
-0.308594  -3.15622
-0.30835  -3.16639
-0.308105  -3.17657
-0.307861  -3.18676
-0.307617  -3.19697
-0.307373  -3.20719
-0.307129  -3.21742
-0.306885  -3.22766
-0.306641  -3.23792
-0.306396  -3.24818
-0.306152  -3.25846
-0.305908  -3.26875
-0.305664  -3.27906
-0.30542  -3.28937
-0.305176  -3.2997
-0.304932  -3.31004
-0.304688  -3.32039
-0.304443  -3.33076
-0.304199  -3.34113
-0.303955  -3.35152
-0.303711  -3.36193
-0.303467  -3.37234
-0.303223  -3.38277
-0.302979  -3.39321
-0.302734  -3.40366
-0.30249  -3.41412
-0.302246  -3.4246
-0.302002  -3.43509
-0.301758  -3.44559
-0.301514  -3.45611
-0.30127  -3.46664
-0.301025  -3.47718
-0.300781  -3.48773
-0.300537  -3.4983
-0.300293  -3.50888
-0.300049  -3.51947
-0.299805  -3.53007
-0.299561  -3.54069
-0.299316  -3.55132
-0.299072  -3.56197
-0.298828  -3.57262
-0.298584  -3.58329
-0.29834  -3.59398
-0.298096  -3.60467
-0.297852  -3.61538
-0.297607  -3.62611
-0.297363  -3.63684
-0.297119  -3.64759
-0.296875  -3.65836
-0.296631  -3.66913
-0.296387  -3.67992
-0.296143  -3.69073
-0.295898  -3.70154
-0.295654  -3.71237
-0.29541  -3.72322
-0.295166  -3.73407
-0.294922  -3.74494
-0.294678  -3.75583
-0.294434  -3.76672
-0.294189  -3.77764
-0.293945  -3.78856
-0.293701  -3.7995
-0.293457  -3.81045
-0.293213  -3.82142
-0.292969  -3.8324
-0.292725  -3.8434
-0.29248  -3.8544
-0.292236  -3.86543
-0.291992  -3.87646
-0.291748  -3.88751
-0.291504  -3.89858
-0.29126  -3.90966
-0.291016  -3.92075
-0.290771  -3.93186
-0.290527  -3.94298
-0.290283  -3.95411
-0.290039  -3.96526
-0.289795  -3.97643
-0.289551  -3.9876
-0.289307  -3.9988
-0.289062  -4.01001
-0.288818  -4.02123
-0.288574  -4.03246
-0.28833  -4.04371
-0.288086  -4.05498
-0.287842  -4.06626
-0.287598  -4.07756
-0.287354  -4.08886
-0.287109  -4.10019
-0.286865  -4.11153
-0.286621  -4.12288
-0.286377  -4.13425
-0.286133  -4.14563
-0.285889  -4.15703
-0.285645  -4.16844
-0.2854  -4.17987
-0.285156  -4.19132
-0.284912  -4.20278
-0.284668  -4.21425
-0.284424  -4.22574
-0.28418  -4.23724
-0.283936  -4.24876
-0.283691  -4.2603
-0.283447  -4.27185
-0.283203  -4.28341
-0.282959  -4.29499
-0.282715  -4.30659
-0.282471  -4.3182
-0.282227  -4.32983
-0.281982  -4.34147
-0.281738  -4.35313
-0.281494  -4.3648
-0.28125  -4.37649
-0.281006  -4.3882
-0.280762  -4.39992
-0.280518  -4.41166
-0.280273  -4.42341
-0.280029  -4.43518
-0.279785  -4.44697
-0.279541  -4.45877
-0.279297  -4.47058
-0.279053  -4.48242
-0.278809  -4.49427
-0.278564  -4.50613
-0.27832  -4.51801
-0.278076  -4.52991
-0.277832  -4.54183
-0.277588  -4.55376
-0.277344  -4.5657
-0.2771  -4.57767
-0.276855  -4.58965
-0.276611  -4.60165
-0.276367  -4.61366
-0.276123  -4.62569
-0.275879  -4.63774
-0.275635  -4.6498
-0.275391  -4.66188
-0.275146  -4.67398
-0.274902  -4.68609
-0.274658  -4.69822
-0.274414  -4.71037
-0.27417  -4.72253
-0.273926  -4.73471
-0.273682  -4.74691
-0.273438  -4.75913
-0.273193  -4.77136
-0.272949  -4.78361
-0.272705  -4.79588
-0.272461  -4.80817
-0.272217  -4.82047
-0.271973  -4.83279
-0.271729  -4.84513
-0.271484  -4.85748
-0.27124  -4.86985
-0.270996  -4.88224
-0.270752  -4.89465
-0.270508  -4.90708
-0.270264  -4.91952
-0.27002  -4.93198
-0.269775  -4.94446
-0.269531  -4.95696
-0.269287  -4.96947
-0.269043  -4.98201
-0.268799  -4.99456
-0.268555  -5.00713
-0.268311  -5.01972
-0.268066  -5.03232
-0.267822  -5.04495
-0.267578  -5.05759
-0.267334  -5.07025
-0.26709  -5.08293
-0.266846  -5.09563
-0.266602  -5.10835
-0.266357  -5.12108
-0.266113  -5.13383
-0.265869  -5.14661
-0.265625  -5.1594
-0.265381  -5.17221
-0.265137  -5.18504
-0.264893  -5.19789
-0.264648  -5.21076
-0.264404  -5.22364
-0.26416  -5.23655
-0.263916  -5.24947
-0.263672  -5.26242
-0.263428  -5.27538
-0.263184  -5.28837
-0.262939  -5.30137
-0.262695  -5.31439
-0.262451  -5.32743
-0.262207  -5.34049
-0.261963  -5.35357
-0.261719  -5.36667
-0.261475  -5.37979
-0.26123  -5.39293
-0.260986  -5.40609
-0.260742  -5.41927
-0.260498  -5.43247
-0.260254  -5.44569
-0.26001  -5.45893
-0.259766  -5.47219
-0.259521  -5.48548
-0.259277  -5.49878
-0.259033  -5.5121
-0.258789  -5.52544
-0.258545  -5.5388
-0.258301  -5.55218
-0.258057  -5.56559
-0.257812  -5.57901
-0.257568  -5.59246
-0.257324  -5.60592
-0.25708  -5.61941
-0.256836  -5.63292
-0.256592  -5.64645
-0.256348  -5.66
-0.256104  -5.67357
-0.255859  -5.68716
-0.255615  -5.70078
-0.255371  -5.71441
-0.255127  -5.72807
-0.254883  -5.74174
-0.254639  -5.75544
-0.254395  -5.76916
-0.25415  -5.78291
-0.253906  -5.79667
-0.253662  -5.81046
-0.253418  -5.82427
-0.253174  -5.8381
-0.25293  -5.85195
-0.252686  -5.86583
-0.252441  -5.87972
-0.252197  -5.89364
-0.251953  -5.90758
-0.251709  -5.92155
-0.251465  -5.93553
-0.251221  -5.94954
-0.250977  -5.96357
-0.250732  -5.97763
-0.250488  -5.99171
-0.250244  -6.00581
-0.25  -6.01993
-0.249756  -6.03407
-0.249512  -6.04824
-0.249268  -6.06244
-0.249023  -6.07665
-0.248779  -6.09089
-0.248535  -6.10515
-0.248291  -6.11944
-0.248047  -6.13375
-0.247803  -6.14808
-0.247559  -6.16244
-0.247314  -6.17682
-0.24707  -6.19122
-0.246826  -6.20565
-0.246582  -6.2201
-0.246338  -6.23457
-0.246094  -6.24907
-0.24585  -6.2636
-0.245605  -6.27815
-0.245361  -6.29272
-0.245117  -6.30732
-0.244873  -6.32194
-0.244629  -6.33659
-0.244385  -6.35126
-0.244141  -6.36596
-0.243896  -6.38068
-0.243652  -6.39542
-0.243408  -6.4102
-0.243164  -6.42499
-0.24292  -6.43981
-0.242676  -6.45466
-0.242432  -6.46953
-0.242188  -6.48443
-0.241943  -6.49935
-0.241699  -6.5143
-0.241455  -6.52928
-0.241211  -6.54428
-0.240967  -6.55931
-0.240723  -6.57436
-0.240479  -6.58944
-0.240234  -6.60454
-0.23999  -6.61968
-0.239746  -6.63483
-0.239502  -6.65002
-0.239258  -6.66523
-0.239014  -6.68047
-0.23877  -6.69573
-0.238525  -6.71102
-0.238281  -6.72634
-0.238037  -6.74169
-0.237793  -6.75706
-0.237549  -6.77246
-0.237305  -6.78789
-0.237061  -6.80334
-0.236816  -6.81882
-0.236572  -6.83433
-0.236328  -6.84987
-0.236084  -6.86544
-0.23584  -6.88103
-0.235596  -6.89665
-0.235352  -6.9123
-0.235107  -6.92798
-0.234863  -6.94368
-0.234619  -6.95942
-0.234375  -6.97518
-0.234131  -6.99097
-0.233887  -7.00679
-0.233643  -7.02264
-0.233398  -7.03852
-0.233154  -7.05443
-0.23291  -7.07037
-0.232666  -7.08633
-0.232422  -7.10233
-0.232178  -7.11835
-0.231934  -7.13441
-0.231689  -7.15049
-0.231445  -7.16661
-0.231201  -7.18275
-0.230957  -7.19893
-0.230713  -7.21513
-0.230469  -7.23136
-0.230225  -7.24763
-0.22998  -7.26392
-0.229736  -7.28025
-0.229492  -7.29661
-0.229248  -7.313
-0.229004  -7.32941
-0.22876  -7.34586
-0.228516  -7.36235
-0.228271  -7.37886
-0.228027  -7.3954
-0.227783  -7.41198
-0.227539  -7.42858
-0.227295  -7.44522
-0.227051  -7.46189
-0.226807  -7.4786
-0.226562  -7.49533
-0.226318  -7.5121
-0.226074  -7.5289
-0.22583  -7.54573
-0.225586  -7.5626
-0.225342  -7.57949
-0.225098  -7.59642
-0.224854  -7.61339
-0.224609  -7.63039
-0.224365  -7.64742
-0.224121  -7.66448
-0.223877  -7.68158
-0.223633  -7.69871
-0.223389  -7.71587
-0.223145  -7.73307
-0.2229  -7.75031
-0.222656  -7.76757
-0.222412  -7.78487
-0.222168  -7.80221
-0.221924  -7.81958
-0.22168  -7.83699
-0.221436  -7.85443
-0.221191  -7.8719
-0.220947  -7.88942
-0.220703  -7.90696
-0.220459  -7.92455
-0.220215  -7.94216
-0.219971  -7.95982
-0.219727  -7.97751
-0.219482  -7.99523
-0.219238  -8.01299
-0.218994  -8.03079
-0.21875  -8.04862
-0.218506  -8.0665
-0.218262  -8.0844
-0.218018  -8.10235
-0.217773  -8.12033
-0.217529  -8.13835
-0.217285  -8.15641
-0.217041  -8.1745
-0.216797  -8.19264
-0.216553  -8.21081
-0.216309  -8.22902
-0.216064  -8.24726
-0.21582  -8.26555
-0.215576  -8.28387
-0.215332  -8.30223
-0.215088  -8.32063
-0.214844  -8.33908
-0.2146  -8.35755
-0.214355  -8.37607
-0.214111  -8.39463
-0.213867  -8.41323
-0.213623  -8.43187
-0.213379  -8.45055
-0.213135  -8.46927
-0.212891  -8.48803
-0.212646  -8.50683
-0.212402  -8.52567
-0.212158  -8.54455
-0.211914  -8.56347
-0.21167  -8.58243
-0.211426  -8.60144
-0.211182  -8.62049
-0.210938  -8.63958
-0.210693  -8.65871
-0.210449  -8.67788
-0.210205  -8.69709
-0.209961  -8.71635
-0.209717  -8.73565
-0.209473  -8.755
-0.209229  -8.77438
-0.208984  -8.79382
-0.20874  -8.81329
-0.208496  -8.83281
-0.208252  -8.85237
-0.208008  -8.87198
-0.207764  -8.89163
-0.20752  -8.91132
-0.207275  -8.93106
-0.207031  -8.95085
-0.206787  -8.97067
-0.206543  -8.99055
-0.206299  -9.01047
-0.206055  -9.03044
-0.205811  -9.05045
-0.205566  -9.07051
-0.205322  -9.09061
-0.205078  -9.11077
-0.204834  -9.13096
-0.20459  -9.15121
-0.204346  -9.1715
-0.204102  -9.19184
-0.203857  -9.21223
-0.203613  -9.23267
-0.203369  -9.25315
-0.203125  -9.27369
-0.202881  -9.29427
-0.202637  -9.3149
-0.202393  -9.33558
-0.202148  -9.35631
-0.201904  -9.37708
-0.20166  -9.39791
-0.201416  -9.41879
-0.201172  -9.43972
-0.200928  -9.4607
-0.200684  -9.48173
-0.200439  -9.50281
-0.200195  -9.52394
-0.199951  -9.54513
-0.199707  -9.56636
-0.199463  -9.58765
-0.199219  -9.60899
-0.198975  -9.63038
-0.19873  -9.65183
-0.198486  -9.67333
-0.198242  -9.69488
-0.197998  -9.71648
-0.197754  -9.73814
-0.19751  -9.75986
-0.197266  -9.78162
-0.197021  -9.80345
-0.196777  -9.82533
-0.196533  -9.84726
-0.196289  -9.86925
-0.196045  -9.89129
-0.195801  -9.91339
-0.195557  -9.93555
-0.195312  -9.95776
-0.195068  -9.98003
-0.194824  -10.0024
-0.19458  -10.0247
-0.194336  -10.0472
-0.194092  -10.0697
-0.193848  -10.0922
-0.193604  -10.1149
-0.193359  -10.1375
-0.193115  -10.1603
-0.192871  -10.1831
-0.192627  -10.2059
-0.192383  -10.2288
-0.192139  -10.2518
-0.191895  -10.2749
-0.19165  -10.298
-0.191406  -10.3211
-0.191162  -10.3443
-0.190918  -10.3676
-0.190674  -10.391
-0.19043  -10.4144
-0.190186  -10.4379
-0.189941  -10.4614
-0.189697  -10.485
-0.189453  -10.5087
-0.189209  -10.5324
-0.188965  -10.5562
-0.188721  -10.5801
-0.188477  -10.604
-0.188232  -10.628
-0.187988  -10.652
-0.187744  -10.6762
-0.1875  -10.7004
-0.187256  -10.7246
-0.187012  -10.7489
-0.186768  -10.7733
-0.186523  -10.7978
-0.186279  -10.8223
-0.186035  -10.8469
-0.185791  -10.8716
-0.185547  -10.8964
-0.185303  -10.9212
-0.185059  -10.9461
-0.184814  -10.971
-0.18457  -10.9961
-0.184326  -11.0212
-0.184082  -11.0463
-0.183838  -11.0716
-0.183594  -11.0969
-0.18335  -11.1223
-0.183105  -11.1478
-0.182861  -11.1733
-0.182617  -11.1989
-0.182373  -11.2246
-0.182129  -11.2504
-0.181885  -11.2762
-0.181641  -11.3022
-0.181396  -11.3282
-0.181152  -11.3543
-0.180908  -11.3804
-0.180664  -11.4067
-0.18042  -11.433
-0.180176  -11.4594
-0.179932  -11.4859
-0.179688  -11.5124
-0.179443  -11.5391
-0.179199  -11.5658
-0.178955  -11.5926
-0.178711  -11.6195
-0.178467  -11.6465
-0.178223  -11.6735
-0.177979  -11.7006
-0.177734  -11.7279
-0.17749  -11.7552
-0.177246  -11.7826
-0.177002  -11.8101
-0.176758  -11.8376
-0.176514  -11.8653
-0.17627  -11.8931
-0.176025  -11.9209
-0.175781  -11.9488
-0.175537  -11.9768
-0.175293  -12.0049
-0.175049  -12.0331
-0.174805  -12.0614
-0.174561  -12.0898
-0.174316  -12.1183
-0.174072  -12.1469
-0.173828  -12.1755
-0.173584  -12.2043
-0.17334  -12.2331
-0.173096  -12.2621
-0.172852  -12.2911
-0.172607  -12.3203
-0.172363  -12.3495
-0.172119  -12.3789
-0.171875  -12.4083
-0.171631  -12.4379
-0.171387  -12.4675
-0.171143  -12.4972
-0.170898  -12.5271
-0.170654  -12.557
-0.17041  -12.5871
-0.170166  -12.6172
-0.169922  -12.6475
-0.169678  -12.6779
-0.169434  -12.7083
-0.169189  -12.7389
-0.168945  -12.7696
-0.168701  -12.8004
-0.168457  -12.8313
-0.168213  -12.8623
-0.167969  -12.8935
-0.167725  -12.9247
-0.16748  -12.9561
-0.167236  -12.9875
-0.166992  -13.0191
-0.166748  -13.0508
-0.166504  -13.0826
-0.16626  -13.1146
-0.166016  -13.1466
-0.165771  -13.1788
-0.165527  -13.2111
-0.165283  -13.2435
-0.165039  -13.276
-0.164795  -13.3087
-0.164551  -13.3414
-0.164307  -13.3743
-0.164062  -13.4073
-0.163818  -13.4405
-0.163574  -13.4738
-0.16333  -13.5072
-0.163086  -13.5407
-0.162842  -13.5744
-0.162598  -13.6082
-0.162354  -13.6421
-0.162109  -13.6762
-0.161865  -13.7103
-0.161621  -13.7447
-0.161377  -13.7791
-0.161133  -13.8137
-0.160889  -13.8485
-0.160645  -13.8834
-0.1604  -13.9184
-0.160156  -13.9535
-0.159912  -13.9889
-0.159668  -14.0243
-0.159424  -14.0599
-0.15918  -14.0956
-0.158936  -14.1315
-0.158691  -14.1676
-0.158447  -14.2037
-0.158203  -14.2401
-0.157959  -14.2766
-0.157715  -14.3132
-0.157471  -14.35
-0.157227  -14.387
-0.156982  -14.4241
-0.156738  -14.4614
-0.156494  -14.4988
-0.15625  -14.5364
-0.156006  -14.5742
-0.155762  -14.6121
-0.155518  -14.6502
-0.155273  -14.6884
-0.155029  -14.7269
-0.154785  -14.7655
-0.154541  -14.8042
-0.154297  -14.8432
-0.154053  -14.8823
-0.153809  -14.9216
-0.153564  -14.9611
-0.15332  -15.0008
-0.153076  -15.0406
-0.152832  -15.0806
-0.152588  -15.1208
-0.152344  -15.1612
-0.1521  -15.2018
-0.151855  -15.2426
-0.151611  -15.2835
-0.151367  -15.3247
-0.151123  -15.3661
-0.150879  -15.4076
-0.150635  -15.4494
-0.150391  -15.4913
-0.150146  -15.5335
-0.149902  -15.5759
-0.149658  -15.6184
-0.149414  -15.6612
-0.14917  -15.7042
-0.148926  -15.7474
-0.148682  -15.7908
-0.148438  -15.8345
-0.148193  -15.8783
-0.147949  -15.9224
-0.147705  -15.9667
-0.147461  -16.0113
-0.147217  -16.056
-0.146973  -16.101
-0.146729  -16.1463
-0.146484  -16.1917
-0.14624  -16.2375
-0.145996  -16.2834
-0.145752  -16.3296
-0.145508  -16.376
-0.145264  -16.4227
-0.14502  -16.4697
-0.144775  -16.5169
-0.144531  -16.5643
-0.144287  -16.6121
-0.144043  -16.66
-0.143799  -16.7083
-0.143555  -16.7568
-0.143311  -16.8056
-0.143066  -16.8547
-0.142822  -16.904
-0.142578  -16.9536
-0.142334  -17.0036
-0.14209  -17.0538
-0.141846  -17.1042
-0.141602  -17.155
-0.141357  -17.2061
-0.141113  -17.2575
-0.140869  -17.3092
-0.140625  -17.3612
-0.140381  -17.4135
-0.140137  -17.4662
-0.139893  -17.5191
-0.139648  -17.5724
-0.139404  -17.626
-0.13916  -17.68
-0.138916  -17.7342
-0.138672  -17.7888
-0.138428  -17.8438
-0.138184  -17.8991
-0.137939  -17.9548
-0.137695  -18.0108
-0.137451  -18.0672
-0.137207  -18.124
-0.136963  -18.1811
-0.136719  -18.2386
-0.136475  -18.2965
-0.13623  -18.3548
-0.135986  -18.4135
-0.135742  -18.4726
-0.135498  -18.5321
-0.135254  -18.592
-0.13501  -18.6523
-0.134766  -18.713
-0.134521  -18.7742
-0.134277  -18.8357
-0.134033  -18.8978
-0.133789  -18.9603
-0.133545  -19.0232
-0.133301  -19.0866
-0.133057  -19.1504
-0.132812  -19.2148
-0.132568  -19.2796
-0.132324  -19.3449
-0.13208  -19.4107
-0.131836  -19.477
-0.131592  -19.5438
-0.131348  -19.6111
-0.131104  -19.6789
-0.130859  -19.7473
-0.130615  -19.8162
-0.130371  -19.8857
-0.130127  -19.9557
-0.129883  -20.0263
-0.129639  -20.0975
-0.129395  -20.1693
-0.12915  -20.2417
-0.128906  -20.3146
-0.128662  -20.3882
-0.128418  -20.4625
-0.128174  -20.5373
-0.12793  -20.6128
-0.127686  -20.689
-0.127441  -20.7659
-0.127197  -20.8434
-0.126953  -20.9216
-0.126709  -21.0006
-0.126465  -21.0803
-0.126221  -21.1607
-0.125977  -21.2418
-0.125732  -21.3238
-0.125488  -21.4065
-0.125244  -21.49
-0.125  -21.5743
-0.124756  -21.6594
-0.124512  -21.7454
-0.124268  -21.8322
-0.124023  -21.9199
-0.123779  -22.0086
-0.123535  -22.0981
-0.123291  -22.1885
-0.123047  -22.2799
-0.122803  -22.3723
-0.122559  -22.4657
-0.122314  -22.5601
-0.12207  -22.6555
-0.121826  -22.752
-0.121582  -22.8496
-0.121338  -22.9483
-0.121094  -23.0481
-0.12085  -23.149
-0.120605  -23.2512
-0.120361  -23.3546
-0.120117  -23.4592
-0.119873  -23.5651
-0.119629  -23.6723
-0.119385  -23.7808
-0.119141  -23.8908
-0.118896  -24.0021
-0.118652  -24.1149
-0.118408  -24.2291
-0.118164  -24.3449
-0.11792  -24.4622
-0.117676  -24.5812
-0.117432  -24.7018
-0.117188  -24.8241
-0.116943  -24.9481
-0.116699  -25.074
-0.116455  -25.2017
-0.116211  -25.3313
-0.115967  -25.4628
-0.115723  -25.5964
-0.115479  -25.7321
-0.115234  -25.8699
-0.11499  -26.01
-0.114746  -26.1523
-0.114502  -26.297
-0.114258  -26.4442
-0.114014  -26.5939
-0.11377  -26.7462
-0.113525  -26.9012
-0.113281  -27.0591
-0.113037  -27.2199
-0.112793  -27.3837
-0.112549  -27.5507
-0.112305  -27.7209
-0.112061  -27.8946
-0.111816  -28.0718
-0.111572  -28.2526
-0.111328  -28.4374
-0.111084  -28.6261
-0.11084  -28.819
-0.110596  -29.0163
-0.110352  -29.2182
-0.110107  -29.4249
-0.109863  -29.6367
-0.109619  -29.8537
-0.109375  -30.0763
-0.109131  -30.3048
-0.108887  -30.5394
-0.108643  -30.7805
-0.108398  -31.0285
-0.108154  -31.2839
-0.10791  -31.5469
-0.107666  -31.8182
-0.107422  -32.0982
-0.107178  -32.3875
-0.106934  -32.6868
-0.106689  -32.9967
-0.106445  -33.3181
-0.106201  -33.6517
-0.105957  -33.9984
-0.105713  -34.3593
-0.105469  -34.7355
-0.105225  -35.1281
-0.10498  -35.5383
-0.104736  -35.9675
-0.104492  -36.4172
-0.104248  -36.8888
-0.104004  -37.3841
-0.10376  -37.9046
-0.103516  -38.4523
-0.103271  -39.029
-0.103027  -39.6367
-0.102783  -40.2773
-0.102539  -40.9531
-0.102295  -41.6662
-0.102051  -42.4188
-0.101807  -43.2133
-0.101562  -44.0521
-0.101318  -44.9377
-0.101074  -45.8725
-0.10083  -46.8592
-0.100586  -47.9006
-0.100342  -48.9994
-0.100098  -50.1585
-0.0998535  -51.381
-0.0996094  -52.6701
-0.0993652  -54.0291
-0.0991211  -55.4616
-0.098877  -56.9713
-0.0986328  -58.5622
-0.0983887  -60.2387
-0.0981445  -62.0055
-0.0979004  -63.8675
-0.0976562  -65.8304
-0.0974121  -67.9002
-0.097168  -70.0838
-0.0969238  -72.3888
-0.0966797  -74.8235
-0.0964355  -77.3976
-0.0961914  -80.122
-0.0959473  -83.0091
-0.0957031  -86.0735
-0.095459  -89.3317
-0.0952148  -92.8035
-0.0949707  -96.5118
-0.0947266  -100.484
-0.0944824  -104.753
-0.0942383  -109.359
-0.0939941  -114.351
-0.09375  -119.795
-0.0935059  -125.786
-0.0932617  -132.496
-0.0930176  -140.351
-0.0927734  -151.016
-0.0925293  -170.256
-0.0922852  -155.549
-0.092041  -153.023
-0.0917969  -152.584
-0.0915527  -153.456
-0.0913086  -155.915
-0.0910645  -161.51
-0.0908203  -181.009
-0.0905762  -160.765
-0.090332  -155.923
-0.0900879  -154.078
-0.0898438  -154.077
-0.0895996  -155.946
-0.0893555  -160.981
-0.0891113  -193.468
-0.0888672  -160.392
-0.088623  -154.945
-0.0883789  -152.506
-0.0881348  -151.706
-0.0878906  -152.274
-0.0876465  -154.436
-0.0874023  -159.428
-0.0871582  -183.273
-0.0869141  -160.414
-0.0866699  -154.678
-0.0864258  -152.124
-0.0861816  -151.203
-0.0859375  -151.583
-0.0856934  -153.391
-0.0854492  -157.469
-0.0852051  -169.233
-0.0849609  -163.139
-0.0847168  -155.71
-0.0844727  -152.589
-0.0842285  -151.304
-0.0839844  -151.344
-0.0837402  -152.717
-0.0834961  -155.973
-0.083252  -163.826
-0.0830078  -168.145
-0.0827637  -157.278
-0.0825195  -153.36
-0.0822754  -151.63
-0.0820312  -151.304
-0.0817871  -152.269
-0.081543  -154.874
-0.0812988  -160.735
-0.0810547  -180.327
-0.0808105  -159.233
-0.0805664  -154.282
-0.0803223  -152.062
-0.0800781  -151.373
-0.079834  -151.97
-0.0795898  -154.055
-0.0793457  -158.685
-0.0791016  -174.844
-0.0788574  -161.647
-0.0786133  -155.321
-0.0783691  -152.565
-0.078125  -151.516
-0.0778809  -151.776
-0.0776367  -153.43
-0.0773926  -157.204
-0.0771484  -167.271
-0.0769043  -164.797
-0.0766602  -156.487
-0.076416  -153.131
-0.0761719  -151.719
-0.0759277  -151.664
-0.0756836  -152.947
-0.0754395  -156.076
-0.0751953  -163.539
-0.0749512  -169.458
-0.074707  -157.812
-0.0744629  -153.762
-0.0742188  -151.976
-0.0739746  -151.62
-0.0737305  -152.573
-0.0734863  -155.185
-0.0732422  -161.107
-0.072998  -179.122
-0.0727539  -159.356
-0.0725098  -154.469
-0.0722656  -152.286
-0.0720215  -151.635
-0.0717773  -152.285
-0.0715332  -154.464
-0.0712891  -159.332
-0.0710449  -178.614
-0.0708008  -161.214
-0.0705566  -155.265
-0.0703125  -152.652
-0.0700684  -151.705
-0.0698242  -152.071
-0.0695801  -153.874
-0.0693359  -157.954
-0.0690918  -169.747
-0.0688477  -163.553
-0.0686035  -156.17
-0.0683594  -153.076
-0.0681152  -151.826
-0.0678711  -151.92
-0.067627  -153.387
-0.0673828  -156.845
-0.0671387  -165.55
-0.0668945  -166.727
-0.0666504  -157.208
-0.0664062  -153.565
-0.0661621  -151.999
-0.065918  -151.826
-0.0656738  -152.986
-0.0654297  -155.931
-0.0651855  -162.823
-0.0649414  -171.687
-0.0646973  -158.418
-0.0644531  -154.126
-0.064209  -152.223
-0.0639648  -151.785
-0.0637207  -152.659
-0.0634766  -155.165
-0.0632324  -160.826
-0.0629883  -183.184
-0.0627441  -159.853
-0.0625  -154.767
-0.0622559  -152.501
-0.0620117  -151.795
-0.0617676  -152.397
-0.0615234  -154.518
-0.0612793  -159.269
-0.0610352  -176.885
-0.060791  -161.603
-0.0605469  -155.501
-0.0603027  -152.833
-0.0600586  -151.854
-0.0598145  -152.195
-0.0595703  -153.971
-0.0593262  -158.007
-0.059082  -169.542
-0.0588379  -163.826
-0.0585938  -156.346
-0.0583496  -153.226
-0.0581055  -151.962
-0.0578613  -152.046
-0.0576172  -153.507
-0.057373  -156.961
-0.0571289  -165.654
-0.0568848  -166.843
-0.0566406  -157.325
-0.0563965  -153.683
-0.0561523  -152.118
-0.0559082  -151.95
-0.0556641  -153.118
-0.0554199  -156.079
-0.0551758  -163.03
-0.0549316  -171.5
-0.0546875  -158.471
-0.0544434  -154.211
-0.0541992  -152.325
-0.0539551  -151.902
-0.0537109  -152.794
-0.0534668  -155.329
-0.0532227  -161.07
-0.0529785  -181.559
-0.0527344  -159.834
-0.0524902  -154.819
-0.0522461  -152.584
-0.052002  -151.902
-0.0517578  -152.529
-0.0515137  -154.687
-0.0512695  -159.522
-0.0510254  -178.236
-0.0507812  -161.495
-0.0505371  -155.518
-0.050293  -152.897
-0.0500488  -151.949
-0.0498047  -152.321
-0.0495605  -154.138
-0.0493164  -158.258
-0.0490723  -170.307
-0.0488281  -163.593
-0.048584  -156.325
-0.0483398  -153.268
-0.0480957  -152.044
-0.0478516  -152.164
-0.0476074  -153.669
-0.0473633  -157.202
-0.0471191  -166.225
-0.046875  -166.405
-0.0466309  -157.261
-0.0463867  -153.703
-0.0461426  -152.186
-0.0458984  -152.057
-0.0456543  -153.27
-0.0454102  -156.307
-0.045166  -163.5
-0.0449219  -170.616
-0.0446777  -158.357
-0.0444336  -154.207
-0.0441895  -152.377
-0.0439453  -151.998
-0.0437012  -152.936
-0.043457  -155.542
-0.0432129  -161.472
-0.0429688  -178.863
-0.0427246  -159.657
-0.0424805  -154.79
-0.0422363  -152.62
-0.0419922  -151.985
-0.041748  -152.661
-0.0415039  -154.886
-0.0412598  -159.874
-0.0410156  -180.955
-0.0407715  -161.235
-0.0405273  -155.46
-0.0402832  -152.916
-0.0400391  -152.019
-0.0397949  -152.44
-0.0395508  -154.321
-0.0393066  -158.569
-0.0390625  -171.483
-0.0388184  -163.211
-0.0385742  -156.235
-0.0383301  -153.269
-0.0380859  -152.1
-0.0378418  -152.27
-0.0375977  -153.836
-0.0373535  -157.48
-0.0371094  -166.99
-0.0368652  -165.821
-0.0366211  -157.133
-0.036377  -153.684
-0.0361328  -152.228
-0.0358887  -152.15
-0.0356445  -153.423
-0.0354004  -156.557
-0.0351562  -164.075
-0.0349121  -169.611
-0.034668  -158.182
-0.0344238  -154.166
-0.0341797  -152.404
-0.0339355  -152.078
-0.0336914  -153.074
-0.0334473  -155.767
-0.0332031  -161.935
-0.032959  -176.418
-0.0327148  -159.424
-0.0324707  -154.725
-0.0322266  -152.631
-0.0319824  -152.052
-0.0317383  -152.783
-0.0314941  -155.088
-0.03125  -160.262
-0.0310059  -184.857
-0.0307617  -160.923
-0.0305176  -155.369
-0.0302734  -152.91
-0.0300293  -152.072
-0.0297852  -152.548
-0.029541  -154.502
-0.0292969  -158.902
-0.0290527  -172.964
-0.0288086  -162.787
-0.0285645  -156.113
-0.0283203  -153.245
-0.0280762  -152.139
-0.027832  -152.364
-0.0275879  -153.999
-0.0273438  -157.769
-0.0270996  -167.876
-0.0268555  -165.213
-0.0266113  -156.975
-0.0263672  -153.641
-0.026123  -152.252
-0.0258789  -152.23
-0.0256348  -153.567
-0.0253906  -156.81
-0.0251465  -164.71
-0.0249023  -168.64
-0.0246582  -157.981
-0.0244141  -154.103
-0.0241699  -152.413
-0.0239258  -152.143
-0.0236816  -153.201
-0.0234375  -155.99
-0.0231934  -162.43
-0.0229492  -174.382
-0.0227051  -159.168
-0.0224609  -154.639
-0.0222168  -152.624
-0.0219727  -152.103
-0.0217285  -152.894
-0.0214844  -155.285
-0.0212402  -160.666
-0.0209961  -187.334
-0.020752  -160.595
-0.0205078  -155.258
-0.0202637  -152.886
-0.0200195  -152.109
-0.0197754  -152.643
-0.0195312  -154.676
-0.0192871  -159.241
-0.019043  -174.778
-0.0187988  -162.354
-0.0185547  -155.972
-0.0183105  -153.204
-0.0180664  -152.161
-0.0178223  -152.444
-0.0175781  -154.151
-0.017334  -158.058
-0.0170898  -168.868
-0.0168457  -164.616
-0.0166016  -156.8
-0.0163574  -153.582
-0.0161133  -152.26
-0.0158691  -152.295
-0.015625  -153.7
-0.0153809  -157.06
-0.0151367  -165.391
-0.0148926  -167.735
-0.0146484  -157.765
-0.0144043  -154.024
-0.0141602  -152.406
-0.013916  -152.194
-0.0136719  -153.316
-0.0134277  -156.207
-0.0131836  -162.947
-0.0129395  -172.683
-0.0126953  -158.901
-0.0124512  -154.537
-0.012207  -152.601
-0.0119629  -152.14
-0.0117188  -152.993
-0.0114746  -155.473
-0.0112305  -161.079
-0.0109863  -183.903
-0.0107422  -160.259
-0.010498  -155.131
-0.0102539  -152.847
-0.0100098  -152.131
-0.00976562  -152.725
-0.00952148  -154.84
-0.00927734  -159.581
-0.0090332  -177.044
-0.00878906  -161.923
-0.00854492  -155.818
-0.00830078  -153.148
-0.00805664  -152.169
-0.0078125  -152.511
-0.00756836  -154.292
-0.00732422  -158.344
-0.00708008  -169.98
-0.00683594  -164.039
-0.0065918  -156.613
-0.00634766  -153.507
-0.00610352  -152.252
-0.00585938  -152.347
-0.00561523  -153.821
-0.00537109  -157.303
-0.00512695  -166.119
-0.00488281  -166.898
-0.00463867  -157.538
-0.00439453  -153.929
-0.00415039  -152.384
-0.00390625  -152.231
-0.00366211  -153.418
-0.00341797  -156.415
-0.00317383  -163.483
-0.00292969  -171.236
-0.00268555  -158.625
-0.00244141  -154.421
-0.00219727  -152.563
-0.00195312  -152.161
-0.00170898  -153.077
-0.00146484  -155.651
-0.0012207  -161.498
-0.000976562  -179.989
-0.000732422  -159.921
-0.000488281  -154.991
-0.000244141  -152.793
0  -152.139
0.000244141  -152.793
0.000488281  -154.991
0.000732422  -159.921
0.000976562  -179.989
0.0012207  -161.498
0.00146484  -155.651
0.00170898  -153.077
0.00195312  -152.161
0.00219727  -152.563
0.00244141  -154.421
0.00268555  -158.625
0.00292969  -171.236
0.00317383  -163.483
0.00341797  -156.415
0.00366211  -153.418
0.00390625  -152.231
0.00415039  -152.384
0.00439453  -153.929
0.00463867  -157.538
0.00488281  -166.898
0.00512695  -166.119
0.00537109  -157.303
0.00561523  -153.821
0.00585938  -152.347
0.00610352  -152.252
0.00634766  -153.507
0.0065918  -156.613
0.00683594  -164.039
0.00708008  -169.98
0.00732422  -158.344
0.00756836  -154.292
0.0078125  -152.511
0.00805664  -152.169
0.00830078  -153.148
0.00854492  -155.818
0.00878906  -161.923
0.0090332  -177.044
0.00927734  -159.581
0.00952148  -154.84
0.00976562  -152.725
0.0100098  -152.131
0.0102539  -152.847
0.010498  -155.131
0.0107422  -160.259
0.0109863  -183.903
0.0112305  -161.079
0.0114746  -155.473
0.0117188  -152.993
0.0119629  -152.14
0.012207  -152.601
0.0124512  -154.537
0.0126953  -158.901
0.0129395  -172.683
0.0131836  -162.947
0.0134277  -156.207
0.0136719  -153.316
0.013916  -152.194
0.0141602  -152.406
0.0144043  -154.024
0.0146484  -157.765
0.0148926  -167.735
0.0151367  -165.391
0.0153809  -157.06
0.015625  -153.7
0.0158691  -152.295
0.0161133  -152.26
0.0163574  -153.582
0.0166016  -156.8
0.0168457  -164.616
0.0170898  -168.868
0.017334  -158.058
0.0175781  -154.151
0.0178223  -152.444
0.0180664  -152.161
0.0183105  -153.204
0.0185547  -155.972
0.0187988  -162.354
0.019043  -174.778
0.0192871  -159.241
0.0195312  -154.676
0.0197754  -152.643
0.0200195  -152.109
0.0202637  -152.886
0.0205078  -155.258
0.020752  -160.595
0.0209961  -187.334
0.0212402  -160.666
0.0214844  -155.285
0.0217285  -152.894
0.0219727  -152.103
0.0222168  -152.624
0.0224609  -154.639
0.0227051  -159.168
0.0229492  -174.382
0.0231934  -162.43
0.0234375  -155.99
0.0236816  -153.201
0.0239258  -152.143
0.0241699  -152.413
0.0244141  -154.103
0.0246582  -157.981
0.0249023  -168.64
0.0251465  -164.71
0.0253906  -156.81
0.0256348  -153.567
0.0258789  -152.23
0.026123  -152.252
0.0263672  -153.641
0.0266113  -156.975
0.0268555  -165.213
0.0270996  -167.876
0.0273438  -157.769
0.0275879  -153.999
0.027832  -152.364
0.0280762  -152.139
0.0283203  -153.245
0.0285645  -156.113
0.0288086  -162.787
0.0290527  -172.964
0.0292969  -158.902
0.029541  -154.502
0.0297852  -152.548
0.0300293  -152.072
0.0302734  -152.91
0.0305176  -155.369
0.0307617  -160.923
0.0310059  -184.857
0.03125  -160.262
0.0314941  -155.088
0.0317383  -152.783
0.0319824  -152.052
0.0322266  -152.631
0.0324707  -154.725
0.0327148  -159.424
0.032959  -176.418
0.0332031  -161.936
0.0334473  -155.767
0.0336914  -153.074
0.0339355  -152.078
0.0341797  -152.404
0.0344238  -154.166
0.034668  -158.182
0.0349121  -169.611
0.0351562  -164.075
0.0354004  -156.557
0.0356445  -153.423
0.0358887  -152.15
0.0361328  -152.228
0.036377  -153.684
0.0366211  -157.133
0.0368652  -165.821
0.0371094  -166.99
0.0373535  -157.48
0.0375977  -153.836
0.0378418  -152.27
0.0380859  -152.1
0.0383301  -153.269
0.0385742  -156.235
0.0388184  -163.211
0.0390625  -171.483
0.0393066  -158.569
0.0395508  -154.321
0.0397949  -152.44
0.0400391  -152.019
0.0402832  -152.916
0.0405273  -155.46
0.0407715  -161.235
0.0410156  -180.955
0.0412598  -159.874
0.0415039  -154.886
0.041748  -152.661
0.0419922  -151.985
0.0422363  -152.62
0.0424805  -154.79
0.0427246  -159.657
0.0429688  -178.863
0.0432129  -161.472
0.043457  -155.542
0.0437012  -152.936
0.0439453  -151.998
0.0441895  -152.377
0.0444336  -154.207
0.0446777  -158.357
0.0449219  -170.616
0.045166  -163.5
0.0454102  -156.307
0.0456543  -153.27
0.0458984  -152.057
0.0461426  -152.186
0.0463867  -153.703
0.0466309  -157.261
0.046875  -166.405
0.0471191  -166.225
0.0473633  -157.202
0.0476074  -153.669
0.0478516  -152.164
0.0480957  -152.044
0.0483398  -153.268
0.048584  -156.325
0.0488281  -163.593
0.0490723  -170.307
0.0493164  -158.258
0.0495605  -154.138
0.0498047  -152.321
0.0500488  -151.949
0.050293  -152.897
0.0505371  -155.518
0.0507812  -161.495
0.0510254  -178.236
0.0512695  -159.522
0.0515137  -154.687
0.0517578  -152.529
0.052002  -151.902
0.0522461  -152.584
0.0524902  -154.819
0.0527344  -159.834
0.0529785  -181.559
0.0532227  -161.07
0.0534668  -155.329
0.0537109  -152.794
0.0539551  -151.902
0.0541992  -152.325
0.0544434  -154.211
0.0546875  -158.471
0.0549316  -171.5
0.0551758  -163.03
0.0554199  -156.079
0.0556641  -153.118
0.0559082  -151.95
0.0561523  -152.118
0.0563965  -153.683
0.0566406  -157.325
0.0568848  -166.843
0.0571289  -165.654
0.057373  -156.961
0.0576172  -153.507
0.0578613  -152.046
0.0581055  -151.962
0.0583496  -153.226
0.0585938  -156.346
0.0588379  -163.826
0.059082  -169.542
0.0593262  -158.007
0.0595703  -153.971
0.0598145  -152.195
0.0600586  -151.854
0.0603027  -152.833
0.0605469  -155.501
0.060791  -161.603
0.0610352  -176.885
0.0612793  -159.269
0.0615234  -154.518
0.0617676  -152.397
0.0620117  -151.795
0.0622559  -152.501
0.0625  -154.767
0.0627441  -159.853
0.0629883  -183.184
0.0632324  -160.826
0.0634766  -155.165
0.0637207  -152.659
0.0639648  -151.785
0.064209  -152.223
0.0644531  -154.126
0.0646973  -158.418
0.0649414  -171.687
0.0651855  -162.823
0.0654297  -155.931
0.0656738  -152.986
0.065918  -151.826
0.0661621  -151.999
0.0664062  -153.565
0.0666504  -157.208
0.0668945  -166.727
0.0671387  -165.55
0.0673828  -156.845
0.067627  -153.387
0.0678711  -151.92
0.0681152  -151.826
0.0683594  -153.076
0.0686035  -156.17
0.0688477  -163.553
0.0690918  -169.747
0.0693359  -157.954
0.0695801  -153.874
0.0698242  -152.071
0.0700684  -151.705
0.0703125  -152.652
0.0705566  -155.265
0.0708008  -161.214
0.0710449  -178.614
0.0712891  -159.332
0.0715332  -154.464
0.0717773  -152.285
0.0720215  -151.635
0.0722656  -152.286
0.0725098  -154.469
0.0727539  -159.356
0.072998  -179.122
0.0732422  -161.107
0.0734863  -155.185
0.0737305  -152.573
0.0739746  -151.62
0.0742188  -151.976
0.0744629  -153.762
0.074707  -157.812
0.0749512  -169.458
0.0751953  -163.539
0.0754395  -156.076
0.0756836  -152.947
0.0759277  -151.664
0.0761719  -151.719
0.076416  -153.131
0.0766602  -156.487
0.0769043  -164.797
0.0771484  -167.271
0.0773926  -157.204
0.0776367  -153.43
0.0778809  -151.776
0.078125  -151.516
0.0783691  -152.565
0.0786133  -155.321
0.0788574  -161.647
0.0791016  -174.844
0.0793457  -158.685
0.0795898  -154.055
0.079834  -151.97
0.0800781  -151.373
0.0803223  -152.062
0.0805664  -154.282
0.0808105  -159.233
0.0810547  -180.327
0.0812988  -160.735
0.081543  -154.874
0.0817871  -152.269
0.0820312  -151.304
0.0822754  -151.63
0.0825195  -153.36
0.0827637  -157.278
0.0830078  -168.145
0.083252  -163.826
0.0834961  -155.973
0.0837402  -152.717
0.0839844  -151.344
0.0842285  -151.304
0.0844727  -152.589
0.0847168  -155.71
0.0849609  -163.139
0.0852051  -169.233
0.0854492  -157.469
0.0856934  -153.391
0.0859375  -151.583
0.0861816  -151.203
0.0864258  -152.124
0.0866699  -154.678
0.0869141  -160.414
0.0871582  -183.273
0.0874023  -159.428
0.0876465  -154.436
0.0878906  -152.274
0.0881348  -151.706
0.0883789  -152.506
0.088623  -154.945
0.0888672  -160.392
0.0891113  -193.468
0.0893555  -160.981
0.0895996  -155.946
0.0898438  -154.077
0.0900879  -154.078
0.090332  -155.923
0.0905762  -160.765
0.0908203  -181.009
0.0910645  -161.51
0.0913086  -155.915
0.0915527  -153.456
0.0917969  -152.584
0.092041  -153.023
0.0922852  -155.549
0.0925293  -170.256
0.0927734  -151.016
0.0930176  -140.351
0.0932617  -132.496
0.0935059  -125.786
0.09375  -119.795
0.0939941  -114.351
0.0942383  -109.359
0.0944824  -104.753
0.0947266  -100.484
0.0949707  -96.5118
0.0952148  -92.8035
0.095459  -89.3317
0.0957031  -86.0735
0.0959473  -83.0091
0.0961914  -80.122
0.0964355  -77.3976
0.0966797  -74.8235
0.0969238  -72.3888
0.097168  -70.0838
0.0974121  -67.9002
0.0976562  -65.8304
0.0979004  -63.8675
0.0981445  -62.0055
0.0983887  -60.2387
0.0986328  -58.5622
0.098877  -56.9713
0.0991211  -55.4616
0.0993652  -54.0291
0.0996094  -52.6701
0.0998535  -51.381
0.100098  -50.1585
0.100342  -48.9994
0.100586  -47.9006
0.10083  -46.8592
0.101074  -45.8725
0.101318  -44.9377
0.101562  -44.0521
0.101807  -43.2133
0.102051  -42.4188
0.102295  -41.6662
0.102539  -40.9531
0.102783  -40.2773
0.103027  -39.6367
0.103271  -39.029
0.103516  -38.4523
0.10376  -37.9046
0.104004  -37.3841
0.104248  -36.8888
0.104492  -36.4172
0.104736  -35.9675
0.10498  -35.5383
0.105225  -35.1281
0.105469  -34.7355
0.105713  -34.3593
0.105957  -33.9984
0.106201  -33.6517
0.106445  -33.3181
0.106689  -32.9967
0.106934  -32.6868
0.107178  -32.3875
0.107422  -32.0982
0.107666  -31.8182
0.10791  -31.5469
0.108154  -31.2839
0.108398  -31.0285
0.108643  -30.7805
0.108887  -30.5394
0.109131  -30.3048
0.109375  -30.0763
0.109619  -29.8537
0.109863  -29.6367
0.110107  -29.4249
0.110352  -29.2182
0.110596  -29.0163
0.11084  -28.819
0.111084  -28.6261
0.111328  -28.4374
0.111572  -28.2526
0.111816  -28.0718
0.112061  -27.8946
0.112305  -27.7209
0.112549  -27.5507
0.112793  -27.3837
0.113037  -27.2199
0.113281  -27.0591
0.113525  -26.9012
0.11377  -26.7462
0.114014  -26.5939
0.114258  -26.4442
0.114502  -26.297
0.114746  -26.1523
0.11499  -26.01
0.115234  -25.8699
0.115479  -25.7321
0.115723  -25.5964
0.115967  -25.4628
0.116211  -25.3313
0.116455  -25.2017
0.116699  -25.074
0.116943  -24.9481
0.117188  -24.8241
0.117432  -24.7018
0.117676  -24.5812
0.11792  -24.4622
0.118164  -24.3449
0.118408  -24.2291
0.118652  -24.1149
0.118896  -24.0021
0.119141  -23.8908
0.119385  -23.7808
0.119629  -23.6723
0.119873  -23.5651
0.120117  -23.4592
0.120361  -23.3546
0.120605  -23.2512
0.12085  -23.149
0.121094  -23.0481
0.121338  -22.9483
0.121582  -22.8496
0.121826  -22.752
0.12207  -22.6555
0.122314  -22.5601
0.122559  -22.4657
0.122803  -22.3723
0.123047  -22.2799
0.123291  -22.1885
0.123535  -22.0981
0.123779  -22.0086
0.124023  -21.9199
0.124268  -21.8322
0.124512  -21.7454
0.124756  -21.6594
0.125  -21.5743
0.125244  -21.49
0.125488  -21.4065
0.125732  -21.3238
0.125977  -21.2418
0.126221  -21.1607
0.126465  -21.0803
0.126709  -21.0006
0.126953  -20.9216
0.127197  -20.8434
0.127441  -20.7659
0.127686  -20.689
0.12793  -20.6128
0.128174  -20.5373
0.128418  -20.4625
0.128662  -20.3882
0.128906  -20.3146
0.12915  -20.2417
0.129395  -20.1693
0.129639  -20.0975
0.129883  -20.0263
0.130127  -19.9557
0.130371  -19.8857
0.130615  -19.8162
0.130859  -19.7473
0.131104  -19.6789
0.131348  -19.6111
0.131592  -19.5438
0.131836  -19.477
0.13208  -19.4107
0.132324  -19.3449
0.132568  -19.2796
0.132812  -19.2148
0.133057  -19.1504
0.133301  -19.0866
0.133545  -19.0232
0.133789  -18.9603
0.134033  -18.8978
0.134277  -18.8357
0.134521  -18.7742
0.134766  -18.713
0.13501  -18.6523
0.135254  -18.592
0.135498  -18.5321
0.135742  -18.4726
0.135986  -18.4135
0.13623  -18.3548
0.136475  -18.2965
0.136719  -18.2386
0.136963  -18.1811
0.137207  -18.124
0.137451  -18.0672
0.137695  -18.0108
0.137939  -17.9548
0.138184  -17.8991
0.138428  -17.8438
0.138672  -17.7888
0.138916  -17.7342
0.13916  -17.68
0.139404  -17.626
0.139648  -17.5724
0.139893  -17.5191
0.140137  -17.4662
0.140381  -17.4135
0.140625  -17.3612
0.140869  -17.3092
0.141113  -17.2575
0.141357  -17.2061
0.141602  -17.155
0.141846  -17.1042
0.14209  -17.0538
0.142334  -17.0036
0.142578  -16.9536
0.142822  -16.904
0.143066  -16.8547
0.143311  -16.8056
0.143555  -16.7568
0.143799  -16.7083
0.144043  -16.66
0.144287  -16.6121
0.144531  -16.5643
0.144775  -16.5169
0.14502  -16.4697
0.145264  -16.4227
0.145508  -16.376
0.145752  -16.3296
0.145996  -16.2834
0.14624  -16.2375
0.146484  -16.1917
0.146729  -16.1463
0.146973  -16.101
0.147217  -16.056
0.147461  -16.0113
0.147705  -15.9667
0.147949  -15.9224
0.148193  -15.8783
0.148438  -15.8345
0.148682  -15.7908
0.148926  -15.7474
0.14917  -15.7042
0.149414  -15.6612
0.149658  -15.6184
0.149902  -15.5759
0.150146  -15.5335
0.150391  -15.4913
0.150635  -15.4494
0.150879  -15.4076
0.151123  -15.3661
0.151367  -15.3247
0.151611  -15.2835
0.151855  -15.2426
0.1521  -15.2018
0.152344  -15.1612
0.152588  -15.1208
0.152832  -15.0806
0.153076  -15.0406
0.15332  -15.0008
0.153564  -14.9611
0.153809  -14.9216
0.154053  -14.8823
0.154297  -14.8432
0.154541  -14.8042
0.154785  -14.7655
0.155029  -14.7269
0.155273  -14.6884
0.155518  -14.6502
0.155762  -14.6121
0.156006  -14.5742
0.15625  -14.5364
0.156494  -14.4988
0.156738  -14.4614
0.156982  -14.4241
0.157227  -14.387
0.157471  -14.35
0.157715  -14.3132
0.157959  -14.2766
0.158203  -14.2401
0.158447  -14.2037
0.158691  -14.1676
0.158936  -14.1315
0.15918  -14.0956
0.159424  -14.0599
0.159668  -14.0243
0.159912  -13.9889
0.160156  -13.9535
0.1604  -13.9184
0.160645  -13.8834
0.160889  -13.8485
0.161133  -13.8137
0.161377  -13.7791
0.161621  -13.7447
0.161865  -13.7103
0.162109  -13.6762
0.162354  -13.6421
0.162598  -13.6082
0.162842  -13.5744
0.163086  -13.5407
0.16333  -13.5072
0.163574  -13.4738
0.163818  -13.4405
0.164062  -13.4073
0.164307  -13.3743
0.164551  -13.3414
0.164795  -13.3087
0.165039  -13.276
0.165283  -13.2435
0.165527  -13.2111
0.165771  -13.1788
0.166016  -13.1466
0.16626  -13.1146
0.166504  -13.0826
0.166748  -13.0508
0.166992  -13.0191
0.167236  -12.9875
0.16748  -12.9561
0.167725  -12.9247
0.167969  -12.8935
0.168213  -12.8623
0.168457  -12.8313
0.168701  -12.8004
0.168945  -12.7696
0.169189  -12.7389
0.169434  -12.7083
0.169678  -12.6779
0.169922  -12.6475
0.170166  -12.6172
0.17041  -12.5871
0.170654  -12.557
0.170898  -12.5271
0.171143  -12.4972
0.171387  -12.4675
0.171631  -12.4379
0.171875  -12.4083
0.172119  -12.3789
0.172363  -12.3495
0.172607  -12.3203
0.172852  -12.2911
0.173096  -12.2621
0.17334  -12.2331
0.173584  -12.2043
0.173828  -12.1755
0.174072  -12.1469
0.174316  -12.1183
0.174561  -12.0898
0.174805  -12.0614
0.175049  -12.0331
0.175293  -12.0049
0.175537  -11.9768
0.175781  -11.9488
0.176025  -11.9209
0.17627  -11.8931
0.176514  -11.8653
0.176758  -11.8376
0.177002  -11.8101
0.177246  -11.7826
0.17749  -11.7552
0.177734  -11.7279
0.177979  -11.7006
0.178223  -11.6735
0.178467  -11.6465
0.178711  -11.6195
0.178955  -11.5926
0.179199  -11.5658
0.179443  -11.5391
0.179688  -11.5124
0.179932  -11.4859
0.180176  -11.4594
0.18042  -11.433
0.180664  -11.4067
0.180908  -11.3804
0.181152  -11.3543
0.181396  -11.3282
0.181641  -11.3022
0.181885  -11.2762
0.182129  -11.2504
0.182373  -11.2246
0.182617  -11.1989
0.182861  -11.1733
0.183105  -11.1478
0.18335  -11.1223
0.183594  -11.0969
0.183838  -11.0716
0.184082  -11.0463
0.184326  -11.0212
0.18457  -10.9961
0.184814  -10.971
0.185059  -10.9461
0.185303  -10.9212
0.185547  -10.8964
0.185791  -10.8716
0.186035  -10.8469
0.186279  -10.8223
0.186523  -10.7978
0.186768  -10.7733
0.187012  -10.7489
0.187256  -10.7246
0.1875  -10.7004
0.187744  -10.6762
0.187988  -10.652
0.188232  -10.628
0.188477  -10.604
0.188721  -10.5801
0.188965  -10.5562
0.189209  -10.5324
0.189453  -10.5087
0.189697  -10.485
0.189941  -10.4614
0.190186  -10.4379
0.19043  -10.4144
0.190674  -10.391
0.190918  -10.3676
0.191162  -10.3443
0.191406  -10.3211
0.19165  -10.298
0.191895  -10.2749
0.192139  -10.2518
0.192383  -10.2288
0.192627  -10.2059
0.192871  -10.1831
0.193115  -10.1603
0.193359  -10.1375
0.193604  -10.1149
0.193848  -10.0922
0.194092  -10.0697
0.194336  -10.0472
0.19458  -10.0247
0.194824  -10.0024
0.195068  -9.98003
0.195312  -9.95776
0.195557  -9.93555
0.195801  -9.91339
0.196045  -9.89129
0.196289  -9.86925
0.196533  -9.84726
0.196777  -9.82533
0.197021  -9.80345
0.197266  -9.78162
0.19751  -9.75986
0.197754  -9.73814
0.197998  -9.71648
0.198242  -9.69488
0.198486  -9.67333
0.19873  -9.65183
0.198975  -9.63038
0.199219  -9.60899
0.199463  -9.58765
0.199707  -9.56636
0.199951  -9.54513
0.200195  -9.52394
0.200439  -9.50281
0.200684  -9.48173
0.200928  -9.4607
0.201172  -9.43972
0.201416  -9.41879
0.20166  -9.39791
0.201904  -9.37708
0.202148  -9.35631
0.202393  -9.33558
0.202637  -9.3149
0.202881  -9.29427
0.203125  -9.27369
0.203369  -9.25315
0.203613  -9.23267
0.203857  -9.21223
0.204102  -9.19184
0.204346  -9.1715
0.20459  -9.15121
0.204834  -9.13096
0.205078  -9.11077
0.205322  -9.09061
0.205566  -9.07051
0.205811  -9.05045
0.206055  -9.03044
0.206299  -9.01047
0.206543  -8.99055
0.206787  -8.97067
0.207031  -8.95085
0.207275  -8.93106
0.20752  -8.91132
0.207764  -8.89163
0.208008  -8.87198
0.208252  -8.85237
0.208496  -8.83281
0.20874  -8.81329
0.208984  -8.79382
0.209229  -8.77438
0.209473  -8.755
0.209717  -8.73565
0.209961  -8.71635
0.210205  -8.69709
0.210449  -8.67788
0.210693  -8.65871
0.210938  -8.63958
0.211182  -8.62049
0.211426  -8.60144
0.21167  -8.58243
0.211914  -8.56347
0.212158  -8.54455
0.212402  -8.52567
0.212646  -8.50683
0.212891  -8.48803
0.213135  -8.46927
0.213379  -8.45055
0.213623  -8.43187
0.213867  -8.41323
0.214111  -8.39463
0.214355  -8.37607
0.2146  -8.35755
0.214844  -8.33908
0.215088  -8.32063
0.215332  -8.30223
0.215576  -8.28387
0.21582  -8.26555
0.216064  -8.24726
0.216309  -8.22902
0.216553  -8.21081
0.216797  -8.19264
0.217041  -8.1745
0.217285  -8.15641
0.217529  -8.13835
0.217773  -8.12033
0.218018  -8.10235
0.218262  -8.0844
0.218506  -8.0665
0.21875  -8.04862
0.218994  -8.03079
0.219238  -8.01299
0.219482  -7.99523
0.219727  -7.97751
0.219971  -7.95982
0.220215  -7.94216
0.220459  -7.92455
0.220703  -7.90696
0.220947  -7.88942
0.221191  -7.8719
0.221436  -7.85443
0.22168  -7.83699
0.221924  -7.81958
0.222168  -7.80221
0.222412  -7.78487
0.222656  -7.76757
0.2229  -7.75031
0.223145  -7.73307
0.223389  -7.71587
0.223633  -7.69871
0.223877  -7.68158
0.224121  -7.66448
0.224365  -7.64742
0.224609  -7.63039
0.224854  -7.61339
0.225098  -7.59642
0.225342  -7.57949
0.225586  -7.5626
0.22583  -7.54573
0.226074  -7.5289
0.226318  -7.5121
0.226562  -7.49533
0.226807  -7.4786
0.227051  -7.46189
0.227295  -7.44522
0.227539  -7.42858
0.227783  -7.41198
0.228027  -7.3954
0.228271  -7.37886
0.228516  -7.36235
0.22876  -7.34586
0.229004  -7.32941
0.229248  -7.313
0.229492  -7.29661
0.229736  -7.28025
0.22998  -7.26392
0.230225  -7.24763
0.230469  -7.23136
0.230713  -7.21513
0.230957  -7.19893
0.231201  -7.18275
0.231445  -7.16661
0.231689  -7.15049
0.231934  -7.13441
0.232178  -7.11835
0.232422  -7.10233
0.232666  -7.08633
0.23291  -7.07037
0.233154  -7.05443
0.233398  -7.03852
0.233643  -7.02264
0.233887  -7.00679
0.234131  -6.99097
0.234375  -6.97518
0.234619  -6.95942
0.234863  -6.94368
0.235107  -6.92798
0.235352  -6.9123
0.235596  -6.89665
0.23584  -6.88103
0.236084  -6.86544
0.236328  -6.84987
0.236572  -6.83433
0.236816  -6.81882
0.237061  -6.80334
0.237305  -6.78789
0.237549  -6.77246
0.237793  -6.75706
0.238037  -6.74169
0.238281  -6.72634
0.238525  -6.71102
0.23877  -6.69573
0.239014  -6.68047
0.239258  -6.66523
0.239502  -6.65002
0.239746  -6.63483
0.23999  -6.61968
0.240234  -6.60454
0.240479  -6.58944
0.240723  -6.57436
0.240967  -6.55931
0.241211  -6.54428
0.241455  -6.52928
0.241699  -6.5143
0.241943  -6.49935
0.242188  -6.48443
0.242432  -6.46953
0.242676  -6.45466
0.24292  -6.43981
0.243164  -6.42499
0.243408  -6.4102
0.243652  -6.39542
0.243896  -6.38068
0.244141  -6.36596
0.244385  -6.35126
0.244629  -6.33659
0.244873  -6.32194
0.245117  -6.30732
0.245361  -6.29272
0.245605  -6.27815
0.24585  -6.2636
0.246094  -6.24907
0.246338  -6.23457
0.246582  -6.2201
0.246826  -6.20565
0.24707  -6.19122
0.247314  -6.17682
0.247559  -6.16244
0.247803  -6.14808
0.248047  -6.13375
0.248291  -6.11944
0.248535  -6.10515
0.248779  -6.09089
0.249023  -6.07665
0.249268  -6.06244
0.249512  -6.04824
0.249756  -6.03407
0.25  -6.01993
0.250244  -6.00581
0.250488  -5.99171
0.250732  -5.97763
0.250977  -5.96357
0.251221  -5.94954
0.251465  -5.93553
0.251709  -5.92155
0.251953  -5.90758
0.252197  -5.89364
0.252441  -5.87972
0.252686  -5.86583
0.25293  -5.85195
0.253174  -5.8381
0.253418  -5.82427
0.253662  -5.81046
0.253906  -5.79667
0.25415  -5.78291
0.254395  -5.76916
0.254639  -5.75544
0.254883  -5.74174
0.255127  -5.72807
0.255371  -5.71441
0.255615  -5.70078
0.255859  -5.68716
0.256104  -5.67357
0.256348  -5.66
0.256592  -5.64645
0.256836  -5.63292
0.25708  -5.61941
0.257324  -5.60592
0.257568  -5.59246
0.257812  -5.57901
0.258057  -5.56559
0.258301  -5.55218
0.258545  -5.5388
0.258789  -5.52544
0.259033  -5.5121
0.259277  -5.49878
0.259521  -5.48548
0.259766  -5.47219
0.26001  -5.45893
0.260254  -5.44569
0.260498  -5.43247
0.260742  -5.41927
0.260986  -5.40609
0.26123  -5.39293
0.261475  -5.37979
0.261719  -5.36667
0.261963  -5.35357
0.262207  -5.34049
0.262451  -5.32743
0.262695  -5.31439
0.262939  -5.30137
0.263184  -5.28837
0.263428  -5.27538
0.263672  -5.26242
0.263916  -5.24947
0.26416  -5.23655
0.264404  -5.22364
0.264648  -5.21076
0.264893  -5.19789
0.265137  -5.18504
0.265381  -5.17221
0.265625  -5.1594
0.265869  -5.14661
0.266113  -5.13383
0.266357  -5.12108
0.266602  -5.10835
0.266846  -5.09563
0.26709  -5.08293
0.267334  -5.07025
0.267578  -5.05759
0.267822  -5.04495
0.268066  -5.03232
0.268311  -5.01972
0.268555  -5.00713
0.268799  -4.99456
0.269043  -4.98201
0.269287  -4.96947
0.269531  -4.95696
0.269775  -4.94446
0.27002  -4.93198
0.270264  -4.91952
0.270508  -4.90708
0.270752  -4.89465
0.270996  -4.88224
0.27124  -4.86985
0.271484  -4.85748
0.271729  -4.84513
0.271973  -4.83279
0.272217  -4.82047
0.272461  -4.80817
0.272705  -4.79588
0.272949  -4.78361
0.273193  -4.77136
0.273438  -4.75913
0.273682  -4.74691
0.273926  -4.73471
0.27417  -4.72253
0.274414  -4.71037
0.274658  -4.69822
0.274902  -4.68609
0.275146  -4.67398
0.275391  -4.66188
0.275635  -4.6498
0.275879  -4.63774
0.276123  -4.62569
0.276367  -4.61366
0.276611  -4.60165
0.276855  -4.58965
0.2771  -4.57767
0.277344  -4.5657
0.277588  -4.55376
0.277832  -4.54183
0.278076  -4.52991
0.27832  -4.51801
0.278564  -4.50613
0.278809  -4.49427
0.279053  -4.48242
0.279297  -4.47058
0.279541  -4.45877
0.279785  -4.44697
0.280029  -4.43518
0.280273  -4.42341
0.280518  -4.41166
0.280762  -4.39992
0.281006  -4.3882
0.28125  -4.37649
0.281494  -4.3648
0.281738  -4.35313
0.281982  -4.34147
0.282227  -4.32983
0.282471  -4.3182
0.282715  -4.30659
0.282959  -4.29499
0.283203  -4.28341
0.283447  -4.27185
0.283691  -4.2603
0.283936  -4.24876
0.28418  -4.23724
0.284424  -4.22574
0.284668  -4.21425
0.284912  -4.20278
0.285156  -4.19132
0.2854  -4.17987
0.285645  -4.16844
0.285889  -4.15703
0.286133  -4.14563
0.286377  -4.13425
0.286621  -4.12288
0.286865  -4.11153
0.287109  -4.10019
0.287354  -4.08886
0.287598  -4.07756
0.287842  -4.06626
0.288086  -4.05498
0.28833  -4.04371
0.288574  -4.03246
0.288818  -4.02123
0.289062  -4.01001
0.289307  -3.9988
0.289551  -3.9876
0.289795  -3.97643
0.290039  -3.96526
0.290283  -3.95411
0.290527  -3.94298
0.290771  -3.93186
0.291016  -3.92075
0.29126  -3.90966
0.291504  -3.89858
0.291748  -3.88751
0.291992  -3.87646
0.292236  -3.86543
0.29248  -3.8544
0.292725  -3.8434
0.292969  -3.8324
0.293213  -3.82142
0.293457  -3.81045
0.293701  -3.7995
0.293945  -3.78856
0.294189  -3.77764
0.294434  -3.76672
0.294678  -3.75583
0.294922  -3.74494
0.295166  -3.73407
0.29541  -3.72322
0.295654  -3.71237
0.295898  -3.70154
0.296143  -3.69073
0.296387  -3.67992
0.296631  -3.66913
0.296875  -3.65836
0.297119  -3.64759
0.297363  -3.63684
0.297607  -3.62611
0.297852  -3.61538
0.298096  -3.60467
0.29834  -3.59398
0.298584  -3.58329
0.298828  -3.57262
0.299072  -3.56197
0.299316  -3.55132
0.299561  -3.54069
0.299805  -3.53007
0.300049  -3.51947
0.300293  -3.50888
0.300537  -3.4983
0.300781  -3.48773
0.301025  -3.47718
0.30127  -3.46664
0.301514  -3.45611
0.301758  -3.44559
0.302002  -3.43509
0.302246  -3.4246
0.30249  -3.41412
0.302734  -3.40366
0.302979  -3.39321
0.303223  -3.38277
0.303467  -3.37234
0.303711  -3.36193
0.303955  -3.35152
0.304199  -3.34113
0.304443  -3.33076
0.304688  -3.32039
0.304932  -3.31004
0.305176  -3.2997
0.30542  -3.28937
0.305664  -3.27906
0.305908  -3.26875
0.306152  -3.25846
0.306396  -3.24818
0.306641  -3.23792
0.306885  -3.22766
0.307129  -3.21742
0.307373  -3.20719
0.307617  -3.19697
0.307861  -3.18676
0.308105  -3.17657
0.30835  -3.16639
0.308594  -3.15622
0.308838  -3.14606
0.309082  -3.13591
0.309326  -3.12578
0.30957  -3.11565
0.309814  -3.10554
0.310059  -3.09544
0.310303  -3.08535
0.310547  -3.07528
0.310791  -3.06521
0.311035  -3.05516
0.311279  -3.04512
0.311523  -3.03509
0.311768  -3.02507
0.312012  -3.01507
0.312256  -3.00507
0.3125  -2.99509
0.312744  -2.98511
0.312988  -2.97515
0.313232  -2.9652
0.313477  -2.95527
0.313721  -2.94534
0.313965  -2.93542
0.314209  -2.92552
0.314453  -2.91563
0.314697  -2.90575
0.314941  -2.89588
0.315186  -2.88602
0.31543  -2.87617
0.315674  -2.86634
0.315918  -2.85651
0.316162  -2.8467
0.316406  -2.83689
0.31665  -2.8271
0.316895  -2.81732
0.317139  -2.80755
0.317383  -2.79779
0.317627  -2.78804
0.317871  -2.7783
0.318115  -2.76858
0.318359  -2.75886
0.318604  -2.74916
0.318848  -2.73946
0.319092  -2.72978
0.319336  -2.72011
0.31958  -2.71045
0.319824  -2.7008
0.320068  -2.69116
0.320312  -2.68153
0.320557  -2.67191
0.320801  -2.6623
0.321045  -2.6527
0.321289  -2.64311
0.321533  -2.63354
0.321777  -2.62397
0.322021  -2.61442
0.322266  -2.60487
0.32251  -2.59534
0.322754  -2.58581
0.322998  -2.5763
0.323242  -2.5668
0.323486  -2.55731
0.32373  -2.54783
0.323975  -2.53835
0.324219  -2.52889
0.324463  -2.51944
0.324707  -2.51
0.324951  -2.50057
0.325195  -2.49115
0.325439  -2.48174
0.325684  -2.47234
0.325928  -2.46295
0.326172  -2.45357
0.326416  -2.4442
0.32666  -2.43484
0.326904  -2.42549
0.327148  -2.41615
0.327393  -2.40682
0.327637  -2.3975
0.327881  -2.38819
0.328125  -2.37889
0.328369  -2.3696
0.328613  -2.36032
0.328857  -2.35105
0.329102  -2.34179
0.329346  -2.33254
0.32959  -2.3233
0.329834  -2.31407
0.330078  -2.30485
0.330322  -2.29564
0.330566  -2.28644
0.330811  -2.27725
0.331055  -2.26807
0.331299  -2.2589
0.331543  -2.24973
0.331787  -2.24058
0.332031  -2.23144
0.332275  -2.22231
0.33252  -2.21318
0.332764  -2.20407
0.333008  -2.19496
0.333252  -2.18587
0.333496  -2.17678
0.33374  -2.16771
0.333984  -2.15864
0.334229  -2.14958
0.334473  -2.14054
0.334717  -2.1315
0.334961  -2.12247
0.335205  -2.11345
0.335449  -2.10444
0.335693  -2.09544
0.335938  -2.08645
0.336182  -2.07747
0.336426  -2.06849
0.33667  -2.05953
0.336914  -2.05057
0.337158  -2.04163
0.337402  -2.03269
0.337646  -2.02377
0.337891  -2.01485
0.338135  -2.00594
0.338379  -1.99704
0.338623  -1.98815
0.338867  -1.97927
0.339111  -1.9704
0.339355  -1.96154
0.3396  -1.95268
0.339844  -1.94384
0.340088  -1.935
0.340332  -1.92617
0.340576  -1.91736
0.34082  -1.90855
0.341064  -1.89975
0.341309  -1.89096
0.341553  -1.88217
0.341797  -1.8734
0.342041  -1.86463
0.342285  -1.85588
0.342529  -1.84713
0.342773  -1.83839
0.343018  -1.82967
0.343262  -1.82095
0.343506  -1.81223
0.34375  -1.80353
0.343994  -1.79484
0.344238  -1.78615
0.344482  -1.77747
0.344727  -1.7688
0.344971  -1.76014
0.345215  -1.75149
0.345459  -1.74285
0.345703  -1.73422
0.345947  -1.72559
0.346191  -1.71697
0.346436  -1.70837
0.34668  -1.69977
0.346924  -1.69118
0.347168  -1.68259
0.347412  -1.67402
0.347656  -1.66545
0.3479  -1.6569
0.348145  -1.64835
0.348389  -1.63981
0.348633  -1.63127
0.348877  -1.62275
0.349121  -1.61424
0.349365  -1.60573
0.349609  -1.59723
0.349854  -1.58874
0.350098  -1.58026
0.350342  -1.57178
0.350586  -1.56332
0.35083  -1.55486
0.351074  -1.54641
0.351318  -1.53797
0.351562  -1.52954
0.351807  -1.52111
0.352051  -1.5127
0.352295  -1.50429
0.352539  -1.49589
0.352783  -1.4875
0.353027  -1.47911
0.353271  -1.47074
0.353516  -1.46237
0.35376  -1.45401
0.354004  -1.44566
0.354248  -1.43731
0.354492  -1.42898
0.354736  -1.42065
0.35498  -1.41233
0.355225  -1.40402
0.355469  -1.39572
0.355713  -1.38742
0.355957  -1.37913
0.356201  -1.37085
0.356445  -1.36258
0.356689  -1.35432
0.356934  -1.34606
0.357178  -1.33781
0.357422  -1.32957
0.357666  -1.32134
0.35791  -1.31311
0.358154  -1.3049
0.358398  -1.29669
0.358643  -1.28848
0.358887  -1.28029
0.359131  -1.2721
0.359375  -1.26392
0.359619  -1.25575
0.359863  -1.24759
0.360107  -1.23943
0.360352  -1.23129
0.360596  -1.22315
0.36084  -1.21501
0.361084  -1.20689
0.361328  -1.19877
0.361572  -1.19066
0.361816  -1.18256
0.362061  -1.17447
0.362305  -1.16638
0.362549  -1.1583
0.362793  -1.15023
0.363037  -1.14216
0.363281  -1.1341
0.363525  -1.12605
0.36377  -1.11801
0.364014  -1.10997
0.364258  -1.10195
0.364502  -1.09393
0.364746  -1.08592
0.36499  -1.07791
0.365234  -1.06991
0.365479  -1.06192
0.365723  -1.05394
0.365967  -1.04597
0.366211  -1.038
0.366455  -1.03004
0.366699  -1.02208
0.366943  -1.01413
0.367188  -1.00619
0.367432  -0.99826
0.367676  -0.990334
0.36792  -0.982416
0.368164  -0.974506
0.368408  -0.966603
0.368652  -0.958707
0.368896  -0.950819
0.369141  -0.942939
0.369385  -0.935065
0.369629  -0.927199
0.369873  -0.919339
0.370117  -0.911486
0.370361  -0.90364
0.370605  -0.8958
0.37085  -0.887966
0.371094  -0.88014
0.371338  -0.87232
0.371582  -0.864508
0.371826  -0.856703
0.37207  -0.848906
0.372314  -0.841116
0.372559  -0.833334
0.372803  -0.82556
0.373047  -0.817793
0.373291  -0.810033
0.373535  -0.80228
0.373779  -0.794533
0.374023  -0.786793
0.374268  -0.779058
0.374512  -0.771329
0.374756  -0.763607
0.375  -0.75589
0.375244  -0.748181
0.375488  -0.740478
0.375732  -0.732783
0.375977  -0.725095
0.376221  -0.717416
0.376465  -0.709744
0.376709  -0.702081
0.376953  -0.694424
0.377197  -0.686775
0.377441  -0.679133
0.377686  -0.671496
0.37793  -0.663865
0.378174  -0.65624
0.378418  -0.648619
0.378662  -0.641004
0.378906  -0.633394
0.37915  -0.625791
0.379395  -0.618194
0.379639  -0.610604
0.379883  -0.603023
0.380127  -0.59545
0.380371  -0.587886
0.380615  -0.58033
0.380859  -0.572782
0.381104  -0.565242
0.381348  -0.557708
0.381592  -0.550179
0.381836  -0.542656
0.38208  -0.535137
0.382324  -0.527622
0.382568  -0.52011
0.382812  -0.512604
0.383057  -0.505102
0.383301  -0.497607
0.383545  -0.490119
0.383789  -0.48264
0.384033  -0.47517
0.384277  -0.46771
0.384521  -0.460259
0.384766  -0.452817
0.38501  -0.445382
0.385254  -0.437955
0.385498  -0.430533
0.385742  -0.423115
0.385986  -0.4157
0.38623  -0.408288
0.386475  -0.400879
0.386719  -0.393473
0.386963  -0.386072
0.387207  -0.378677
0.387451  -0.37129
0.387695  -0.363911
0.387939  -0.356542
0.388184  -0.349181
0.388428  -0.341829
0.388672  -0.334485
0.388916  -0.327147
0.38916  -0.319815
0.389404  -0.312487
0.389648  -0.305163
0.389893  -0.297846
0.390137  -0.290535
0.390381  -0.283232
0.390625  -0.275938
0.390869  -0.268654
0.391113  -0.261377
0.391357  -0.254104
0.391602  -0.246832
0.391846  -0.23956
0.39209  -0.232296
0.392334  -0.225064
0.392578  -0.217913
0.392822  -0.210938
0.393066  -0.204291
0.393311  -0.198208
0.393555  -0.193031
0.393799  -0.189233
0.394043  -0.187448
0.394287  -0.188491
0.394531  -0.193381
0.394775  -0.203361
0.39502  -0.219908
0.395264  -0.244735
0.395508  -0.279794
0.395752  -0.327259
0.395996  -0.389519
0.39624  -0.469147
0.396484  -0.568878
0.396729  -0.691581
0.396973  -0.840231
0.397217  -1.01788
0.397461  -1.22761
0.397705  -1.47256
0.397949  -1.75585
0.398193  -2.08061
0.398438  -2.44993
0.398682  -2.86689
0.398926  -3.33453
0.39917  -3.8559
0.399414  -4.434
0.399658  -5.07185
0.399902  -5.77247
0.400146  -6.53892
0.400391  -7.37429
0.400635  -8.28176
0.400879  -9.26463
0.401123  -10.3263
0.401367  -11.4704
0.401611  -12.7006
0.401855  -14.0211
0.4021  -15.4362
0.402344  -16.9506
0.402588  -18.5695
0.402832  -20.2986
0.403076  -22.1442
0.40332  -24.1136
0.403564  -26.2146
0.403809  -28.4564
0.404053  -30.8495
0.404297  -33.4063
0.404541  -36.1409
0.404785  -39.0706
0.405029  -42.2157
0.405273  -45.6014
0.405518  -49.259
0.405762  -53.2279
0.406006  -57.5597
0.40625  -62.3228
0.406494  -67.6111
0.406738  -73.5569
0.406982  -80.3492
0.407227  -88.2408
0.407471  -97.3932
0.407715  -106.591
0.407959  -110.672
0.408203  -109.719
0.408447  -109.081
0.408691  -110.236
0.408936  -113.501
0.40918  -119.894
0.409424  -139.366
0.409668  -127.041
0.409912  -123.742
0.410156  -123.897
0.4104  -124.756
0.410645  -124.257
0.410889  -121.767
0.411133  -118.556
0.411377  -115.768
0.411621  -113.827
0.411865  -112.861
0.412109  -112.972
0.412354  -114.419
0.412598  -118.008
0.412842  -128.075
0.413086  -124.986
0.41333  -116.661
0.413574  -113.232
0.413818  -111.752
0.414062  -111.63
0.414307  -112.816
0.414551  -115.725
0.414795  -122.251
0.415039  -135.214
0.415283  -119.504
0.415527  -115.102
0.415771  -113.247
0.416016  -112.895
0.41626  -113.853
0.416504  -116.382
0.416748  -121.767
0.416992  -148.351
0.417236  -123.08
0.41748  -117.735
0.417725  -115.523
0.417969  -114.944
0.418213  -115.685
0.418457  -117.91
0.418701  -122.58
0.418945  -136.961
0.419189  -127.114
0.419434  -120.697
0.419678  -118.119
0.419922  -117.313
0.420166  -117.849
0.42041  -119.808
0.420654  -123.941
0.420898  -134.716
0.421143  -131.591
0.421387  -123.848
0.421631  -120.884
0.421875  -119.851
0.422119  -120.191
0.422363  -121.915
0.422607  -125.618
0.422852  -134.421
0.423096  -136.642
0.42334  -127.142
0.423584  -123.768
0.423828  -122.51
0.424072  -122.668
0.424316  -124.184
0.424561  -127.535
0.424805  -135.062
0.425049  -142.573
0.425293  -130.571
0.425537  -126.764
0.425781  -125.29
0.426025  -125.283
0.42627  -126.621
0.426514  -129.689
0.426758  -136.341
0.427002  -150.065
0.427246  -134.137
0.42749  -129.89
0.427734  -128.218
0.427979  -128.072
0.428223  -129.27
0.428467  -132.128
0.428711  -138.189
0.428955  -160.946
0.429199  -137.826
0.429443  -133.174
0.429688  -131.345
0.429932  -131.103
0.430176  -132.216
0.43042  -134.953
0.430664  -140.682
0.430908  -167.576
0.431152  -141.568
0.431396  -136.649
0.431641  -134.746
0.431885  -134.484
0.432129  -135.599
0.432373  -138.344
0.432617  -144.04
0.432861  -162.458
0.433105  -145.169
0.43335  -140.339
0.433594  -138.528
0.433838  -138.377
0.434082  -139.633
0.434326  -142.563
0.43457  -148.443
0.434814  -157.357
0.435059  -148.212
0.435303  -144.225
0.435547  -142.792
0.435791  -142.913
0.436035  -144.351
0.436279  -147.149
0.436523  -151.031
0.436768  -152.459
0.437012  -150.073
0.437256  -148.168
0.4375  -147.334
0.437744  -147.173
0.437988  -147.266
0.438232  -147.407
0.438477  -147.752
0.438721  -148.654
0.438965  -150.322
0.439209  -151.821
0.439453  -150.462
0.439697  -147.521
0.439941  -145.296
0.440186  -144.2
0.44043  -144.285
0.440674  -145.76
0.440918  -149.252
0.441162  -154.725
0.441406  -150.483
0.44165  -145.431
0.441895  -142.738
0.442139  -141.614
0.442383  -141.817
0.442627  -143.513
0.442871  -147.565
0.443115  -156.446
0.443359  -149.611
0.443604  -143.757
0.443848  -140.954
0.444092  -139.824
0.444336  -140.036
0.44458  -141.729
0.444824  -145.766
0.445068  -156.262
0.445312  -149.262
0.445557  -142.747
0.445801  -139.782
0.446045  -138.57
0.446289  -138.708
0.446533  -140.288
0.446777  -144.077
0.447021  -154.148
0.447266  -149.632
0.44751  -142.246
0.447754  -139.036
0.447998  -137.684
0.448242  -137.696
0.448486  -139.109
0.44873  -142.567
0.448975  -151.383
0.449219  -150.769
0.449463  -142.136
0.449707  -138.597
0.449951  -137.061
0.450195  -136.916
0.450439  -138.136
0.450684  -141.244
0.450928  -148.788
0.451172  -152.862
0.451416  -142.348
0.45166  -138.396
0.451904  -136.64
0.452148  -136.315
0.452393  -137.329
0.452637  -140.094
0.452881  -146.551
0.453125  -156.455
0.453369  -142.853
0.453613  -138.387
0.453857  -136.379
0.454102  -135.858
0.454346  -136.661
0.45459  -139.097
0.454834  -144.656
0.455078  -162.37
0.455322  -143.654
0.455566  -138.547
0.455811  -136.251
0.456055  -135.521
0.456299  -136.108
0.456543  -138.235
0.456787  -143.048
0.457031  -160.392
0.457275  -144.784
0.45752  -138.862
0.457764  -136.239
0.458008  -135.286
0.458252  -135.657
0.458496  -137.49
0.45874  -141.676
0.458984  -154.129
0.459229  -146.325
0.459473  -139.326
0.459717  -136.332
0.459961  -135.14
0.460205  -135.292
0.460449  -136.848
0.460693  -140.498
0.460938  -150.072
0.461182  -148.444
0.461426  -139.945
0.46167  -136.522
0.461914  -135.076
0.462158  -135.007
0.462402  -136.298
0.462646  -139.481
0.462891  -147.203
0.463135  -151.512
0.463379  -140.733
0.463623  -136.807
0.463867  -135.086
0.464111  -134.792
0.464355  -135.829
0.4646  -138.6
0.464844  -145.013
0.465088  -156.54
0.465332  -141.714
0.465576  -137.186
0.46582  -135.166
0.466064  -134.642
0.466309  -135.434
0.466553  -137.835
0.466797  -143.263
0.467041  -165.541
0.467285  -142.931
0.467529  -137.663
0.467773  -135.315
0.468018  -134.553
0.468262  -135.106
0.468506  -137.171
0.46875  -141.82
0.468994  -158.009
0.469238  -144.458
0.469482  -138.245
0.469727  -135.531
0.469971  -134.522
0.470215  -134.84
0.470459  -136.595
0.470703  -140.607
0.470947  -151.995
0.471191  -146.422
0.471436  -138.943
0.47168  -135.815
0.471924  -134.547
0.472168  -134.631
0.472412  -136.098
0.472656  -139.574
0.4729  -148.374
0.473145  -149.08
0.473389  -139.774
0.473633  -136.17
0.473877  -134.626
0.474121  -134.476
0.474365  -135.671
0.474609  -138.686
0.474854  -145.819
0.475098  -153.04
0.475342  -140.764
0.475586  -136.598
0.47583  -134.759
0.476074  -134.373
0.476318  -135.309
0.476562  -137.917
0.476807  -143.863
0.477051  -160.331
0.477295  -141.951
0.477539  -137.107
0.477783  -134.947
0.478027  -134.32
0.478271  -135.006
0.478516  -137.251
0.47876  -142.293
0.479004  -163.521
0.479248  -143.396
0.479492  -137.705
0.479736  -135.19
0.47998  -134.315
0.480225  -134.757
0.480469  -136.672
0.480713  -140.996
0.480957  -154.417
0.481201  -145.2
0.481445  -138.402
0.481689  -135.491
0.481934  -134.358
0.482178  -134.561
0.482422  -136.171
0.482666  -139.902
0.48291  -149.814
0.483154  -147.553
0.483398  -139.216
0.483643  -135.854
0.483887  -134.448
0.484131  -134.414
0.484375  -135.74
0.484619  -138.968
0.484863  -146.818
0.485107  -150.858
0.485352  -140.17
0.485596  -136.282
0.48584  -134.587
0.486084  -134.314
0.486328  -135.372
0.486572  -138.164
0.486816  -144.616
0.487061  -156.272
0.487305  -141.297
0.487549  -136.783
0.487793  -134.775
0.488037  -134.261
0.488281  -135.061
0.488525  -137.468
0.48877  -142.892
0.489014  -167.27
0.489258  -142.648
0.489502  -137.363
0.489746  -135.014
0.48999  -134.252
0.490234  -134.804
0.490479  -136.863
0.490723  -141.488
0.490967  -157.537
0.491211  -144.306
0.491455  -138.035
0.491699  -135.306
0.491943  -134.289
0.492188  -134.598
0.492432  -136.34
0.492676  -140.317
0.49292  -151.504
0.493164  -146.413
0.493408  -138.813
0.493652  -135.655
0.493896  -134.37
0.494141  -134.44
0.494385  -135.887
0.494629  -139.323
0.494873  -147.953
0.495117  -149.259
0.495361  -139.717
0.495605  -136.066
0.49585  -134.498
0.496094  -134.328
0.496338  -135.499
0.496582  -138.471
0.496826  -145.462
0.49707  -153.558
0.497314  -140.777
0.497559  -136.544
0.497803  -134.672
0.498047  -134.262
0.498291  -135.17
0.498535  -137.735
0.498779  -143.56
0.499023  -161.932
0.499268  -142.036
0.499512  -137.097
0.499756  -134.895
