-0.5  0.391841
-0.499756  -3.48723e-12
-0.499512  -0.391841
-0.499268  -0.7868
-0.499023  -1.19595
-0.498779  -2.04622
-0.498535  1.27687
-0.498291  0.860589
-0.498047  0.464399
-0.497803  0.0722768
-0.497559  -0.319388
-0.497314  -0.71341
-0.49707  -1.11783
-0.496826  -1.64884
-0.496582  1.36272
-0.496338  0.934901
-0.496094  0.537084
-0.49585  0.144561
-0.495605  -0.247025
-0.495361  -0.640336
-0.495117  -1.04147
-0.494873  -1.50463
-0.494629  1.4585
-0.494385  1.00993
-0.494141  0.609924
-0.493896  0.21686
-0.493652  -0.17474
-0.493408  -0.567518
-0.493164  -0.966285
-0.49292  -1.4018
-0.492676  1.57935
-0.492432  1.08596
-0.492188  0.682961
-0.491943  0.289182
-0.491699  -0.102524
-0.491455  -0.494916
-0.491211  -0.89194
-0.490967  -1.31303
-0.490723  1.80101
-0.490479  1.16348
-0.490234  0.756249
-0.48999  0.36154
-0.489746  -0.030371
-0.489502  -0.422501
-0.489258  -0.818224
-0.489014  -1.23075
-0.48877  -2.91524
-0.488525  1.24334
-0.488281  0.829869
-0.488037  0.433949
-0.487793  0.0417246
-0.487549  -0.350255
-0.487305  -0.745
-0.487061  -1.15199
-0.486816  -1.76004
-0.486572  1.32718
-0.486328  0.903937
-0.486084  0.506427
-0.48584  0.113767
-0.485596  -0.278164
-0.485352  -0.67218
-0.485107  -1.07541
-0.484863  -1.56415
-0.484619  1.41855
-0.484375  0.978626
-0.484131  0.579002
-0.483887  0.185762
-0.483643  -0.206222
-0.483398  -0.599706
-0.483154  -1.00027
-0.48291  -1.44878
-0.482666  1.52687
-0.482422  1.0542
-0.482178  0.651712
-0.481934  0.257712
-0.481689  -0.134426
-0.481445  -0.527539
-0.481201  -0.926175
-0.480957  -1.35541
-0.480713  1.68749
-0.480469  1.1311
-0.480225  0.724609
-0.47998  0.329626
-0.479736  -0.0627757
-0.479492  -0.455659
-0.479248  -0.852883
-0.479004  -1.2712
-0.47876  2.20518
-0.478516  1.21004
-0.478271  0.797769
-0.478027  0.401511
-0.477783  0.00872452
-0.477539  -0.384057
-0.477295  -0.780246
-0.477051  -1.19176
-0.476807  -2.00921
-0.476562  1.29237
-0.476318  0.871302
-0.476074  0.473379
-0.47583  0.0800683
-0.475586  -0.312731
-0.475342  -0.708178
-0.475098  -1.11518
-0.474854  -1.65563
-0.474609  1.38082
-0.474365  0.945375
-0.474121  0.545251
-0.473877  0.151246
-0.473633  -0.241693
-0.473389  -0.636631
-0.473145  -1.04052
-0.4729  -1.51359
-0.472656  1.48182
-0.472412  1.02024
-0.472168  0.617153
-0.471924  0.222247
-0.47168  -0.17096
-0.471436  -0.565589
-0.471191  -0.9673
-0.470947  -1.4118
-0.470703  1.61479
-0.470459  1.09632
-0.470215  0.68913
-0.469971  0.293056
-0.469727  -0.10056
-0.469482  -0.495058
-0.469238  -0.895237
-0.468994  -1.32462
-0.46875  1.87429
-0.468506  1.17428
-0.468262  0.761246
-0.468018  0.363657
-0.467773  -0.0305325
-0.467529  -0.42507
-0.467285  -0.8242
-0.467041  -1.24459
-0.466797  -2.95751
-0.466553  1.25533
-0.466309  0.833606
-0.466064  0.434032
-0.46582  0.0390719
-0.465576  -0.355679
-0.465332  -0.754144
-0.465088  -1.16883
-0.464844  -1.85003
-0.4646  1.34177
-0.464355  0.906369
-0.464111  0.504161
-0.463867  0.108185
-0.463623  -0.286966
-0.463379  -0.685096
-0.463135  -1.09607
-0.462891  -1.62811
-0.462646  1.43851
-0.462402  0.979796
-0.462158  0.574028
-0.461914  0.17672
-0.46167  -0.219049
-0.461426  -0.617148
-0.461182  -1.02572
-0.460938  -1.50645
-0.460693  1.55775
-0.460449  1.05431
-0.460205  0.64362
-0.459961  0.244559
-0.459717  -0.152087
-0.459473  -0.550465
-0.459229  -0.957606
-0.458984  -1.41402
-0.45874  1.73888
-0.458496  1.13065
-0.458252  0.712936
-0.458008  0.311549
-0.457764  -0.0863085
-0.45752  -0.485307
-0.457275  -0.891805
-0.457031  -1.33505
-0.456787  2.18376
-0.456543  1.21007
-0.456299  0.782003
-0.456055  0.377481
-0.455811  -0.0220304
-0.455566  -0.422061
-0.455322  -0.828651
-0.455078  -1.26456
-0.454834  -2.64877
-0.45459  1.29493
-0.454346  0.850901
-0.454102  0.442068
-0.453857  0.0402862
-0.453613  -0.361313
-0.453369  -0.768778
-0.453125  -1.20104
-0.452881  -1.9782
-0.452637  1.38976
-0.452393  0.919821
-0.452148  0.504903
-0.451904  0.0999553
-0.45166  -0.303966
-0.451416  -0.713269
-0.451172  -1.14476
-0.450928  -1.77475
-0.450684  1.5038
-0.450439  0.989173
-0.450195  0.565393
-0.449951  0.155912
-0.449707  -0.251464
-0.449463  -0.663956
-0.449219  -1.09755
-0.448975  -1.67522
-0.44873  1.65658
-0.448486  1.05982
-0.448242  0.622641
-0.447998  0.206415
-0.447754  -0.206256
-0.44751  -0.624068
-0.447266  -1.06349
-0.447021  -1.62566
-0.446777  1.88659
-0.446533  1.13355
-0.446289  0.675221
-0.446045  0.248422
-0.445801  -0.172805
-0.445557  -0.599732
-0.445312  -1.05106
-0.445068  -1.62341
-0.444824  2.23204
-0.44458  1.21405
-0.444336  0.72074
-0.444092  0.276125
-0.443848  -0.160107
-0.443604  -0.60387
-0.443359  -1.07922
-0.443115  -1.69426
-0.442871  2.59104
-0.442627  1.30865
-0.442383  0.754861
-0.442139  0.277022
-0.441895  -0.188966
-0.44165  -0.668009
-0.441406  -1.19621
-0.441162  -1.9113
-0.440918  2.74949
-0.440674  1.42981
-0.44043  0.768937
-0.440186  0.219301
-0.439941  -0.317096
-0.439697  -0.882784
-0.439453  -1.53266
-0.439209  -2.38767
-0.438965  2.70869
-0.438721  1.58899
-0.438477  0.743356
-0.438232  0.00277247
-0.437988  -0.724732
-0.437744  -1.4652
-0.4375  -2.20902
-0.437256  -2.94193
-0.437012  2.60221
-0.436768  1.76916
-0.436523  0.625763
-0.436279  -0.65637
-0.436035  -1.53371
-0.435791  -2.17679
-0.435547  -2.72897
-0.435303  3.03742
-0.435059  2.51952
-0.434814  1.91544
-0.43457  0.263668
-0.434326  -1.42911
-0.434082  -2.013
-0.433838  -2.4873
-0.433594  -2.93197
-0.43335  2.91671
-0.433105  2.47963
-0.432861  2.00237
-0.432617  -0.456678
-0.432373  -1.71367
-0.432129  -2.16798
-0.431885  -2.58719
-0.431641  -2.99662
-0.431396  2.88061
-0.431152  2.47383
-0.430908  2.05311
-0.430664  -0.878949
-0.43042  -1.79437
-0.430176  -2.20731
-0.429932  -2.60712
-0.429688  -3.00317
-0.429443  2.88548
-0.429199  2.49108
-0.428955  2.09333
-0.428711  0.749411
-0.428467  -1.80357
-0.428223  -2.19983
-0.427979  -2.59135
-0.427734  -2.98144
-0.42749  2.91238
-0.427246  2.52348
-0.427002  2.13482
-0.426758  1.74296
-0.426514  -1.78172
-0.42627  -2.1696
-0.426025  -2.55703
-0.425781  -2.94414
-0.425537  2.95226
-0.425293  2.56596
-0.425049  2.18088
-0.424805  1.80969
-0.424561  -1.74414
-0.424316  -2.12679
-0.424072  -2.51195
-0.423828  -2.89744
-0.423584  3.00034
-0.42334  2.61534
-0.423096  2.23162
-0.422852  1.85864
-0.422607  -1.698
-0.422363  -2.07635
-0.422119  -2.46011
-0.421875  -2.84465
-0.421631  3.05391
-0.421387  2.66958
-0.421143  2.28633
-0.420898  1.9102
-0.420654  -1.64768
-0.42041  -2.02095
-0.420166  -2.40376
-0.419922  -2.78771
-0.419678  3.11132
-0.419434  2.72734
-0.419189  2.34419
-0.418945  1.96562
-0.418701  -1.59851
-0.418457  -1.96215
-0.418213  -2.34421
-0.417969  -2.72776
-0.417725  -3.11164
-0.41748  2.78775
-0.417236  2.40456
-0.416992  2.02422
-0.416748  -1.58421
-0.416504  -1.90091
-0.41626  -2.28222
-0.416016  -2.66549
-0.415771  -3.04917
-0.415527  2.85032
-0.415283  2.467
-0.415039  2.0853
-0.414795  1.74194
-0.414551  -1.83768
-0.414307  -2.21801
-0.414062  -2.60102
-0.413818  -2.98456
-0.413574  2.91498
-0.41333  2.53145
-0.413086  2.14845
-0.412842  1.76905
-0.412598  -1.77119
-0.412354  -2.14968
-0.412109  -2.53245
-0.411865  -2.91579
-0.411621  2.98375
-0.411377  2.5996
-0.411133  2.21412
-0.410889  1.82514
-0.410645  1.42798
-0.4104  1.01956
-0.410156  0.613802
-0.409912  0.224102
-0.409668  -0.160262
-0.409424  -0.56038
-0.40918  2.37203
-0.408936  1.88652
-0.408691  1.49378
-0.408447  1.10686
-0.408203  0.720861
-0.407959  0.334502
-0.407715  -0.0509308
-0.407471  -0.42955
-0.407227  -0.808875
-0.406982  -1.19174
-0.406738  -1.57563
-0.406494  -1.95975
-0.40625  -2.34391
-0.406006  -2.72809
-0.405762  -3.11225
-0.405518  2.78677
-0.405273  2.40261
-0.405029  2.01846
-0.404785  1.63432
-0.404541  1.25017
-0.404297  0.866029
-0.404053  0.481892
-0.403809  0.097757
-0.403564  -0.286374
-0.40332  -0.6705
-0.403076  -1.05462
-0.402832  -1.43874
-0.402588  -1.82285
-0.402344  -2.20695
-0.4021  -2.59105
-0.401855  -2.97514
-0.401611  2.92396
-0.401367  2.53989
-0.401123  2.15582
-0.400879  1.77177
-0.400635  1.38773
-0.400391  1.0037
-0.400146  0.619686
-0.399902  0.235684
-0.399658  -0.148302
-0.399414  -0.532271
-0.39917  -0.916224
-0.398926  -1.30016
-0.398682  -1.68407
-0.398438  -2.06797
-0.398193  -2.45184
-0.397949  -2.83569
-0.397705  3.06367
-0.397461  2.67987
-0.397217  2.29609
-0.396973  1.91234
-0.396729  1.52861
-0.396484  1.14491
-0.39624  0.761231
-0.395996  0.377576
-0.395752  -0.00605659
-0.395508  -0.389668
-0.395264  -0.77326
-0.39502  -1.15683
-0.394775  -1.54039
-0.394531  -1.92394
-0.394287  -2.30747
-0.394043  -2.69099
-0.393799  -3.07451
-0.393555  2.82517
-0.393311  2.44166
-0.393066  2.05816
-0.392822  1.67467
-0.392578  1.29117
-0.392334  0.907672
-0.39209  0.524176
-0.391846  0.140681
-0.391602  -0.242814
-0.391357  -0.626309
-0.391113  -1.0098
-0.390869  -1.3933
-0.390625  -1.77679
-0.390381  -2.16029
-0.390137  -2.54379
-0.389893  -2.92728
-0.389648  2.97241
-0.389404  2.58891
-0.38916  2.20542
-0.388916  1.82192
-0.388672  1.43843
-0.388428  1.05493
-0.388184  0.671438
-0.387939  0.287943
-0.387695  -0.0955521
-0.387451  -0.479047
-0.387207  -0.862542
-0.386963  -1.24604
-0.386719  -1.62953
-0.386475  -2.01303
-0.38623  -2.39652
-0.385986  -2.78002
-0.385742  3.11967
-0.385498  2.73618
-0.385254  2.35268
-0.38501  1.96919
-0.384766  1.58569
-0.384521  1.2022
-0.384277  0.8187
-0.384033  0.435205
-0.383789  0.05171
-0.383545  -0.331785
-0.383301  -0.71528
-0.383057  -1.09878
-0.382812  -1.48227
-0.382568  -1.86577
-0.382324  -2.24926
-0.38208  -2.63276
-0.381836  -3.01625
-0.381592  2.88344
-0.381348  2.49994
-0.381104  2.11645
-0.380859  1.73295
-0.380615  1.34946
-0.380371  0.965963
-0.380127  0.582467
-0.379883  0.198972
-0.379639  -0.184523
-0.379395  -0.568018
-0.37915  -0.951513
-0.378906  -1.33501
-0.378662  -1.7185
-0.378418  -2.102
-0.378174  -2.48549
-0.37793  -2.86899
-0.377686  3.0307
-0.377441  2.64721
-0.377197  2.26371
-0.376953  1.88022
-0.376709  1.49672
-0.376465  1.11322
-0.376221  0.72973
-0.375977  0.346234
-0.375732  -0.0372608
-0.375488  -0.420756
-0.375244  -0.804251
-0.375  -1.18775
-0.374756  -1.57124
-0.374512  -1.95474
-0.374268  -2.33823
-0.374023  -2.72173
-0.373779  -3.10522
-0.373535  2.79447
-0.373291  2.41097
-0.373047  2.02748
-0.372803  1.64398
-0.372559  1.26049
-0.372314  0.876992
-0.37207  0.493497
-0.371826  0.110001
-0.371582  -0.273494
-0.371338  -0.656989
-0.371094  -1.04048
-0.37085  -1.42398
-0.370605  -1.80747
-0.370361  -2.19097
-0.370117  -2.57446
-0.369873  -2.95796
-0.369629  2.94173
-0.369385  2.55823
-0.369141  2.17474
-0.368896  1.79124
-0.368652  1.40775
-0.368408  1.02425
-0.368164  0.640759
-0.36792  0.257264
-0.367676  -0.126232
-0.367432  -0.509727
-0.367188  -0.893222
-0.366943  -1.27672
-0.366699  -1.66021
-0.366455  -2.04371
-0.366211  -2.4272
-0.365967  -2.8107
-0.365723  3.08899
-0.365479  2.7055
-0.365234  2.322
-0.36499  1.93851
-0.364746  1.55501
-0.364502  1.17152
-0.364258  0.788021
-0.364014  0.404526
-0.36377  0.0210305
-0.363525  -0.362465
-0.363281  -0.74596
-0.363037  -1.12946
-0.362793  -1.51295
-0.362549  -1.89645
-0.362305  -2.27994
-0.362061  -2.66344
-0.361816  -3.04693
-0.361572  2.85276
-0.361328  2.46926
-0.361084  2.08577
-0.36084  1.70227
-0.360596  1.31878
-0.360352  0.935283
-0.360107  0.551788
-0.359863  0.168293
-0.359619  -0.215203
-0.359375  -0.598698
-0.359131  -0.982193
-0.358887  -1.36569
-0.358643  -1.74918
-0.358398  -2.13268
-0.358154  -2.51617
-0.35791  -2.89967
-0.357666  3.00002
-0.357422  2.61653
-0.357178  2.23303
-0.356934  1.84954
-0.356689  1.46604
-0.356445  1.08255
-0.356201  0.69905
-0.355957  0.315555
-0.355713  -0.0679404
-0.355469  -0.451436
-0.355225  -0.834931
-0.35498  -1.21843
-0.354736  -1.60192
-0.354492  -1.98542
-0.354248  -2.36891
-0.354004  -2.75241
-0.35376  -3.1359
-0.353516  2.76379
-0.353271  2.38029
-0.353027  1.9968
-0.352783  1.6133
-0.352539  1.22981
-0.352295  0.846312
-0.352051  0.462817
-0.351807  0.0793218
-0.351562  -0.304173
-0.351318  -0.687669
-0.351074  -1.07116
-0.35083  -1.45466
-0.350586  -1.83815
-0.350342  -2.22165
-0.350098  -2.60514
-0.349854  -2.98864
-0.349609  2.91105
-0.349365  2.52756
-0.349121  2.14406
-0.348877  1.76056
-0.348633  1.37707
-0.348389  0.993574
-0.348145  0.610079
-0.3479  0.226584
-0.347656  -0.156911
-0.347412  -0.540406
-0.347168  -0.923902
-0.346924  -1.3074
-0.34668  -1.69089
-0.346436  -2.07439
-0.346191  -2.45788
-0.345947  -2.84138
-0.345703  3.05831
-0.345459  2.67482
-0.345215  2.29132
-0.344971  1.90783
-0.344727  1.52433
-0.344482  1.14084
-0.344238  0.757341
-0.343994  0.373846
-0.34375  -0.0096491
-0.343506  -0.393144
-0.343262  -0.776639
-0.343018  -1.16013
-0.342773  -1.54363
-0.342529  -1.92712
-0.342285  -2.31062
-0.342041  -2.69412
-0.341797  -3.07761
-0.341553  2.82208
-0.341309  2.43858
-0.341064  2.05509
-0.34082  1.67159
-0.340576  1.2881
-0.340332  0.904603
-0.340088  0.521108
-0.339844  0.137613
-0.3396  -0.245882
-0.339355  -0.629377
-0.339111  -1.01287
-0.338867  -1.39637
-0.338623  -1.77986
-0.338379  -2.16336
-0.338135  -2.54685
-0.337891  -2.93035
-0.337646  2.96934
-0.337402  2.58585
-0.337158  2.20235
-0.336914  1.81886
-0.33667  1.43536
-0.336426  1.05187
-0.336182  0.66837
-0.335938  0.284875
-0.335693  -0.09862
-0.335449  -0.482115
-0.335205  -0.86561
-0.334961  -1.24911
-0.334717  -1.6326
-0.334473  -2.0161
-0.334229  -2.39959
-0.333984  -2.78309
-0.33374  3.1166
-0.333496  2.73311
-0.333252  2.34961
-0.333008  1.96612
-0.332764  1.58262
-0.33252  1.19913
-0.332275  0.815633
-0.332031  0.432137
-0.331787  0.0486422
-0.331543  -0.334853
-0.331299  -0.718348
-0.331055  -1.10184
-0.330811  -1.48534
-0.330566  -1.86883
-0.330322  -2.25233
-0.330078  -2.63582
-0.329834  -3.01932
-0.32959  2.88037
-0.329346  2.49688
-0.329102  2.11338
-0.328857  1.72989
-0.328613  1.34639
-0.328369  0.962895
-0.328125  0.5794
-0.327881  0.195904
-0.327637  -0.187591
-0.327393  -0.571086
-0.327148  -0.954581
-0.326904  -1.33808
-0.32666  -1.72157
-0.326416  -2.10507
-0.326172  -2.48856
-0.325928  -2.87206
-0.325684  3.02763
-0.325439  2.64414
-0.325195  2.26064
-0.324951  1.87715
-0.324707  1.49365
-0.324463  1.11016
-0.324219  0.726662
-0.323975  0.343166
-0.32373  -0.0403287
-0.323486  -0.423824
-0.323242  -0.807319
-0.322998  -1.19081
-0.322754  -1.57431
-0.32251  -1.9578
-0.322266  -2.3413
-0.322021  -2.72479
-0.321777  -3.10829
-0.321533  2.7914
-0.321289  2.4079
-0.321045  2.02441
-0.320801  1.64091
-0.320557  1.25742
-0.320312  0.873924
-0.320068  0.490429
-0.319824  0.106933
-0.31958  -0.276562
-0.319336  -0.660057
-0.319092  -1.04355
-0.318848  -1.42705
-0.318604  -1.81054
-0.318359  -2.19404
-0.318115  -2.57753
-0.317871  -2.96103
-0.317627  2.93866
-0.317383  2.55517
-0.317139  2.17167
-0.316895  1.78818
-0.31665  1.40468
-0.316406  1.02119
-0.316162  0.637691
-0.315918  0.254196
-0.315674  -0.1293
-0.31543  -0.512795
-0.315186  -0.89629
-0.314941  -1.27979
-0.314697  -1.66328
-0.314453  -2.04678
-0.314209  -2.43027
-0.313965  -2.81377
-0.313721  3.08592
-0.313477  2.70243
-0.313232  2.31893
-0.312988  1.93544
-0.312744  1.55194
-0.3125  1.16845
-0.312256  0.784953
-0.312012  0.401458
-0.311768  0.0179625
-0.311523  -0.365533
-0.311279  -0.749028
-0.311035  -1.13252
-0.310791  -1.51602
-0.310547  -1.89951
-0.310303  -2.28301
-0.310059  -2.6665
-0.309814  -3.05
-0.30957  2.84969
-0.309326  2.4662
-0.309082  2.0827
-0.308838  1.69921
-0.308594  1.31571
-0.30835  0.932215
-0.308105  0.54872
-0.307861  0.165225
-0.307617  -0.21827
-0.307373  -0.601766
-0.307129  -0.985261
-0.306885  -1.36876
-0.306641  -1.75225
-0.306396  -2.13575
-0.306152  -2.51924
-0.305908  -2.90274
-0.305664  2.99695
-0.30542  2.61346
-0.305176  2.22996
-0.304932  1.84647
-0.304688  1.46297
-0.304443  1.07948
-0.304199  0.695982
-0.303955  0.312487
-0.303711  -0.0710083
-0.303467  -0.454504
-0.303223  -0.837999
-0.302979  -1.22149
-0.302734  -1.60499
-0.30249  -1.98848
-0.302246  -2.37198
-0.302002  -2.75547
-0.301758  -3.13897
-0.301514  2.76072
-0.30127  2.37723
-0.301025  1.99373
-0.300781  1.61023
-0.300537  1.22674
-0.300293  0.843244
-0.300049  0.459749
-0.299805  0.0762538
-0.299561  -0.307241
-0.299316  -0.690737
-0.299072  -1.07423
-0.298828  -1.45773
-0.298584  -1.84122
-0.29834  -2.22472
-0.298096  -2.60821
-0.297852  -2.99171
-0.297607  2.90798
-0.297363  2.52449
-0.297119  2.14099
-0.296875  1.7575
-0.296631  1.374
-0.296387  0.990506
-0.296143  0.607011
-0.295898  0.223516
-0.295654  -0.159979
-0.29541  -0.543474
-0.295166  -0.92697
-0.294922  -1.31046
-0.294678  -1.69396
-0.294434  -2.07745
-0.294189  -2.46095
-0.293945  -2.84445
-0.293701  3.05524
-0.293457  2.67175
-0.293213  2.28825
-0.292969  1.90476
-0.292725  1.52126
-0.29248  1.13777
-0.292236  0.754273
-0.291992  0.370778
-0.291748  -0.0127171
-0.291504  -0.396212
-0.29126  -0.779707
-0.291016  -1.1632
-0.290771  -1.5467
-0.290527  -1.93019
-0.290283  -2.31369
-0.290039  -2.69718
-0.289795  -3.08068
-0.289551  2.81901
-0.289307  2.43552
-0.289062  2.05202
-0.288818  1.66853
-0.288574  1.28503
-0.28833  0.901535
-0.288086  0.51804
-0.287842  0.134545
-0.287598  -0.24895
-0.287354  -0.632445
-0.287109  -1.01594
-0.286865  -1.39944
-0.286621  -1.78293
-0.286377  -2.16643
-0.286133  -2.54992
-0.285889  -2.93342
-0.285645  2.96627
-0.2854  2.58278
-0.285156  2.19928
-0.284912  1.81579
-0.284668  1.43229
-0.284424  1.0488
-0.28418  0.665302
-0.283936  0.281807
-0.283691  -0.101688
-0.283447  -0.485183
-0.283203  -0.868678
-0.282959  -1.25217
-0.282715  -1.63567
-0.282471  -2.01916
-0.282227  -2.40266
-0.281982  -2.78615
-0.281738  3.11354
-0.281494  2.73004
-0.28125  2.34655
-0.281006  1.96305
-0.280762  1.57956
-0.280518  1.19606
-0.280273  0.812565
-0.280029  0.429069
-0.279785  0.0455742
-0.279541  -0.337921
-0.279297  -0.721416
-0.279053  -1.10491
-0.278809  -1.48841
-0.278564  -1.8719
-0.27832  -2.2554
-0.278076  -2.63889
-0.277832  -3.02239
-0.277588  2.8773
-0.277344  2.49381
-0.2771  2.11031
-0.276855  1.72682
-0.276611  1.34332
-0.276367  0.959827
-0.276123  0.576331
-0.275879  0.192836
-0.275635  -0.190659
-0.275391  -0.574154
-0.275146  -0.957649
-0.274902  -1.34114
-0.274658  -1.72464
-0.274414  -2.10813
-0.27417  -2.49163
-0.273926  -2.87512
-0.273682  3.02457
-0.273438  2.64107
-0.273193  2.25757
-0.272949  1.87408
-0.272705  1.49058
-0.272461  1.10709
-0.272217  0.723594
-0.271973  0.340098
-0.271729  -0.0433967
-0.271484  -0.426892
-0.27124  -0.810387
-0.270996  -1.19388
-0.270752  -1.57738
-0.270508  -1.96087
-0.270264  -2.34437
-0.27002  -2.72786
-0.269775  -3.11136
-0.269531  2.78833
-0.269287  2.40484
-0.269043  2.02134
-0.268799  1.63785
-0.268555  1.25435
-0.268311  0.870856
-0.268066  0.487361
-0.267822  0.103865
-0.267578  -0.27963
-0.267334  -0.663125
-0.26709  -1.04662
-0.266846  -1.43012
-0.266602  -1.81361
-0.266357  -2.19711
-0.266113  -2.5806
-0.265869  -2.9641
-0.265625  2.93559
-0.265381  2.5521
-0.265137  2.1686
-0.264893  1.78511
-0.264648  1.40161
-0.264404  1.01812
-0.26416  0.634623
-0.263916  0.251128
-0.263672  -0.132368
-0.263428  -0.515863
-0.263184  -0.899358
-0.262939  -1.28285
-0.262695  -1.66635
-0.262451  -2.04984
-0.262207  -2.43334
-0.261963  -2.81683
-0.261719  3.08286
-0.261475  2.69936
-0.26123  2.31587
-0.260986  1.93237
-0.260742  1.54888
-0.260498  1.16538
-0.260254  0.781885
-0.26001  0.39839
-0.259766  0.0148945
-0.259521  -0.368601
-0.259277  -0.752096
-0.259033  -1.13559
-0.258789  -1.51909
-0.258545  -1.90258
-0.258301  -2.28608
-0.258057  -2.66957
-0.257812  -3.05307
-0.257568  2.84662
-0.257324  2.46313
-0.25708  2.07963
-0.256836  1.69614
-0.256592  1.31264
-0.256348  0.929147
-0.256104  0.545652
-0.255859  0.162157
-0.255615  -0.221339
-0.255371  -0.604834
-0.255127  -0.988329
-0.254883  -1.37182
-0.254639  -1.75532
-0.254395  -2.13881
-0.25415  -2.52231
-0.253906  -2.9058
-0.253662  2.99389
-0.253418  2.61039
-0.253174  2.2269
-0.25293  1.8434
-0.252686  1.4599
-0.252441  1.07641
-0.252197  0.692914
-0.251953  0.309419
-0.251709  -0.0740764
-0.251465  -0.457572
-0.251221  -0.841067
-0.250977  -1.22456
-0.250732  -1.60806
-0.250488  -1.99155
-0.250244  -2.37505
-0.25  -2.75854
-0.249756  3.14115
-0.249512  2.75765
-0.249268  2.37416
-0.249023  1.99066
-0.248779  1.60717
-0.248535  1.22367
-0.248291  0.840176
-0.248047  0.456681
-0.247803  0.0731857
-0.247559  -0.310309
-0.247314  -0.693805
-0.24707  -1.0773
-0.246826  -1.46079
-0.246582  -1.84429
-0.246338  -2.22778
-0.246094  -2.61128
-0.24585  -2.99478
-0.245605  2.90491
-0.245361  2.52142
-0.245117  2.13792
-0.244873  1.75443
-0.244629  1.37093
-0.244385  0.987438
-0.244141  0.603943
-0.243896  0.220448
-0.243652  -0.163047
-0.243408  -0.546542
-0.243164  -0.930038
-0.24292  -1.31353
-0.242676  -1.69703
-0.242432  -2.08052
-0.242188  -2.46402
-0.241943  -2.84751
-0.241699  3.05218
-0.241455  2.66868
-0.241211  2.28519
-0.240967  1.90169
-0.240723  1.5182
-0.240479  1.1347
-0.240234  0.751205
-0.23999  0.36771
-0.239746  -0.0157852
-0.239502  -0.39928
-0.239258  -0.782775
-0.239014  -1.16627
-0.23877  -1.54977
-0.238525  -1.93326
-0.238281  -2.31676
-0.238037  -2.70025
-0.237793  -3.08375
-0.237549  2.81594
-0.237305  2.43245
-0.237061  2.04895
-0.236816  1.66546
-0.236572  1.28196
-0.236328  0.898467
-0.236084  0.514972
-0.23584  0.131477
-0.235596  -0.252018
-0.235352  -0.635513
-0.235107  -1.01901
-0.234863  -1.4025
-0.234619  -1.786
-0.234375  -2.16949
-0.234131  -2.55299
-0.233887  -2.93648
-0.233643  2.96321
-0.233398  2.57971
-0.233154  2.19622
-0.23291  1.81272
-0.232666  1.42922
-0.232422  1.04573
-0.232178  0.662234
-0.231934  0.278739
-0.231689  -0.104756
-0.231445  -0.488251
-0.231201  -0.871746
-0.230957  -1.25524
-0.230713  -1.63874
-0.230469  -2.02223
-0.230225  -2.40573
-0.22998  -2.78922
-0.229736  3.11047
-0.229492  2.72697
-0.229248  2.34348
-0.229004  1.95998
-0.22876  1.57649
-0.228516  1.19299
-0.228271  0.809496
-0.228027  0.426001
-0.227783  0.042506
-0.227539  -0.340989
-0.227295  -0.724484
-0.227051  -1.10798
-0.226807  -1.49147
-0.226562  -1.87497
-0.226318  -2.25846
-0.226074  -2.64196
-0.22583  -3.02545
-0.225586  2.87424
-0.225342  2.49074
-0.225098  2.10724
-0.224854  1.72375
-0.224609  1.34025
-0.224365  0.956759
-0.224121  0.573263
-0.223877  0.189768
-0.223633  -0.193727
-0.223389  -0.577222
-0.223145  -0.960717
-0.2229  -1.34421
-0.222656  -1.72771
-0.222412  -2.1112
-0.222168  -2.4947
-0.221924  -2.87819
-0.22168  3.0215
-0.221436  2.638
-0.221191  2.25451
-0.220947  1.87101
-0.220703  1.48752
-0.220459  1.10402
-0.220215  0.720525
-0.219971  0.33703
-0.219727  -0.0464649
-0.219482  -0.42996
-0.219238  -0.813455
-0.218994  -1.19695
-0.21875  -1.58045
-0.218506  -1.96394
-0.218262  -2.34744
-0.218018  -2.73093
-0.217773  -3.11443
-0.217529  2.78526
-0.217285  2.40177
-0.217041  2.01827
-0.216797  1.63478
-0.216553  1.25128
-0.216309  0.867788
-0.216064  0.484292
-0.21582  0.100797
-0.215576  -0.282698
-0.215332  -0.666193
-0.215088  -1.04969
-0.214844  -1.43318
-0.2146  -1.81668
-0.214355  -2.20017
-0.214111  -2.58367
-0.213867  -2.96716
-0.213623  2.93253
-0.213379  2.54903
-0.213135  2.16554
-0.212891  1.78204
-0.212646  1.39855
-0.212402  1.01505
-0.212158  0.631554
-0.211914  0.248059
-0.21167  -0.135436
-0.211426  -0.518931
-0.211182  -0.902426
-0.210938  -1.28592
-0.210693  -1.66942
-0.210449  -2.05291
-0.210205  -2.43641
-0.209961  -2.8199
-0.209717  3.07979
-0.209473  2.69629
-0.209229  2.3128
-0.208984  1.9293
-0.20874  1.54581
-0.208496  1.16231
-0.208252  0.778817
-0.208008  0.395321
-0.207764  0.0118262
-0.20752  -0.371669
-0.207275  -0.755164
-0.207031  -1.13866
-0.206787  -1.52215
-0.206543  -1.90565
-0.206299  -2.28914
-0.206055  -2.67264
-0.205811  -3.05613
-0.205566  2.84356
-0.205322  2.46006
-0.205078  2.07656
-0.204834  1.69307
-0.20459  1.30957
-0.204346  0.926079
-0.204102  0.542583
-0.203857  0.159088
-0.203613  -0.224407
-0.203369  -0.607902
-0.203125  -0.991397
-0.202881  -1.37489
-0.202637  -1.75839
-0.202393  -2.14188
-0.202148  -2.52538
-0.201904  -2.90887
-0.20166  2.99082
-0.201416  2.60732
-0.201172  2.22383
-0.200928  1.84033
-0.200684  1.45684
-0.200439  1.07334
-0.200195  0.689846
-0.199951  0.30635
-0.199707  -0.0771447
-0.199463  -0.46064
-0.199219  -0.844135
-0.198975  -1.22763
-0.19873  -1.61112
-0.198486  -1.99462
-0.198242  -2.37811
-0.197998  -2.76161
-0.197754  3.13808
-0.19751  2.75458
-0.197266  2.37109
-0.197021  1.98759
-0.196777  1.6041
-0.196533  1.2206
-0.196289  0.837108
-0.196045  0.453612
-0.195801  0.0701174
-0.195557  -0.313378
-0.195312  -0.696873
-0.195068  -1.08037
-0.194824  -1.46386
-0.19458  -1.84736
-0.194336  -2.23085
-0.194092  -2.61435
-0.193848  -2.99784
-0.193604  2.90185
-0.193359  2.51835
-0.193115  2.13486
-0.192871  1.75136
-0.192627  1.36787
-0.192383  0.98437
-0.192139  0.600875
-0.191895  0.217379
-0.19165  -0.166116
-0.191406  -0.549611
-0.191162  -0.933105
-0.190918  -1.3166
-0.190674  -1.7001
-0.19043  -2.08359
-0.190186  -2.46709
-0.189941  -2.85058
-0.189697  3.04911
-0.189453  2.66561
-0.189209  2.28212
-0.188965  1.89862
-0.188721  1.51513
-0.188477  1.13163
-0.188232  0.748137
-0.187988  0.364641
-0.187744  -0.0188536
-0.1875  -0.402349
-0.187256  -0.785843
-0.187012  -1.16934
-0.186768  -1.55283
-0.186523  -1.93633
-0.186279  -2.31982
-0.186035  -2.70332
-0.185791  -3.08681
-0.185547  2.81288
-0.185303  2.42938
-0.185059  2.04589
-0.184814  1.66239
-0.18457  1.27889
-0.184326  0.895399
-0.184082  0.511904
-0.183838  0.128408
-0.183594  -0.255087
-0.18335  -0.638581
-0.183105  -1.02208
-0.182861  -1.40557
-0.182617  -1.78907
-0.182373  -2.17256
-0.182129  -2.55606
-0.181885  -2.93955
-0.181641  2.96014
-0.181396  2.57664
-0.181152  2.19315
-0.180908  1.80965
-0.180664  1.42616
-0.18042  1.04266
-0.180176  0.659166
-0.179932  0.27567
-0.179688  -0.107825
-0.179443  -0.491319
-0.179199  -0.874814
-0.178955  -1.25831
-0.178711  -1.6418
-0.178467  -2.0253
-0.178223  -2.40879
-0.177979  -2.79229
-0.177734  3.1074
-0.17749  2.72391
-0.177246  2.34041
-0.177002  1.95691
-0.176758  1.57342
-0.176514  1.18992
-0.17627  0.806428
-0.176025  0.422933
-0.175781  0.0394375
-0.175537  -0.344057
-0.175293  -0.727552
-0.175049  -1.11105
-0.174805  -1.49454
-0.174561  -1.87804
-0.174316  -2.26153
-0.174072  -2.64503
-0.173828  -3.02852
-0.173584  2.87117
-0.17334  2.48767
-0.173096  2.10418
-0.172852  1.72068
-0.172607  1.33719
-0.172363  0.95369
-0.172119  0.570195
-0.171875  0.186699
-0.171631  -0.196795
-0.171387  -0.58029
-0.171143  -0.963785
-0.170898  -1.34728
-0.170654  -1.73077
-0.17041  -2.11427
-0.170166  -2.49776
-0.169922  -2.88126
-0.169678  3.01843
-0.169434  2.63493
-0.169189  2.25144
-0.168945  1.86794
-0.168701  1.48445
-0.168457  1.10095
-0.168213  0.717457
-0.167969  0.333961
-0.167725  -0.0495335
-0.16748  -0.433028
-0.167236  -0.816523
-0.166992  -1.20002
-0.166748  -1.58351
-0.166504  -1.96701
-0.16626  -2.3505
-0.166016  -2.734
-0.165771  -3.11749
-0.165527  2.7822
-0.165283  2.3987
-0.165039  2.01521
-0.164795  1.63171
-0.164551  1.24821
-0.164307  0.864719
-0.164062  0.481223
-0.163818  0.0977285
-0.163574  -0.285766
-0.16333  -0.669261
-0.163086  -1.05276
-0.162842  -1.43625
-0.162598  -1.81975
-0.162354  -2.20324
-0.162109  -2.58674
-0.161865  -2.97023
-0.161621  2.92946
-0.161377  2.54596
-0.161133  2.16247
-0.160889  1.77897
-0.160645  1.39548
-0.1604  1.01198
-0.160156  0.628485
-0.159912  0.24499
-0.159668  -0.138504
-0.159424  -0.521999
-0.15918  -0.905494
-0.158936  -1.28899
-0.158691  -1.67248
-0.158447  -2.05598
-0.158203  -2.43947
-0.157959  -2.82297
-0.157715  3.07672
-0.157471  2.69323
-0.157227  2.30973
-0.156982  1.92623
-0.156738  1.54274
-0.156494  1.15924
-0.15625  0.775747
-0.156006  0.392252
-0.155762  0.00875746
-0.155518  -0.374737
-0.155273  -0.758232
-0.155029  -1.14173
-0.154785  -1.52522
-0.154541  -1.90872
-0.154297  -2.29221
-0.154053  -2.67571
-0.153809  -3.0592
-0.153564  2.84049
-0.15332  2.45699
-0.153076  2.0735
-0.152832  1.69
-0.152588  1.30651
-0.152344  0.92301
-0.1521  0.539514
-0.151855  0.156019
-0.151611  -0.227475
-0.151367  -0.61097
-0.151123  -0.994464
-0.150879  -1.37796
-0.150635  -1.76145
-0.150391  -2.14495
-0.150146  -2.52844
-0.149902  -2.91194
-0.149658  2.98775
-0.149414  2.60425
-0.14917  2.22076
-0.148926  1.83726
-0.148682  1.45377
-0.148438  1.07027
-0.148193  0.686776
-0.147949  0.303281
-0.147705  -0.0802135
-0.147461  -0.463708
-0.147217  -0.847202
-0.146973  -1.2307
-0.146729  -1.61419
-0.146484  -1.99769
-0.14624  -2.38118
-0.145996  -2.76468
-0.145752  3.13501
-0.145508  2.75152
-0.145264  2.36802
-0.14502  1.98453
-0.144775  1.60103
-0.144531  1.21753
-0.144287  0.834038
-0.144043  0.450543
-0.143799  0.0670483
-0.143555  -0.316446
-0.143311  -0.699941
-0.143066  -1.08343
-0.142822  -1.46693
-0.142578  -1.85042
-0.142334  -2.23392
-0.14209  -2.61741
-0.141846  -3.00091
-0.141602  2.89878
-0.141357  2.51528
-0.141113  2.13179
-0.140869  1.74829
-0.140625  1.3648
-0.140381  0.9813
-0.140137  0.597805
-0.139893  0.21431
-0.139648  -0.169184
-0.139404  -0.552679
-0.13916  -0.936173
-0.138916  -1.31967
-0.138672  -1.70316
-0.138428  -2.08666
-0.138184  -2.47015
-0.137939  -2.85365
-0.137695  3.04604
-0.137451  2.66255
-0.137207  2.27905
-0.136963  1.89555
-0.136719  1.51206
-0.136475  1.12856
-0.13623  0.745067
-0.135986  0.361572
-0.135742  -0.0219227
-0.135498  -0.405417
-0.135254  -0.788911
-0.13501  -1.17241
-0.134766  -1.5559
-0.134521  -1.93939
-0.134277  -2.32289
-0.134033  -2.70638
-0.133789  -3.08988
-0.133545  2.80981
-0.133301  2.42631
-0.133057  2.04282
-0.132812  1.65932
-0.132568  1.27582
-0.132324  0.892329
-0.13208  0.508834
-0.131836  0.125339
-0.131592  -0.258155
-0.131348  -0.641649
-0.131104  -1.02514
-0.130859  -1.40864
-0.130615  -1.79213
-0.130371  -2.17563
-0.130127  -2.55912
-0.129883  -2.94262
-0.129639  2.95707
-0.129395  2.57358
-0.12915  2.19008
-0.128906  1.80658
-0.128662  1.42309
-0.128418  1.03959
-0.128174  0.656096
-0.12793  0.272601
-0.127686  -0.110894
-0.127441  -0.494388
-0.127197  -0.877882
-0.126953  -1.26138
-0.126709  -1.64487
-0.126465  -2.02836
-0.126221  -2.41186
-0.125977  -2.79536
-0.125732  3.10433
-0.125488  2.72084
-0.125244  2.33734
-0.125  1.95384
-0.124756  1.57035
-0.124512  1.18685
-0.124268  0.803357
-0.124023  0.419862
-0.123779  0.036368
-0.123535  -0.347126
-0.123291  -0.73062
-0.123047  -1.11411
-0.122803  -1.49761
-0.122559  -1.8811
-0.122314  -2.2646
-0.12207  -2.64809
-0.121826  -3.03159
-0.121582  2.8681
-0.121338  2.4846
-0.121094  2.10111
-0.12085  1.71761
-0.120605  1.33411
-0.120361  0.950619
-0.120117  0.567124
-0.119873  0.18363
-0.119629  -0.199865
-0.119385  -0.583358
-0.119141  -0.966852
-0.118896  -1.35035
-0.118652  -1.73384
-0.118408  -2.11733
-0.118164  -2.50083
-0.11792  -2.88433
-0.117676  3.01536
-0.117432  2.63187
-0.117188  2.24837
-0.116943  1.86487
-0.116699  1.48138
-0.116455  1.09788
-0.116211  0.714386
-0.115967  0.330891
-0.115723  -0.052603
-0.115479  -0.436097
-0.115234  -0.81959
-0.11499  -1.20308
-0.114746  -1.58658
-0.114502  -1.97007
-0.114258  -2.35357
-0.114014  -2.73706
-0.11377  -3.12056
-0.113525  2.77913
-0.113281  2.39563
-0.113037  2.01214
-0.112793  1.62864
-0.112549  1.24514
-0.112305  0.861647
-0.112061  0.478153
-0.111816  0.0946584
-0.111572  -0.288835
-0.111328  -0.672329
-0.111084  -1.05582
-0.11084  -1.43932
-0.110596  -1.82281
-0.110352  -2.2063
-0.110107  -2.5898
-0.109863  -2.9733
-0.109619  2.92639
-0.109375  2.5429
-0.109131  2.1594
-0.108887  1.7759
-0.108643  1.3924
-0.108398  1.00891
-0.108154  0.625414
-0.10791  0.24192
-0.107666  -0.141574
-0.107422  -0.525067
-0.107178  -0.908561
-0.106934  -1.29205
-0.106689  -1.67555
-0.106445  -2.05905
-0.106201  -2.44255
-0.105957  -2.82605
-0.105713  3.07363
-0.105469  2.69012
-0.105225  2.3066
-0.10498  1.92308
-0.104736  1.53954
-0.104492  1.156
-0.104248  0.772437
-0.104004  0.388865
-0.10376  0.00527611
-0.103516  -0.378331
-0.103271  -0.761958
-0.103027  -1.14561
-0.102783  -1.52928
-0.102539  -1.91297
-0.102295  -2.2967
-0.102051  -2.68044
-0.101807  -3.06421
-0.101562  2.83517
-0.101318  2.45135
-0.101074  2.06751
-0.10083  1.68364
-0.100586  1.29975
-0.100342  0.915842
-0.100098  0.531914
-0.0998535  0.14797
-0.0996094  -0.235989
-0.0993652  -0.619964
-0.0991211  -1.00395
-0.098877  -1.38795
-0.0986328  -1.77197
-0.0983887  -2.156
-0.0981445  -2.54004
-0.0979004  -2.92409
-0.0976562  2.97502
-0.0974121  2.59093
-0.097168  2.20682
-0.0969238  1.8227
-0.0966797  1.43856
-0.0964355  1.0544
-0.0961914  0.67024
-0.0959473  0.286079
-0.0957031  -0.098062
-0.095459  -0.482154
-0.0952148  -0.866158
-0.0949707  -1.25002
-0.0947266  -1.63366
-0.0944824  -2.01703
-0.0942383  -2.40007
-0.0939941  -2.78285
-0.09375  3.11754
-0.0935059  2.73406
-0.0932617  2.34841
-0.0930176  1.95623
-0.0927734  1.52835
-0.0925293  -1.79425
-0.0922852  -2.27082
-0.092041  -2.67048
-0.0917969  -3.06277
-0.0915527  2.82901
-0.0913086  2.43513
-0.0910645  2.03007
-0.0908203  1.46731
-0.0905762  -1.77476
-0.090332  -2.19901
-0.0900879  -2.59614
-0.0898438  -2.98828
-0.0895996  2.90363
-0.0893555  2.51058
-0.0891113  2.10952
-0.0888672  1.64159
-0.088623  -1.67912
-0.0883789  -2.12244
-0.0881348  -2.52154
-0.0878906  -2.91408
-0.0876465  2.97796
-0.0874023  2.58562
-0.0871582  2.18732
-0.0869141  1.75193
-0.0866699  -1.55745
-0.0864258  -2.0441
-0.0861816  -2.44616
-0.0859375  -2.83936
-0.0856934  3.05263
-0.0854492  2.66077
-0.0852051  2.26437
-0.0849609  1.84443
-0.0847168  -1.33491
-0.0844727  -1.96403
-0.0842285  -2.3703
-0.0839844  -2.76439
-0.0837402  3.12745
-0.0834961  2.7359
-0.083252  2.34091
-0.0830078  1.92984
-0.0827637  0.381571
-0.0825195  -1.88149
-0.0822754  -2.29402
-0.0820312  -2.68927
-0.0817871  -3.08088
-0.081543  2.81098
-0.0812988  2.41705
-0.0810547  2.01164
-0.0808105  1.42973
-0.0805664  -1.79478
-0.0803223  -2.21725
-0.0800781  -2.61402
-0.079834  -3.006
-0.0795898  2.88598
-0.0793457  2.49287
-0.0791016  2.09131
-0.0788574  1.61512
-0.0786133  -1.69993
-0.0783691  -2.13981
-0.078125  -2.53862
-0.0778809  -2.93109
-0.0776367  2.96092
-0.0773926  2.56844
-0.0771484  2.16961
-0.0769043  1.72954
-0.0766602  -1.58545
-0.076416  -2.06146
-0.0761719  -2.46302
-0.0759277  -2.85614
-0.0756836  3.03582
-0.0754395  2.64381
-0.0751953  2.24699
-0.0749512  1.82433
-0.074707  -1.40019
-0.0744629  -1.98172
-0.0742188  -2.38718
-0.0739746  -2.78114
-0.0737305  3.11068
-0.0734863  2.71903
-0.0732422  2.32371
-0.072998  1.91097
-0.0727539  -0.366052
-0.0725098  -1.89981
-0.0722656  -2.311
-0.0720215  -2.70606
-0.0717773  -3.09766
-0.0715332  2.79412
-0.0712891  2.39994
-0.0710449  1.99344
-0.0708008  1.36031
-0.0705566  -1.81421
-0.0703125  -2.23438
-0.0700684  -2.63087
-0.0698242  -3.0228
-0.0695801  2.86912
-0.0693359  2.47582
-0.0690918  2.07351
-0.0688477  1.58459
-0.0686035  -1.72158
-0.0683594  -2.15715
-0.0681152  -2.55554
-0.0678711  -2.94793
-0.067627  2.94405
-0.0673828  2.55142
-0.0671387  2.15206
-0.0668945  1.70665
-0.0666504  -1.61288
-0.0664062  -2.07905
-0.0661621  -2.48003
-0.065918  -2.87303
-0.0656738  3.01893
-0.0654297  2.62682
-0.0651855  2.2296
-0.0649414  1.80414
-0.0646973  -1.45229
-0.0644531  -1.99967
-0.064209  -2.40427
-0.0639648  -2.79806
-0.0637207  3.09377
-0.0634766  2.70204
-0.0632324  2.30643
-0.0629883  1.89202
-0.0627441  -0.862136
-0.0625  -1.91831
-0.0622559  -2.32819
-0.0620117  -2.72302
-0.0617676  -3.11458
-0.0615234  2.77715
-0.0612793  2.38275
-0.0610352  1.97516
-0.060791  1.26536
-0.0605469  -1.83366
-0.0603027  -2.25169
-0.0600586  -2.64788
-0.0598145  -3.03974
-0.0595703  2.85215
-0.0593262  2.45868
-0.059082  2.05563
-0.0588379  1.55127
-0.0585938  -1.7429
-0.0583496  -2.17462
-0.0581055  -2.57259
-0.0578613  -2.96489
-0.0576172  2.92708
-0.057373  2.53433
-0.0571289  2.13444
-0.0568848  1.68298
-0.0566406  -1.63878
-0.0563965  -2.09673
-0.0561523  -2.49713
-0.0559082  -2.89
-0.0556641  3.00196
-0.0554199  2.60975
-0.0551758  2.21215
-0.0549316  1.78361
-0.0546875  -1.49535
-0.0544434  -2.01766
-0.0541992  -2.42143
-0.0539551  -2.81506
-0.0537109  3.07681
-0.0534668  2.685
-0.0532227  2.2891
-0.0529785  1.87289
-0.0527344  -1.11101
-0.0524902  -1.93678
-0.0522461  -2.34544
-0.052002  -2.74004
-0.0517578  -3.13155
-0.0515137  2.76013
-0.0512695  2.36551
-0.0510254  1.95677
-0.0507812  1.11929
-0.0505371  -1.85295
-0.050293  -2.26904
-0.0500488  -2.66492
-0.0498047  -3.05672
-0.0495605  2.83514
-0.0493164  2.44151
-0.0490723  2.03767
-0.0488281  1.5138
-0.048584  -1.76378
-0.0483398  -2.19209
-0.0480957  -2.58967
-0.0478516  -2.98187
-0.0476074  2.91009
-0.0473633  2.5172
-0.0471191  2.11676
-0.046875  1.65827
-0.0466309  -1.66337
-0.0463867  -2.11439
-0.0461426  -2.51425
-0.0458984  -2.907
-0.0456543  2.98497
-0.0454102  2.59267
-0.045166  2.19466
-0.0449219  1.76268
-0.0446777  -1.53239
-0.0444336  -2.0356
-0.0441895  -2.43861
-0.0439453  -2.83207
-0.0437012  3.05982
-0.043457  2.66795
-0.0432129  2.27174
-0.0429688  1.85356
-0.0427246  -1.25163
-0.0424805  -1.95516
-0.0422363  -2.36268
-0.0419922  -2.75707
-0.041748  3.13466
-0.0415039  2.74309
-0.0412598  2.34824
-0.0410156  1.93827
-0.0407715  0.860099
-0.0405273  -1.87205
-0.0402832  -2.28637
-0.0400391  -2.68197
-0.0397949  -3.0737
-0.0395508  2.81813
-0.0393066  2.42432
-0.0390625  2.01965
-0.0388184  1.4703
-0.0385742  -1.78424
-0.0383301  -2.20955
-0.0380859  -2.60675
-0.0378418  -2.99886
-0.0375977  2.89309
-0.0373535  2.50007
-0.0371094  2.09904
-0.0368652  1.63224
-0.0366211  -1.68689
-0.036377  -2.13202
-0.0361328  -2.53136
-0.0358887  -2.92399
-0.0356445  2.96798
-0.0354004  2.57557
-0.0351562  2.17714
-0.0349121  1.74127
-0.034668  -1.56525
-0.0344238  -2.05348
-0.0341797  -2.45577
-0.0339355  -2.84907
-0.0336914  3.04284
-0.0334473  2.65089
-0.0332031  2.25436
-0.032959  1.83401
-0.0327148  -1.34327
-0.0324707  -1.97343
-0.0322266  -2.3799
-0.0319824  -2.77409
-0.0317383  3.11768
-0.0314941  2.72606
-0.03125  2.33097
-0.0310059  1.91965
-0.0307617  0.351665
-0.0305176  -1.89097
-0.0302734  -2.30368
-0.0300293  -2.69901
-0.0297852  -3.09068
-0.029541  2.80112
-0.0292969  2.40712
-0.0290527  2.00156
-0.0288086  1.41767
-0.0285645  -1.80434
-0.0283203  -2.22697
-0.0280762  -2.62382
-0.027832  -3.01584
-0.0275879  2.87609
-0.0273438  2.48293
-0.0270996  2.08127
-0.0268555  1.60452
-0.0266113  -1.70954
-0.0263672  -2.1496
-0.026123  -2.54847
-0.0258789  -2.94098
-0.0256348  2.951
-0.0253906  2.55848
-0.0251465  2.15959
-0.0249023  1.7193
-0.0246582  -1.59508
-0.0244141  -2.0713
-0.0241699  -2.47292
-0.0239258  -2.86607
-0.0236816  3.02586
-0.0234375  2.63383
-0.0231934  2.23697
-0.0229492  1.81421
-0.0227051  -1.40969
-0.0224609  -1.9916
-0.0222168  -2.39711
-0.0219727  -2.7911
-0.0217285  3.1007
-0.0214844  2.70903
-0.0212402  2.31368
-0.0209961  1.9009
-0.020752  -0.373416
-0.0205078  -1.90971
-0.0202637  -2.32096
-0.0200195  -2.71604
-0.0197754  -3.10766
-0.0195312  2.78411
-0.0192871  2.38991
-0.019043  1.98339
-0.0187988  1.35039
-0.0185547  -1.82412
-0.0183105  -2.24436
-0.0180664  -2.64087
-0.0178223  -3.03282
-0.0175781  2.85909
-0.017334  2.46578
-0.0170898  2.06346
-0.0168457  1.57459
-0.0166016  -1.73148
-0.0163574  -2.16714
-0.0161133  -2.56556
-0.0158691  -2.95796
-0.015625  2.93401
-0.0153809  2.54138
-0.0151367  2.14202
-0.0148926  1.69664
-0.0146484  -1.62268
-0.0144043  -2.08905
-0.0141602  -2.49005
-0.013916  -2.88306
-0.0136719  3.00889
-0.0134277  2.61677
-0.0131836  2.21955
-0.0129395  1.79412
-0.0126953  -1.46166
-0.0124512  -2.00967
-0.012207  -2.4143
-0.0119629  -2.80811
-0.0117188  3.08373
-0.0114746  2.692
-0.0112305  2.29638
-0.0109863  1.88199
-0.0107422  -0.864922
-0.010498  -1.92831
-0.0102539  -2.33823
-0.0100098  -2.73307
-0.00976562  -3.12463
-0.00952148  2.7671
-0.00927734  2.3727
-0.0090332  1.96513
-0.00878906  1.25758
-0.00854492  -1.84364
-0.00830078  -2.26173
-0.00805664  -2.65792
-0.0078125  -3.04979
-0.00756836  2.8421
-0.00732422  2.44863
-0.00708008  2.0456
-0.00683594  1.54168
-0.0065918  -1.75282
-0.00634766  -2.18465
-0.00610352  -2.58264
-0.00585938  -2.97494
-0.00561523  2.91703
-0.00537109  2.52428
-0.00512695  2.1244
-0.00488281  1.67313
-0.00463867  -1.64857
-0.00439453  -2.10675
-0.00415039  -2.50717
-0.00390625  -2.90005
-0.00366211  2.99191
-0.00341797  2.59971
-0.00317383  2.20211
-0.00292969  1.77367
-0.00268555  -1.50465
-0.00244141  -2.02767
-0.00219727  -2.43147
-0.00195312  -2.8251
-0.00170898  3.06676
-0.00146484  2.67496
-0.0012207  2.27907
-0.000976562  1.86291
-0.000732422  -1.11537
-0.000488281  -1.94678
-0.000244141  -2.35547
0  3.14159
0.000244141  2.75008
0.000488281  2.35547
0.000732422  1.94678
0.000976562  1.11537
0.0012207  -1.86291
0.00146484  -2.27907
0.00170898  -2.67496
0.00195312  -3.06676
0.00219727  2.8251
0.00244141  2.43147
0.00268555  2.02767
0.00292969  1.50465
0.00317383  -1.77367
0.00341797  -2.20211
0.00366211  -2.59971
0.00390625  -2.99191
0.00415039  2.90005
0.00439453  2.50717
0.00463867  2.10675
0.00488281  1.64857
0.00512695  -1.67313
0.00537109  -2.1244
0.00561523  -2.52428
0.00585938  -2.91703
0.00610352  2.97494
0.00634766  2.58264
0.0065918  2.18465
0.00683594  1.75282
0.00708008  -1.54168
0.00732422  -2.0456
0.00756836  -2.44863
0.0078125  -2.8421
0.00805664  3.04979
0.00830078  2.65792
0.00854492  2.26173
0.00878906  1.84364
0.0090332  -1.25758
0.00927734  -1.96513
0.00952148  -2.3727
0.00976562  -2.7671
0.0100098  3.12463
0.0102539  2.73307
0.010498  2.33823
0.0107422  1.92831
0.0109863  0.864923
0.0112305  -1.88199
0.0114746  -2.29638
0.0117188  -2.692
0.0119629  -3.08373
0.012207  2.80811
0.0124512  2.4143
0.0126953  2.00967
0.0129395  1.46166
0.0131836  -1.79412
0.0134277  -2.21955
0.0136719  -2.61677
0.013916  -3.00889
0.0141602  2.88306
0.0144043  2.49005
0.0146484  2.08905
0.0148926  1.62268
0.0151367  -1.69664
0.0153809  -2.14202
0.015625  -2.54138
0.0158691  -2.93401
0.0161133  2.95796
0.0163574  2.56556
0.0166016  2.16714
0.0168457  1.73148
0.0170898  -1.57459
0.017334  -2.06346
0.0175781  -2.46578
0.0178223  -2.85909
0.0180664  3.03282
0.0183105  2.64087
0.0185547  2.24436
0.0187988  1.82412
0.019043  -1.35039
0.0192871  -1.98339
0.0195312  -2.38991
0.0197754  -2.78411
0.0200195  3.10766
0.0202637  2.71604
0.0205078  2.32096
0.020752  1.90971
0.0209961  0.373418
0.0212402  -1.9009
0.0214844  -2.31368
0.0217285  -2.70903
0.0219727  -3.1007
0.0222168  2.7911
0.0224609  2.39711
0.0227051  1.9916
0.0229492  1.40969
0.0231934  -1.81421
0.0234375  -2.23697
0.0236816  -2.63383
0.0239258  -3.02586
0.0241699  2.86607
0.0244141  2.47292
0.0246582  2.0713
0.0249023  1.59508
0.0251465  -1.7193
0.0253906  -2.15959
0.0256348  -2.55848
0.0258789  -2.951
0.026123  2.94098
0.0263672  2.54847
0.0266113  2.1496
0.0268555  1.70954
0.0270996  -1.60452
0.0273438  -2.08127
0.0275879  -2.48293
0.027832  -2.87609
0.0280762  3.01584
0.0283203  2.62382
0.0285645  2.22697
0.0288086  1.80434
0.0290527  -1.41767
0.0292969  -2.00156
0.029541  -2.40712
0.0297852  -2.80112
0.0300293  3.09068
0.0302734  2.69901
0.0305176  2.30368
0.0307617  1.89097
0.0310059  -0.351664
0.03125  -1.91965
0.0314941  -2.33097
0.0317383  -2.72606
0.0319824  -3.11768
0.0322266  2.77409
0.0324707  2.3799
0.0327148  1.97343
0.032959  1.34327
0.0332031  -1.83401
0.0334473  -2.25436
0.0336914  -2.65089
0.0339355  -3.04284
0.0341797  2.84907
0.0344238  2.45577
0.034668  2.05348
0.0349121  1.56525
0.0351562  -1.74127
0.0354004  -2.17714
0.0356445  -2.57557
0.0358887  -2.96798
0.0361328  2.92399
0.036377  2.53136
0.0366211  2.13202
0.0368652  1.68689
0.0371094  -1.63224
0.0373535  -2.09904
0.0375977  -2.50007
0.0378418  -2.89309
0.0380859  2.99886
0.0383301  2.60675
0.0385742  2.20955
0.0388184  1.78424
0.0390625  -1.4703
0.0393066  -2.01965
0.0395508  -2.42432
0.0397949  -2.81813
0.0400391  3.0737
0.0402832  2.68197
0.0405273  2.28637
0.0407715  1.87205
0.0410156  -0.8601
0.0412598  -1.93827
0.0415039  -2.34824
0.041748  -2.74309
0.0419922  -3.13466
0.0422363  2.75707
0.0424805  2.36268
0.0427246  1.95516
0.0429688  1.25163
0.0432129  -1.85356
0.043457  -2.27174
0.0437012  -2.66795
0.0439453  -3.05982
0.0441895  2.83207
0.0444336  2.43861
0.0446777  2.0356
0.0449219  1.53239
0.045166  -1.76268
0.0454102  -2.19466
0.0456543  -2.59267
0.0458984  -2.98497
0.0461426  2.907
0.0463867  2.51425
0.0466309  2.11439
0.046875  1.66337
0.0471191  -1.65827
0.0473633  -2.11676
0.0476074  -2.5172
0.0478516  -2.91009
0.0480957  2.98187
0.0483398  2.58967
0.048584  2.19209
0.0488281  1.76378
0.0490723  -1.5138
0.0493164  -2.03767
0.0495605  -2.44151
0.0498047  -2.83514
0.0500488  3.05672
0.050293  2.66492
0.0505371  2.26904
0.0507812  1.85295
0.0510254  -1.11929
0.0512695  -1.95677
0.0515137  -2.36551
0.0517578  -2.76013
0.052002  3.13155
0.0522461  2.74004
0.0524902  2.34544
0.0527344  1.93678
0.0529785  1.11101
0.0532227  -1.87289
0.0534668  -2.2891
0.0537109  -2.685
0.0539551  -3.07681
0.0541992  2.81506
0.0544434  2.42143
0.0546875  2.01766
0.0549316  1.49535
0.0551758  -1.78361
0.0554199  -2.21215
0.0556641  -2.60975
0.0559082  -3.00196
0.0561523  2.89
0.0563965  2.49713
0.0566406  2.09673
0.0568848  1.63878
0.0571289  -1.68298
0.057373  -2.13444
0.0576172  -2.53433
0.0578613  -2.92708
0.0581055  2.96489
0.0583496  2.57259
0.0585938  2.17462
0.0588379  1.7429
0.059082  -1.55127
0.0593262  -2.05563
0.0595703  -2.45868
0.0598145  -2.85215
0.0600586  3.03974
0.0603027  2.64788
0.0605469  2.25169
0.060791  1.83366
0.0610352  -1.26536
0.0612793  -1.97516
0.0615234  -2.38275
0.0617676  -2.77715
0.0620117  3.11458
0.0622559  2.72302
0.0625  2.32819
0.0627441  1.91831
0.0629883  0.862136
0.0632324  -1.89202
0.0634766  -2.30643
0.0637207  -2.70204
0.0639648  -3.09377
0.064209  2.79806
0.0644531  2.40427
0.0646973  1.99967
0.0649414  1.45229
0.0651855  -1.80414
0.0654297  -2.2296
0.0656738  -2.62682
0.065918  -3.01893
0.0661621  2.87303
0.0664062  2.48003
0.0666504  2.07905
0.0668945  1.61288
0.0671387  -1.70665
0.0673828  -2.15206
0.067627  -2.55142
0.0678711  -2.94405
0.0681152  2.94793
0.0683594  2.55554
0.0686035  2.15715
0.0688477  1.72158
0.0690918  -1.58459
0.0693359  -2.07351
0.0695801  -2.47582
0.0698242  -2.86912
0.0700684  3.0228
0.0703125  2.63087
0.0705566  2.23438
0.0708008  1.81421
0.0710449  -1.36031
0.0712891  -1.99344
0.0715332  -2.39994
0.0717773  -2.79412
0.0720215  3.09766
0.0722656  2.70606
0.0725098  2.311
0.0727539  1.89981
0.072998  0.366052
0.0732422  -1.91097
0.0734863  -2.32371
0.0737305  -2.71903
0.0739746  -3.11068
0.0742188  2.78114
0.0744629  2.38718
0.074707  1.98172
0.0749512  1.40019
0.0751953  -1.82433
0.0754395  -2.24699
0.0756836  -2.64381
0.0759277  -3.03582
0.0761719  2.85614
0.076416  2.46302
0.0766602  2.06146
0.0769043  1.58545
0.0771484  -1.72954
0.0773926  -2.16961
0.0776367  -2.56844
0.0778809  -2.96092
0.078125  2.93109
0.0783691  2.53862
0.0786133  2.13981
0.0788574  1.69993
0.0791016  -1.61512
0.0793457  -2.09131
0.0795898  -2.49287
0.079834  -2.88598
0.0800781  3.006
0.0803223  2.61402
0.0805664  2.21725
0.0808105  1.79478
0.0810547  -1.42973
0.0812988  -2.01164
0.081543  -2.41705
0.0817871  -2.81098
0.0820312  3.08088
0.0822754  2.68927
0.0825195  2.29402
0.0827637  1.88149
0.0830078  -0.381571
0.083252  -1.92984
0.0834961  -2.34091
0.0837402  -2.7359
0.0839844  -3.12745
0.0842285  2.76439
0.0844727  2.3703
0.0847168  1.96403
0.0849609  1.33491
0.0852051  -1.84443
0.0854492  -2.26437
0.0856934  -2.66077
0.0859375  -3.05263
0.0861816  2.83936
0.0864258  2.44616
0.0866699  2.0441
0.0869141  1.55745
0.0871582  -1.75193
0.0874023  -2.18732
0.0876465  -2.58562
0.0878906  -2.97796
0.0881348  2.91408
0.0883789  2.52154
0.088623  2.12244
0.0888672  1.67912
0.0891113  -1.64159
0.0893555  -2.10952
0.0895996  -2.51058
0.0898438  -2.90363
0.0900879  2.98828
0.090332  2.59614
0.0905762  2.19901
0.0908203  1.77476
0.0910645  -1.46731
0.0913086  -2.03007
0.0915527  -2.43513
0.0917969  -2.82901
0.092041  3.06277
0.0922852  2.67048
0.0925293  2.27082
0.0927734  1.79425
0.0930176  -1.52835
0.0932617  -1.95623
0.0935059  -2.34841
0.09375  -2.73406
0.0939941  -3.11754
0.0942383  2.78285
0.0944824  2.40007
0.0947266  2.01703
0.0949707  1.63366
0.0952148  1.25002
0.095459  0.866158
0.0957031  0.482154
0.0959473  0.098062
0.0961914  -0.286079
0.0964355  -0.67024
0.0966797  -1.0544
0.0969238  -1.43856
0.097168  -1.8227
0.0974121  -2.20682
0.0976562  -2.59093
0.0979004  -2.97502
0.0981445  2.92409
0.0983887  2.54004
0.0986328  2.156
0.098877  1.77197
0.0991211  1.38795
0.0993652  1.00395
0.0996094  0.619964
0.0998535  0.235989
0.100098  -0.14797
0.100342  -0.531914
0.100586  -0.915842
0.10083  -1.29975
0.101074  -1.68364
0.101318  -2.06751
0.101562  -2.45135
0.101807  -2.83517
0.102051  3.06421
0.102295  2.68044
0.102539  2.2967
0.102783  1.91297
0.103027  1.52928
0.103271  1.14561
0.103516  0.761958
0.10376  0.378331
0.104004  -0.00527611
0.104248  -0.388865
0.104492  -0.772437
0.104736  -1.156
0.10498  -1.53954
0.105225  -1.92308
0.105469  -2.3066
0.105713  -2.69012
0.105957  -3.07363
0.106201  2.82605
0.106445  2.44255
0.106689  2.05905
0.106934  1.67555
0.107178  1.29205
0.107422  0.908561
0.107666  0.525067
0.10791  0.141574
0.108154  -0.24192
0.108398  -0.625414
0.108643  -1.00891
0.108887  -1.3924
0.109131  -1.7759
0.109375  -2.1594
0.109619  -2.5429
0.109863  -2.92639
0.110107  2.9733
0.110352  2.5898
0.110596  2.2063
0.11084  1.82281
0.111084  1.43932
0.111328  1.05582
0.111572  0.672329
0.111816  0.288835
0.112061  -0.0946584
0.112305  -0.478153
0.112549  -0.861647
0.112793  -1.24514
0.113037  -1.62864
0.113281  -2.01214
0.113525  -2.39563
0.11377  -2.77913
0.114014  3.12056
0.114258  2.73706
0.114502  2.35357
0.114746  1.97007
0.11499  1.58658
0.115234  1.20308
0.115479  0.81959
0.115723  0.436097
0.115967  0.052603
0.116211  -0.330891
0.116455  -0.714386
0.116699  -1.09788
0.116943  -1.48138
0.117188  -1.86487
0.117432  -2.24837
0.117676  -2.63187
0.11792  -3.01536
0.118164  2.88433
0.118408  2.50083
0.118652  2.11733
0.118896  1.73384
0.119141  1.35035
0.119385  0.966852
0.119629  0.583358
0.119873  0.199865
0.120117  -0.18363
0.120361  -0.567124
0.120605  -0.950619
0.12085  -1.33411
0.121094  -1.71761
0.121338  -2.10111
0.121582  -2.4846
0.121826  -2.8681
0.12207  3.03159
0.122314  2.64809
0.122559  2.2646
0.122803  1.8811
0.123047  1.49761
0.123291  1.11411
0.123535  0.73062
0.123779  0.347126
0.124023  -0.036368
0.124268  -0.419862
0.124512  -0.803357
0.124756  -1.18685
0.125  -1.57035
0.125244  -1.95384
0.125488  -2.33734
0.125732  -2.72084
0.125977  -3.10433
0.126221  2.79536
0.126465  2.41186
0.126709  2.02836
0.126953  1.64487
0.127197  1.26138
0.127441  0.877882
0.127686  0.494388
0.12793  0.110894
0.128174  -0.272601
0.128418  -0.656096
0.128662  -1.03959
0.128906  -1.42309
0.12915  -1.80658
0.129395  -2.19008
0.129639  -2.57358
0.129883  -2.95707
0.130127  2.94262
0.130371  2.55912
0.130615  2.17563
0.130859  1.79213
0.131104  1.40864
0.131348  1.02514
0.131592  0.641649
0.131836  0.258155
0.13208  -0.125339
0.132324  -0.508834
0.132568  -0.892329
0.132812  -1.27582
0.133057  -1.65932
0.133301  -2.04282
0.133545  -2.42631
0.133789  -2.80981
0.134033  3.08988
0.134277  2.70638
0.134521  2.32289
0.134766  1.93939
0.13501  1.5559
0.135254  1.17241
0.135498  0.788911
0.135742  0.405417
0.135986  0.0219227
0.13623  -0.361572
0.136475  -0.745067
0.136719  -1.12856
0.136963  -1.51206
0.137207  -1.89555
0.137451  -2.27905
0.137695  -2.66255
0.137939  -3.04604
0.138184  2.85365
0.138428  2.47015
0.138672  2.08666
0.138916  1.70316
0.13916  1.31967
0.139404  0.936173
0.139648  0.552679
0.139893  0.169184
0.140137  -0.21431
0.140381  -0.597805
0.140625  -0.9813
0.140869  -1.3648
0.141113  -1.74829
0.141357  -2.13179
0.141602  -2.51528
0.141846  -2.89878
0.14209  3.00091
0.142334  2.61741
0.142578  2.23392
0.142822  1.85042
0.143066  1.46693
0.143311  1.08343
0.143555  0.699941
0.143799  0.316446
0.144043  -0.0670483
0.144287  -0.450543
0.144531  -0.834038
0.144775  -1.21753
0.14502  -1.60103
0.145264  -1.98453
0.145508  -2.36802
0.145752  -2.75152
0.145996  -3.13501
0.14624  2.76468
0.146484  2.38118
0.146729  1.99769
0.146973  1.61419
0.147217  1.2307
0.147461  0.847202
0.147705  0.463708
0.147949  0.0802135
0.148193  -0.303281
0.148438  -0.686776
0.148682  -1.07027
0.148926  -1.45377
0.14917  -1.83726
0.149414  -2.22076
0.149658  -2.60425
0.149902  -2.98775
0.150146  2.91194
0.150391  2.52844
0.150635  2.14495
0.150879  1.76145
0.151123  1.37796
0.151367  0.994464
0.151611  0.61097
0.151855  0.227475
0.1521  -0.156019
0.152344  -0.539514
0.152588  -0.92301
0.152832  -1.30651
0.153076  -1.69
0.15332  -2.0735
0.153564  -2.45699
0.153809  -2.84049
0.154053  3.0592
0.154297  2.67571
0.154541  2.29221
0.154785  1.90872
0.155029  1.52522
0.155273  1.14173
0.155518  0.758232
0.155762  0.374737
0.156006  -0.00875746
0.15625  -0.392252
0.156494  -0.775747
0.156738  -1.15924
0.156982  -1.54274
0.157227  -1.92623
0.157471  -2.30973
0.157715  -2.69323
0.157959  -3.07672
0.158203  2.82297
0.158447  2.43947
0.158691  2.05598
0.158936  1.67248
0.15918  1.28899
0.159424  0.905494
0.159668  0.521999
0.159912  0.138504
0.160156  -0.24499
0.1604  -0.628485
0.160645  -1.01198
0.160889  -1.39548
0.161133  -1.77897
0.161377  -2.16247
0.161621  -2.54596
0.161865  -2.92946
0.162109  2.97023
0.162354  2.58674
0.162598  2.20324
0.162842  1.81975
0.163086  1.43625
0.16333  1.05276
0.163574  0.669261
0.163818  0.285766
0.164062  -0.0977285
0.164307  -0.481223
0.164551  -0.864719
0.164795  -1.24821
0.165039  -1.63171
0.165283  -2.01521
0.165527  -2.3987
0.165771  -2.7822
0.166016  3.11749
0.16626  2.734
0.166504  2.3505
0.166748  1.96701
0.166992  1.58351
0.167236  1.20002
0.16748  0.816523
0.167725  0.433028
0.167969  0.0495335
0.168213  -0.333961
0.168457  -0.717457
0.168701  -1.10095
0.168945  -1.48445
0.169189  -1.86794
0.169434  -2.25144
0.169678  -2.63493
0.169922  -3.01843
0.170166  2.88126
0.17041  2.49776
0.170654  2.11427
0.170898  1.73077
0.171143  1.34728
0.171387  0.963785
0.171631  0.58029
0.171875  0.196795
0.172119  -0.186699
0.172363  -0.570195
0.172607  -0.95369
0.172852  -1.33719
0.173096  -1.72068
0.17334  -2.10418
0.173584  -2.48767
0.173828  -2.87117
0.174072  3.02852
0.174316  2.64503
0.174561  2.26153
0.174805  1.87804
0.175049  1.49454
0.175293  1.11105
0.175537  0.727552
0.175781  0.344057
0.176025  -0.0394375
0.17627  -0.422933
0.176514  -0.806428
0.176758  -1.18992
0.177002  -1.57342
0.177246  -1.95691
0.17749  -2.34041
0.177734  -2.72391
0.177979  -3.1074
0.178223  2.79229
0.178467  2.40879
0.178711  2.0253
0.178955  1.6418
0.179199  1.25831
0.179443  0.874814
0.179688  0.491319
0.179932  0.107825
0.180176  -0.27567
0.18042  -0.659166
0.180664  -1.04266
0.180908  -1.42616
0.181152  -1.80965
0.181396  -2.19315
0.181641  -2.57664
0.181885  -2.96014
0.182129  2.93955
0.182373  2.55606
0.182617  2.17256
0.182861  1.78907
0.183105  1.40557
0.18335  1.02208
0.183594  0.638581
0.183838  0.255087
0.184082  -0.128408
0.184326  -0.511904
0.18457  -0.895399
0.184814  -1.27889
0.185059  -1.66239
0.185303  -2.04589
0.185547  -2.42938
0.185791  -2.81288
0.186035  3.08681
0.186279  2.70332
0.186523  2.31982
0.186768  1.93633
0.187012  1.55283
0.187256  1.16934
0.1875  0.785843
0.187744  0.402349
0.187988  0.0188536
0.188232  -0.364641
0.188477  -0.748137
0.188721  -1.13163
0.188965  -1.51513
0.189209  -1.89862
0.189453  -2.28212
0.189697  -2.66561
0.189941  -3.04911
0.190186  2.85058
0.19043  2.46709
0.190674  2.08359
0.190918  1.7001
0.191162  1.3166
0.191406  0.933105
0.19165  0.549611
0.191895  0.166116
0.192139  -0.217379
0.192383  -0.600875
0.192627  -0.98437
0.192871  -1.36787
0.193115  -1.75136
0.193359  -2.13486
0.193604  -2.51835
0.193848  -2.90185
0.194092  2.99784
0.194336  2.61435
0.19458  2.23085
0.194824  1.84736
0.195068  1.46386
0.195312  1.08037
0.195557  0.696873
0.195801  0.313378
0.196045  -0.0701174
0.196289  -0.453612
0.196533  -0.837108
0.196777  -1.2206
0.197021  -1.6041
0.197266  -1.98759
0.19751  -2.37109
0.197754  -2.75458
0.197998  -3.13808
0.198242  2.76161
0.198486  2.37811
0.19873  1.99462
0.198975  1.61112
0.199219  1.22763
0.199463  0.844135
0.199707  0.46064
0.199951  0.0771447
0.200195  -0.30635
0.200439  -0.689846
0.200684  -1.07334
0.200928  -1.45684
0.201172  -1.84033
0.201416  -2.22383
0.20166  -2.60732
0.201904  -2.99082
0.202148  2.90887
0.202393  2.52538
0.202637  2.14188
0.202881  1.75839
0.203125  1.37489
0.203369  0.991397
0.203613  0.607902
0.203857  0.224407
0.204102  -0.159088
0.204346  -0.542583
0.20459  -0.926079
0.204834  -1.30957
0.205078  -1.69307
0.205322  -2.07656
0.205566  -2.46006
0.205811  -2.84356
0.206055  3.05613
0.206299  2.67264
0.206543  2.28914
0.206787  1.90565
0.207031  1.52215
0.207275  1.13866
0.20752  0.755164
0.207764  0.371669
0.208008  -0.0118262
0.208252  -0.395321
0.208496  -0.778817
0.20874  -1.16231
0.208984  -1.54581
0.209229  -1.9293
0.209473  -2.3128
0.209717  -2.69629
0.209961  -3.07979
0.210205  2.8199
0.210449  2.43641
0.210693  2.05291
0.210938  1.66942
0.211182  1.28592
0.211426  0.902426
0.21167  0.518931
0.211914  0.135436
0.212158  -0.248059
0.212402  -0.631554
0.212646  -1.01505
0.212891  -1.39855
0.213135  -1.78204
0.213379  -2.16554
0.213623  -2.54903
0.213867  -2.93253
0.214111  2.96716
0.214355  2.58367
0.2146  2.20017
0.214844  1.81668
0.215088  1.43318
0.215332  1.04969
0.215576  0.666193
0.21582  0.282698
0.216064  -0.100797
0.216309  -0.484292
0.216553  -0.867788
0.216797  -1.25128
0.217041  -1.63478
0.217285  -2.01827
0.217529  -2.40177
0.217773  -2.78526
0.218018  3.11443
0.218262  2.73093
0.218506  2.34744
0.21875  1.96394
0.218994  1.58045
0.219238  1.19695
0.219482  0.813455
0.219727  0.42996
0.219971  0.0464649
0.220215  -0.33703
0.220459  -0.720525
0.220703  -1.10402
0.220947  -1.48752
0.221191  -1.87101
0.221436  -2.25451
0.22168  -2.638
0.221924  -3.0215
0.222168  2.87819
0.222412  2.4947
0.222656  2.1112
0.2229  1.72771
0.223145  1.34421
0.223389  0.960717
0.223633  0.577222
0.223877  0.193727
0.224121  -0.189768
0.224365  -0.573263
0.224609  -0.956759
0.224854  -1.34025
0.225098  -1.72375
0.225342  -2.10724
0.225586  -2.49074
0.22583  -2.87424
0.226074  3.02545
0.226318  2.64196
0.226562  2.25846
0.226807  1.87497
0.227051  1.49147
0.227295  1.10798
0.227539  0.724484
0.227783  0.340989
0.228027  -0.042506
0.228271  -0.426001
0.228516  -0.809496
0.22876  -1.19299
0.229004  -1.57649
0.229248  -1.95998
0.229492  -2.34348
0.229736  -2.72697
0.22998  -3.11047
0.230225  2.78922
0.230469  2.40573
0.230713  2.02223
0.230957  1.63874
0.231201  1.25524
0.231445  0.871746
0.231689  0.488251
0.231934  0.104756
0.232178  -0.278739
0.232422  -0.662234
0.232666  -1.04573
0.23291  -1.42922
0.233154  -1.81272
0.233398  -2.19622
0.233643  -2.57971
0.233887  -2.96321
0.234131  2.93648
0.234375  2.55299
0.234619  2.16949
0.234863  1.786
0.235107  1.4025
0.235352  1.01901
0.235596  0.635513
0.23584  0.252018
0.236084  -0.131477
0.236328  -0.514972
0.236572  -0.898467
0.236816  -1.28196
0.237061  -1.66546
0.237305  -2.04895
0.237549  -2.43245
0.237793  -2.81594
0.238037  3.08375
0.238281  2.70025
0.238525  2.31676
0.23877  1.93326
0.239014  1.54977
0.239258  1.16627
0.239502  0.782775
0.239746  0.39928
0.23999  0.0157852
0.240234  -0.36771
0.240479  -0.751205
0.240723  -1.1347
0.240967  -1.5182
0.241211  -1.90169
0.241455  -2.28519
0.241699  -2.66868
0.241943  -3.05218
0.242188  2.84751
0.242432  2.46402
0.242676  2.08052
0.24292  1.69703
0.243164  1.31353
0.243408  0.930038
0.243652  0.546542
0.243896  0.163047
0.244141  -0.220448
0.244385  -0.603943
0.244629  -0.987438
0.244873  -1.37093
0.245117  -1.75443
0.245361  -2.13792
0.245605  -2.52142
0.24585  -2.90491
0.246094  2.99478
0.246338  2.61128
0.246582  2.22778
0.246826  1.84429
0.24707  1.46079
0.247314  1.0773
0.247559  0.693805
0.247803  0.310309
0.248047  -0.0731857
0.248291  -0.456681
0.248535  -0.840176
0.248779  -1.22367
0.249023  -1.60717
0.249268  -1.99066
0.249512  -2.37416
0.249756  -2.75765
0.25  -3.14115
0.250244  2.75854
0.250488  2.37505
0.250732  1.99155
0.250977  1.60806
0.251221  1.22456
0.251465  0.841067
0.251709  0.457572
0.251953  0.0740764
0.252197  -0.309419
0.252441  -0.692914
0.252686  -1.07641
0.25293  -1.4599
0.253174  -1.8434
0.253418  -2.2269
0.253662  -2.61039
0.253906  -2.99389
0.25415  2.9058
0.254395  2.52231
0.254639  2.13881
0.254883  1.75532
0.255127  1.37182
0.255371  0.988329
0.255615  0.604834
0.255859  0.221339
0.256104  -0.162157
0.256348  -0.545652
0.256592  -0.929147
0.256836  -1.31264
0.25708  -1.69614
0.257324  -2.07963
0.257568  -2.46313
0.257812  -2.84662
0.258057  3.05307
0.258301  2.66957
0.258545  2.28608
0.258789  1.90258
0.259033  1.51909
0.259277  1.13559
0.259521  0.752096
0.259766  0.368601
0.26001  -0.0148945
0.260254  -0.39839
0.260498  -0.781885
0.260742  -1.16538
0.260986  -1.54888
0.26123  -1.93237
0.261475  -2.31587
0.261719  -2.69936
0.261963  -3.08286
0.262207  2.81683
0.262451  2.43334
0.262695  2.04984
0.262939  1.66635
0.263184  1.28285
0.263428  0.899358
0.263672  0.515863
0.263916  0.132368
0.26416  -0.251128
0.264404  -0.634623
0.264648  -1.01812
0.264893  -1.40161
0.265137  -1.78511
0.265381  -2.1686
0.265625  -2.5521
0.265869  -2.93559
0.266113  2.9641
0.266357  2.5806
0.266602  2.19711
0.266846  1.81361
0.26709  1.43012
0.267334  1.04662
0.267578  0.663125
0.267822  0.27963
0.268066  -0.103865
0.268311  -0.487361
0.268555  -0.870856
0.268799  -1.25435
0.269043  -1.63785
0.269287  -2.02134
0.269531  -2.40484
0.269775  -2.78833
0.27002  3.11136
0.270264  2.72786
0.270508  2.34437
0.270752  1.96087
0.270996  1.57738
0.27124  1.19388
0.271484  0.810387
0.271729  0.426892
0.271973  0.0433967
0.272217  -0.340098
0.272461  -0.723594
0.272705  -1.10709
0.272949  -1.49058
0.273193  -1.87408
0.273438  -2.25757
0.273682  -2.64107
0.273926  -3.02457
0.27417  2.87512
0.274414  2.49163
0.274658  2.10813
0.274902  1.72464
0.275146  1.34114
0.275391  0.957649
0.275635  0.574154
0.275879  0.190659
0.276123  -0.192836
0.276367  -0.576331
0.276611  -0.959827
0.276855  -1.34332
0.2771  -1.72682
0.277344  -2.11031
0.277588  -2.49381
0.277832  -2.8773
0.278076  3.02239
0.27832  2.63889
0.278564  2.2554
0.278809  1.8719
0.279053  1.48841
0.279297  1.10491
0.279541  0.721416
0.279785  0.337921
0.280029  -0.0455742
0.280273  -0.429069
0.280518  -0.812565
0.280762  -1.19606
0.281006  -1.57956
0.28125  -1.96305
0.281494  -2.34655
0.281738  -2.73004
0.281982  -3.11354
0.282227  2.78615
0.282471  2.40266
0.282715  2.01916
0.282959  1.63567
0.283203  1.25217
0.283447  0.868678
0.283691  0.485183
0.283936  0.101688
0.28418  -0.281807
0.284424  -0.665302
0.284668  -1.0488
0.284912  -1.43229
0.285156  -1.81579
0.2854  -2.19928
0.285645  -2.58278
0.285889  -2.96627
0.286133  2.93342
0.286377  2.54992
0.286621  2.16643
0.286865  1.78293
0.287109  1.39944
0.287354  1.01594
0.287598  0.632445
0.287842  0.24895
0.288086  -0.134545
0.28833  -0.51804
0.288574  -0.901535
0.288818  -1.28503
0.289062  -1.66853
0.289307  -2.05202
0.289551  -2.43552
0.289795  -2.81901
0.290039  3.08068
0.290283  2.69718
0.290527  2.31369
0.290771  1.93019
0.291016  1.5467
0.29126  1.1632
0.291504  0.779707
0.291748  0.396212
0.291992  0.0127171
0.292236  -0.370778
0.29248  -0.754273
0.292725  -1.13777
0.292969  -1.52126
0.293213  -1.90476
0.293457  -2.28825
0.293701  -2.67175
0.293945  -3.05524
0.294189  2.84445
0.294434  2.46095
0.294678  2.07745
0.294922  1.69396
0.295166  1.31046
0.29541  0.92697
0.295654  0.543474
0.295898  0.159979
0.296143  -0.223516
0.296387  -0.607011
0.296631  -0.990506
0.296875  -1.374
0.297119  -1.7575
0.297363  -2.14099
0.297607  -2.52449
0.297852  -2.90798
0.298096  2.99171
0.29834  2.60821
0.298584  2.22472
0.298828  1.84122
0.299072  1.45773
0.299316  1.07423
0.299561  0.690737
0.299805  0.307241
0.300049  -0.0762538
0.300293  -0.459749
0.300537  -0.843244
0.300781  -1.22674
0.301025  -1.61023
0.30127  -1.99373
0.301514  -2.37723
0.301758  -2.76072
0.302002  3.13897
0.302246  2.75547
0.30249  2.37198
0.302734  1.98848
0.302979  1.60499
0.303223  1.22149
0.303467  0.837999
0.303711  0.454504
0.303955  0.0710083
0.304199  -0.312487
0.304443  -0.695982
0.304688  -1.07948
0.304932  -1.46297
0.305176  -1.84647
0.30542  -2.22996
0.305664  -2.61346
0.305908  -2.99695
0.306152  2.90274
0.306396  2.51924
0.306641  2.13575
0.306885  1.75225
0.307129  1.36876
0.307373  0.985261
0.307617  0.601766
0.307861  0.21827
0.308105  -0.165225
0.30835  -0.54872
0.308594  -0.932215
0.308838  -1.31571
0.309082  -1.69921
0.309326  -2.0827
0.30957  -2.4662
0.309814  -2.84969
0.310059  3.05
0.310303  2.6665
0.310547  2.28301
0.310791  1.89951
0.311035  1.51602
0.311279  1.13252
0.311523  0.749028
0.311768  0.365533
0.312012  -0.0179625
0.312256  -0.401458
0.3125  -0.784953
0.312744  -1.16845
0.312988  -1.55194
0.313232  -1.93544
0.313477  -2.31893
0.313721  -2.70243
0.313965  -3.08592
0.314209  2.81377
0.314453  2.43027
0.314697  2.04678
0.314941  1.66328
0.315186  1.27979
0.31543  0.89629
0.315674  0.512795
0.315918  0.1293
0.316162  -0.254196
0.316406  -0.637691
0.31665  -1.02119
0.316895  -1.40468
0.317139  -1.78818
0.317383  -2.17167
0.317627  -2.55517
0.317871  -2.93866
0.318115  2.96103
0.318359  2.57753
0.318604  2.19404
0.318848  1.81054
0.319092  1.42705
0.319336  1.04355
0.31958  0.660057
0.319824  0.276562
0.320068  -0.106933
0.320312  -0.490429
0.320557  -0.873924
0.320801  -1.25742
0.321045  -1.64091
0.321289  -2.02441
0.321533  -2.4079
0.321777  -2.7914
0.322021  3.10829
0.322266  2.72479
0.32251  2.3413
0.322754  1.9578
0.322998  1.57431
0.323242  1.19081
0.323486  0.807319
0.32373  0.423824
0.323975  0.0403287
0.324219  -0.343166
0.324463  -0.726662
0.324707  -1.11016
0.324951  -1.49365
0.325195  -1.87715
0.325439  -2.26064
0.325684  -2.64414
0.325928  -3.02763
0.326172  2.87206
0.326416  2.48856
0.32666  2.10507
0.326904  1.72157
0.327148  1.33808
0.327393  0.954581
0.327637  0.571086
0.327881  0.187591
0.328125  -0.195904
0.328369  -0.5794
0.328613  -0.962895
0.328857  -1.34639
0.329102  -1.72989
0.329346  -2.11338
0.32959  -2.49688
0.329834  -2.88037
0.330078  3.01932
0.330322  2.63582
0.330566  2.25233
0.330811  1.86883
0.331055  1.48534
0.331299  1.10184
0.331543  0.718348
0.331787  0.334853
0.332031  -0.0486422
0.332275  -0.432137
0.33252  -0.815633
0.332764  -1.19913
0.333008  -1.58262
0.333252  -1.96612
0.333496  -2.34961
0.33374  -2.73311
0.333984  -3.1166
0.334229  2.78309
0.334473  2.39959
0.334717  2.0161
0.334961  1.6326
0.335205  1.24911
0.335449  0.86561
0.335693  0.482115
0.335938  0.09862
0.336182  -0.284875
0.336426  -0.66837
0.33667  -1.05187
0.336914  -1.43536
0.337158  -1.81886
0.337402  -2.20235
0.337646  -2.58585
0.337891  -2.96934
0.338135  2.93035
0.338379  2.54685
0.338623  2.16336
0.338867  1.77986
0.339111  1.39637
0.339355  1.01287
0.3396  0.629377
0.339844  0.245882
0.340088  -0.137613
0.340332  -0.521108
0.340576  -0.904603
0.34082  -1.2881
0.341064  -1.67159
0.341309  -2.05509
0.341553  -2.43858
0.341797  -2.82208
0.342041  3.07761
0.342285  2.69412
0.342529  2.31062
0.342773  1.92712
0.343018  1.54363
0.343262  1.16013
0.343506  0.776639
0.34375  0.393144
0.343994  0.0096491
0.344238  -0.373846
0.344482  -0.757341
0.344727  -1.14084
0.344971  -1.52433
0.345215  -1.90783
0.345459  -2.29132
0.345703  -2.67482
0.345947  -3.05831
0.346191  2.84138
0.346436  2.45788
0.34668  2.07439
0.346924  1.69089
0.347168  1.3074
0.347412  0.923902
0.347656  0.540406
0.3479  0.156911
0.348145  -0.226584
0.348389  -0.610079
0.348633  -0.993574
0.348877  -1.37707
0.349121  -1.76056
0.349365  -2.14406
0.349609  -2.52756
0.349854  -2.91105
0.350098  2.98864
0.350342  2.60514
0.350586  2.22165
0.35083  1.83815
0.351074  1.45466
0.351318  1.07116
0.351562  0.687669
0.351807  0.304173
0.352051  -0.0793218
0.352295  -0.462817
0.352539  -0.846312
0.352783  -1.22981
0.353027  -1.6133
0.353271  -1.9968
0.353516  -2.38029
0.35376  -2.76379
0.354004  3.1359
0.354248  2.75241
0.354492  2.36891
0.354736  1.98542
0.35498  1.60192
0.355225  1.21843
0.355469  0.834931
0.355713  0.451436
0.355957  0.0679404
0.356201  -0.315555
0.356445  -0.69905
0.356689  -1.08255
0.356934  -1.46604
0.357178  -1.84954
0.357422  -2.23303
0.357666  -2.61653
0.35791  -3.00002
0.358154  2.89967
0.358398  2.51617
0.358643  2.13268
0.358887  1.74918
0.359131  1.36569
0.359375  0.982193
0.359619  0.598698
0.359863  0.215203
0.360107  -0.168293
0.360352  -0.551788
0.360596  -0.935283
0.36084  -1.31878
0.361084  -1.70227
0.361328  -2.08577
0.361572  -2.46926
0.361816  -2.85276
0.362061  3.04693
0.362305  2.66344
0.362549  2.27994
0.362793  1.89645
0.363037  1.51295
0.363281  1.12946
0.363525  0.74596
0.36377  0.362465
0.364014  -0.0210305
0.364258  -0.404526
0.364502  -0.788021
0.364746  -1.17152
0.36499  -1.55501
0.365234  -1.93851
0.365479  -2.322
0.365723  -2.7055
0.365967  -3.08899
0.366211  2.8107
0.366455  2.4272
0.366699  2.04371
0.366943  1.66021
0.367188  1.27672
0.367432  0.893222
0.367676  0.509727
0.36792  0.126232
0.368164  -0.257264
0.368408  -0.640759
0.368652  -1.02425
0.368896  -1.40775
0.369141  -1.79124
0.369385  -2.17474
0.369629  -2.55823
0.369873  -2.94173
0.370117  2.95796
0.370361  2.57446
0.370605  2.19097
0.37085  1.80747
0.371094  1.42398
0.371338  1.04048
0.371582  0.656989
0.371826  0.273494
0.37207  -0.110001
0.372314  -0.493497
0.372559  -0.876992
0.372803  -1.26049
0.373047  -1.64398
0.373291  -2.02748
0.373535  -2.41097
0.373779  -2.79447
0.374023  3.10522
0.374268  2.72173
0.374512  2.33823
0.374756  1.95474
0.375  1.57124
0.375244  1.18775
0.375488  0.804251
0.375732  0.420756
0.375977  0.0372608
0.376221  -0.346234
0.376465  -0.72973
0.376709  -1.11322
0.376953  -1.49672
0.377197  -1.88022
0.377441  -2.26371
0.377686  -2.64721
0.37793  -3.0307
0.378174  2.86899
0.378418  2.48549
0.378662  2.102
0.378906  1.7185
0.37915  1.33501
0.379395  0.951513
0.379639  0.568018
0.379883  0.184523
0.380127  -0.198972
0.380371  -0.582467
0.380615  -0.965963
0.380859  -1.34946
0.381104  -1.73295
0.381348  -2.11645
0.381592  -2.49994
0.381836  -2.88344
0.38208  3.01625
0.382324  2.63276
0.382568  2.24926
0.382812  1.86577
0.383057  1.48227
0.383301  1.09878
0.383545  0.71528
0.383789  0.331785
0.384033  -0.05171
0.384277  -0.435205
0.384521  -0.8187
0.384766  -1.2022
0.38501  -1.58569
0.385254  -1.96919
0.385498  -2.35268
0.385742  -2.73618
0.385986  -3.11967
0.38623  2.78002
0.386475  2.39652
0.386719  2.01303
0.386963  1.62953
0.387207  1.24604
0.387451  0.862542
0.387695  0.479047
0.387939  0.0955521
0.388184  -0.287943
0.388428  -0.671438
0.388672  -1.05493
0.388916  -1.43843
0.38916  -1.82192
0.389404  -2.20542
0.389648  -2.58891
0.389893  -2.97241
0.390137  2.92728
0.390381  2.54379
0.390625  2.16029
0.390869  1.77679
0.391113  1.3933
0.391357  1.0098
0.391602  0.626309
0.391846  0.242814
0.39209  -0.140681
0.392334  -0.524176
0.392578  -0.907672
0.392822  -1.29117
0.393066  -1.67467
0.393311  -2.05816
0.393555  -2.44166
0.393799  -2.82517
0.394043  3.07451
0.394287  2.69099
0.394531  2.30747
0.394775  1.92394
0.39502  1.54039
0.395264  1.15683
0.395508  0.77326
0.395752  0.389668
0.395996  0.00605659
0.39624  -0.377576
0.396484  -0.761231
0.396729  -1.14491
0.396973  -1.52861
0.397217  -1.91234
0.397461  -2.29609
0.397705  -2.67987
0.397949  -3.06367
0.398193  2.83569
0.398438  2.45184
0.398682  2.06797
0.398926  1.68407
0.39917  1.30016
0.399414  0.916224
0.399658  0.532271
0.399902  0.148302
0.400146  -0.235684
0.400391  -0.619686
0.400635  -1.0037
0.400879  -1.38773
0.401123  -1.77177
0.401367  -2.15582
0.401611  -2.53989
0.401855  -2.92396
0.4021  2.97514
0.402344  2.59105
0.402588  2.20695
0.402832  1.82285
0.403076  1.43874
0.40332  1.05462
0.403564  0.6705
0.403809  0.286374
0.404053  -0.097757
0.404297  -0.481892
0.404541  -0.866029
0.404785  -1.25017
0.405029  -1.63432
0.405273  -2.01846
0.405518  -2.40261
0.405762  -2.78677
0.406006  3.11225
0.40625  2.72809
0.406494  2.34391
0.406738  1.95975
0.406982  1.57563
0.407227  1.19174
0.407471  0.808875
0.407715  0.42955
0.407959  0.0509308
0.408203  -0.334502
0.408447  -0.720861
0.408691  -1.10686
0.408936  -1.49378
0.40918  -1.88652
0.409424  -2.37203
0.409668  0.56038
0.409912  0.160262
0.410156  -0.224102
0.4104  -0.613802
0.410645  -1.01956
0.410889  -1.42798
0.411133  -1.82514
0.411377  -2.21412
0.411621  -2.5996
0.411865  -2.98375
0.412109  2.91579
0.412354  2.53245
0.412598  2.14968
0.412842  1.77119
0.413086  -1.76905
0.41333  -2.14845
0.413574  -2.53145
0.413818  -2.91498
0.414062  2.98456
0.414307  2.60102
0.414551  2.21801
0.414795  1.83768
0.415039  -1.74194
0.415283  -2.0853
0.415527  -2.467
0.415771  -2.85032
0.416016  3.04917
0.41626  2.66549
0.416504  2.28222
0.416748  1.90091
0.416992  1.58421
0.417236  -2.02422
0.41748  -2.40456
0.417725  -2.78775
0.417969  3.11164
0.418213  2.72776
0.418457  2.34421
0.418701  1.96215
0.418945  1.59851
0.419189  -1.96562
0.419434  -2.34419
0.419678  -2.72734
0.419922  -3.11132
0.420166  2.78771
0.42041  2.40376
0.420654  2.02095
0.420898  1.64768
0.421143  -1.9102
0.421387  -2.28633
0.421631  -2.66958
0.421875  -3.05391
0.422119  2.84465
0.422363  2.46011
0.422607  2.07635
0.422852  1.698
0.423096  -1.85864
0.42334  -2.23162
0.423584  -2.61534
0.423828  -3.00034
0.424072  2.89744
0.424316  2.51195
0.424561  2.12679
0.424805  1.74414
0.425049  -1.80969
0.425293  -2.18088
0.425537  -2.56596
0.425781  -2.95226
0.426025  2.94414
0.42627  2.55703
0.426514  2.1696
0.426758  1.78172
0.427002  -1.74296
0.427246  -2.13482
0.42749  -2.52348
0.427734  -2.91238
0.427979  2.98144
0.428223  2.59135
0.428467  2.19983
0.428711  1.80357
0.428955  -0.749411
0.429199  -2.09333
0.429443  -2.49108
0.429688  -2.88548
0.429932  3.00317
0.430176  2.60712
0.43042  2.20731
0.430664  1.79437
0.430908  0.878949
0.431152  -2.05311
0.431396  -2.47383
0.431641  -2.88061
0.431885  2.99662
0.432129  2.58719
0.432373  2.16798
0.432617  1.71367
0.432861  0.456678
0.433105  -2.00237
0.43335  -2.47963
0.433594  -2.91671
0.433838  2.93197
0.434082  2.4873
0.434326  2.013
0.43457  1.42911
0.434814  -0.263668
0.435059  -1.91544
0.435303  -2.51952
0.435547  -3.03742
0.435791  2.72897
0.436035  2.17679
0.436279  1.53371
0.436523  0.65637
0.436768  -0.625763
0.437012  -1.76916
0.437256  -2.60221
0.4375  2.94193
0.437744  2.20902
0.437988  1.4652
0.438232  0.724732
0.438477  -0.00277247
0.438721  -0.743356
0.438965  -1.58899
0.439209  -2.70869
0.439453  2.38767
0.439697  1.53266
0.439941  0.882784
0.440186  0.317096
0.44043  -0.219301
0.440674  -0.768937
0.440918  -1.42981
0.441162  -2.74949
0.441406  1.9113
0.44165  1.19621
0.441895  0.668009
0.442139  0.188966
0.442383  -0.277022
0.442627  -0.754861
0.442871  -1.30865
0.443115  -2.59104
0.443359  1.69426
0.443604  1.07922
0.443848  0.60387
0.444092  0.160107
0.444336  -0.276125
0.44458  -0.72074
0.444824  -1.21405
0.445068  -2.23204
0.445312  1.62341
0.445557  1.05106
0.445801  0.599732
0.446045  0.172805
0.446289  -0.248422
0.446533  -0.675221
0.446777  -1.13355
0.447021  -1.88659
0.447266  1.62566
0.44751  1.06349
0.447754  0.624068
0.447998  0.206256
0.448242  -0.206415
0.448486  -0.622641
0.44873  -1.05982
0.448975  -1.65658
0.449219  1.67522
0.449463  1.09755
0.449707  0.663956
0.449951  0.251464
0.450195  -0.155912
0.450439  -0.565393
0.450684  -0.989173
0.450928  -1.5038
0.451172  1.77475
0.451416  1.14476
0.45166  0.713269
0.451904  0.303966
0.452148  -0.0999553
0.452393  -0.504903
0.452637  -0.919821
0.452881  -1.38976
0.453125  1.9782
0.453369  1.20104
0.453613  0.768778
0.453857  0.361313
0.454102  -0.0402862
0.454346  -0.442068
0.45459  -0.850901
0.454834  -1.29493
0.455078  2.64877
0.455322  1.26456
0.455566  0.828651
0.455811  0.422061
0.456055  0.0220304
0.456299  -0.377481
0.456543  -0.782003
0.456787  -1.21007
0.457031  -2.18376
0.457275  1.33505
0.45752  0.891805
0.457764  0.485307
0.458008  0.0863085
0.458252  -0.311549
0.458496  -0.712936
0.45874  -1.13065
0.458984  -1.73888
0.459229  1.41402
0.459473  0.957606
0.459717  0.550465
0.459961  0.152087
0.460205  -0.244559
0.460449  -0.64362
0.460693  -1.05431
0.460938  -1.55775
0.461182  1.50645
0.461426  1.02572
0.46167  0.617148
0.461914  0.219049
0.462158  -0.17672
0.462402  -0.574028
0.462646  -0.979796
0.462891  -1.43851
0.463135  1.62811
0.463379  1.09607
0.463623  0.685096
0.463867  0.286966
0.464111  -0.108185
0.464355  -0.504161
0.4646  -0.906369
0.464844  -1.34177
0.465088  1.85003
0.465332  1.16883
0.465576  0.754144
0.46582  0.355679
0.466064  -0.0390719
0.466309  -0.434032
0.466553  -0.833606
0.466797  -1.25533
0.467041  2.95751
0.467285  1.24459
0.467529  0.8242
0.467773  0.42507
0.468018  0.0305325
0.468262  -0.363657
0.468506  -0.761246
0.46875  -1.17428
0.468994  -1.87429
0.469238  1.32462
0.469482  0.895237
0.469727  0.495058
0.469971  0.10056
0.470215  -0.293056
0.470459  -0.68913
0.470703  -1.09632
0.470947  -1.61479
0.471191  1.4118
0.471436  0.9673
0.47168  0.565589
0.471924  0.17096
0.472168  -0.222247
0.472412  -0.617153
0.472656  -1.02024
0.4729  -1.48182
0.473145  1.51359
0.473389  1.04052
0.473633  0.636631
0.473877  0.241693
0.474121  -0.151246
0.474365  -0.545251
0.474609  -0.945375
0.474854  -1.38082
0.475098  1.65563
0.475342  1.11518
0.475586  0.708178
0.47583  0.312731
0.476074  -0.0800683
0.476318  -0.473379
0.476562  -0.871302
0.476807  -1.29237
0.477051  2.00921
0.477295  1.19176
0.477539  0.780246
0.477783  0.384057
0.478027  -0.00872452
0.478271  -0.401511
0.478516  -0.797769
0.47876  -1.21004
0.479004  -2.20518
0.479248  1.2712
0.479492  0.852883
0.479736  0.455659
0.47998  0.0627757
0.480225  -0.329626
0.480469  -0.724609
0.480713  -1.1311
0.480957  -1.68749
0.481201  1.35541
0.481445  0.926175
0.481689  0.527539
0.481934  0.134426
0.482178  -0.257712
0.482422  -0.651712
0.482666  -1.0542
0.48291  -1.52687
0.483154  1.44878
0.483398  1.00027
0.483643  0.599706
0.483887  0.206222
0.484131  -0.185762
0.484375  -0.579002
0.484619  -0.978626
0.484863  -1.41855
0.485107  1.56415
0.485352  1.07541
0.485596  0.67218
0.48584  0.278164
0.486084  -0.113767
0.486328  -0.506427
0.486572  -0.903937
0.486816  -1.32718
0.487061  1.76004
0.487305  1.15199
0.487549  0.745
0.487793  0.350255
0.488037  -0.0417246
0.488281  -0.433949
0.488525  -0.829869
0.48877  -1.24334
0.489014  2.91524
0.489258  1.23075
0.489502  0.818224
0.489746  0.422501
0.48999  0.030371
0.490234  -0.36154
0.490479  -0.756249
0.490723  -1.16348
0.490967  -1.80101
0.491211  1.31303
0.491455  0.89194
0.491699  0.494916
0.491943  0.102524
0.492188  -0.289182
0.492432  -0.682961
0.492676  -1.08596
0.49292  -1.57935
0.493164  1.4018
0.493408  0.966285
0.493652  0.567518
0.493896  0.17474
0.494141  -0.21686
0.494385  -0.609924
0.494629  -1.00993
0.494873  -1.4585
0.495117  1.50463
0.495361  1.04147
0.495605  0.640336
0.49585  0.247025
0.496094  -0.144561
0.496338  -0.537084
0.496582  -0.934901
0.496826  -1.36272
0.49707  1.64884
0.497314  1.11783
0.497559  0.71341
0.497803  0.319388
0.498047  -0.0722768
0.498291  -0.464399
0.498535  -0.860589
0.498779  -1.27687
0.499023  2.04622
0.499268  1.19595
0.499512  0.7868
0.499756  0.391841
