-0.5  -2.70198
-0.499756  -3.14159
-0.499512  2.70198
-0.499268  2.24201
-0.499023  1.69694
-0.498779  0.430118
-0.498535  -1.51416
-0.498291  -2.13441
-0.498047  -2.60891
-0.497803  -3.05214
-0.497559  2.79288
-0.497314  2.34174
-0.49707  1.83563
-0.496826  0.982814
-0.496582  -1.26193
-0.496338  -2.01959
-0.496094  -2.51432
-0.49585  -2.96257
-0.495605  2.88292
-0.495361  2.43831
-0.495117  1.95801
-0.494873  1.30236
-0.494629  -0.7906
-0.494385  -1.88478
-0.494141  -2.41484
-0.493896  -2.87163
-0.493652  2.9724
-0.493408  2.53145
-0.493164  2.06643
-0.49292  1.49762
-0.492676  -0.0323321
-0.492432  -1.72602
-0.492188  -2.3116
-0.491943  -2.77983
-0.491699  3.06172
-0.491455  2.6232
-0.491211  2.16927
-0.490967  1.65146
-0.490723  0.688337
-0.490479  -1.49974
-0.490234  -2.19837
-0.48999  -2.68532
-0.489746  -3.13181
-0.489502  2.71335
-0.489258  2.26615
-0.489014  1.77643
-0.48877  1.05841
-0.488525  -1.15383
-0.488281  -2.07506
-0.488037  -2.58876
-0.487793  -3.04181
-0.487549  2.80287
-0.487305  2.36056
-0.487061  1.89008
-0.486816  1.29353
-0.486572  -0.482357
-0.486328  -1.9245
-0.486084  -2.48601
-0.48584  -2.9498
-0.485596  2.89247
-0.485352  2.45266
-0.485107  1.99387
-0.484863  1.45589
-0.484619  0.280368
-0.484375  -1.74102
-0.484131  -2.3794
-0.483887  -2.85728
-0.483643  2.98161
-0.483398  2.54332
-0.483154  2.09321
-0.48291  1.59232
-0.482666  0.790843
-0.482422  -1.45298
-0.482178  -2.25934
-0.481934  -2.76094
-0.481689  3.07175
-0.481445  2.63299
-0.481201  2.18786
-0.480957  1.70777
-0.480713  1.05824
-0.480469  -0.994867
-0.480225  -2.12727
-0.47998  -2.6622
-0.479736  -3.12054
-0.479492  2.72276
-0.479248  2.28149
-0.479004  1.81686
-0.47876  1.25256
-0.478516  -0.206926
-0.478271  -1.96187
-0.478027  -2.55762
-0.477783  -3.02856
-0.477539  2.81152
-0.477295  2.3717
-0.477051  1.9159
-0.476807  1.39361
-0.476562  0.405255
-0.476318  -1.75119
-0.476074  -2.44627
-0.47583  -2.93386
-0.475586  2.90205
-0.475342  2.46315
-0.475098  2.01474
-0.474854  1.52258
-0.474609  0.794823
-0.474365  -1.40878
-0.474121  -2.32298
-0.473877  -2.83762
-0.473633  2.99135
-0.473389  2.55135
-0.473145  2.10658
-0.4729  1.63044
-0.472656  1.01012
-0.472412  -0.8765
-0.472168  -2.18287
-0.471924  -2.73609
-0.47168  3.08397
-0.471436  2.6423
-0.471191  2.2007
-0.470947  1.73786
-0.470703  1.18568
-0.470459  -0.116103
-0.470215  -2.01107
-0.469971  -2.63141
-0.469727  -3.10763
-0.469482  2.73046
-0.469238  2.28986
-0.468994  1.83448
-0.46875  1.31713
-0.468506  0.394431
-0.468262  -1.78622
-0.468018  -2.5178
-0.467773  -3.01199
-0.467529  2.8214
-0.467285  2.38111
-0.467041  1.93181
-0.466797  1.43969
-0.466553  0.723072
-0.466309  -1.44043
-0.466064  -2.39402
-0.46582  -2.91495
-0.465576  2.91166
-0.465332  2.4703
-0.465088  2.0245
-0.464844  1.54747
-0.4646  0.927732
-0.464355  -0.926509
-0.464111  -2.257
-0.463867  -2.81502
-0.463623  3.00307
-0.463379  2.55995
-0.463135  2.11673
-0.462891  1.65123
-0.462646  1.09193
-0.462402  -0.242312
-0.462158  -2.08863
-0.461914  -2.7091
-0.46167  3.09643
-0.461426  2.64998
-0.461182  2.20773
-0.460938  1.74952
-0.460693  1.22417
-0.460449  0.244251
-0.460205  -1.88973
-0.459961  -2.60064
-0.459717  -3.0932
-0.459473  2.7397
-0.459229  2.29794
-0.458984  1.84549
-0.45874  1.3445
-0.458496  0.575943
-0.458252  -1.60357
-0.458008  -2.48172
-0.457764  -2.99651
-0.45752  2.83061
-0.457275  2.3881
-0.457031  1.93928
-0.456787  1.4538
-0.456543  0.791697
-0.456299  -1.2186
-0.456055  -2.35669
-0.455811  -2.89904
-0.455566  2.92158
-0.455322  2.47802
-0.455078  2.03209
-0.454834  1.55862
-0.45459  0.964232
-0.454346  -0.674022
-0.454102  -2.21538
-0.453857  -2.79852
-0.453613  3.01331
-0.453369  2.56766
-0.453125  2.12326
-0.452881  1.65767
-0.452637  1.10241
-0.452393  -0.163422
-0.452148  -2.06099
-0.451904  -2.69635
-0.45166  3.10574
-0.451416  2.65787
-0.451172  2.21481
-0.450928  1.75601
-0.450684  1.23005
-0.450439  0.251574
-0.450195  -1.87782
-0.449951  -2.59162
-0.449707  -3.08505
-0.449463  2.7473
-0.449219  2.30479
-0.448975  1.85063
-0.44873  1.34356
-0.448486  0.527129
-0.448242  -1.66618
-0.447998  -2.48475
-0.447754  -2.9919
-0.44751  2.83738
-0.447266  2.39536
-0.447021  1.94534
-0.446777  1.45334
-0.446533  0.741304
-0.446289  -1.41067
-0.446045  -2.37755
-0.445801  -2.90007
-0.445557  2.92616
-0.445312  2.48454
-0.445068  2.03795
-0.444824  1.55745
-0.44458  0.912853
-0.444336  -1.09601
-0.444092  -2.26771
-0.443848  -2.808
-0.443604  3.01501
-0.443359  2.57375
-0.443115  2.13019
-0.442871  1.65888
-0.442627  1.05926
-0.442383  -0.752305
-0.442139  -2.16171
-0.441895  -2.71885
-0.44165  3.10197
-0.441406  2.66161
-0.441162  2.2212
-0.440918  1.75816
-0.440674  1.19338
-0.44043  -0.369766
-0.440186  -2.05545
-0.439941  -2.63125
-0.439697  -3.09547
-0.439453  2.7485
-0.439209  2.31122
-0.438965  1.85539
-0.438721  1.31663
-0.438477  -0.023483
-0.438232  -1.95632
-0.437988  -2.54779
-0.437744  -3.01232
-0.4375  2.83357
-0.437256  2.39978
-0.437012  1.95096
-0.436768  1.4343
-0.436523  0.292246
-0.436279  -1.86227
-0.436035  -2.46812
-0.435791  -2.93179
-0.435547  2.91661
-0.435303  2.48657
-0.435059  2.04444
-0.434814  1.54649
-0.43457  0.560882
-0.434326  -1.77629
-0.434082  -2.39281
-0.433838  -2.85406
-0.433594  2.9976
-0.43335  2.57171
-0.433105  2.13638
-0.432861  1.65567
-0.432617  0.798919
-0.432373  -1.70041
-0.432129  -2.32309
-0.431885  -2.78028
-0.431641  3.0753
-0.431396  2.65381
-0.431152  2.22506
-0.430908  1.75966
-0.430664  1.00788
-0.43042  -1.62929
-0.430176  -2.25642
-0.429932  -2.70875
-0.429688  -3.1321
-0.429443  2.73414
-0.429199  2.31192
-0.428955  1.86089
-0.428711  1.19663
-0.428467  -1.56842
-0.428223  -2.19498
-0.427979  -2.64106
-0.427734  -3.05973
-0.42749  2.8111
-0.427246  2.39502
-0.427002  1.95676
-0.426758  1.36422
-0.426514  -1.50664
-0.42627  -2.13517
-0.426025  -2.57504
-0.425781  -2.98917
-0.425537  2.88603
-0.425293  2.47568
-0.425049  2.04886
-0.424805  1.51447
-0.424561  -1.44604
-0.424316  -2.07806
-0.424072  -2.51138
-0.423828  -2.92105
-0.423584  2.95822
-0.42334  2.55297
-0.423096  2.13583
-0.422852  1.64612
-0.422607  -1.37304
-0.422363  -2.02114
-0.422119  -2.44858
-0.421875  -2.85424
-0.421631  3.02863
-0.421387  2.62776
-0.421143  2.21865
-0.420898  1.76229
-0.420654  -1.27145
-0.42041  -1.96419
-0.420166  -2.38641
-0.419922  -2.78853
-0.419678  3.09741
-0.419434  2.70018
-0.419189  2.29741
-0.418945  1.86485
-0.418701  -1.0554
-0.418457  -1.90576
-0.418213  -2.32402
-0.417969  -2.72326
-0.417725  -3.11801
-0.41748  2.77079
-0.417236  2.3728
-0.416992  1.95644
-0.416748  0.155749
-0.416504  -1.84421
-0.41626  -2.26057
-0.416016  -2.65774
-0.415771  -3.05066
-0.415527  2.84021
-0.415283  2.44558
-0.415039  2.03975
-0.414795  1.43687
-0.414551  -1.77503
-0.414307  -2.19444
-0.414062  -2.59086
-0.413818  -2.98283
-0.413574  2.90917
-0.41333  2.51642
-0.413086  2.11664
-0.412842  1.6655
-0.412598  -1.66354
-0.412354  -2.11761
-0.412109  -2.51781
-0.411865  -2.91107
-0.411621  2.98004
-0.411377  2.58646
-0.411133  2.18793
-0.410889  1.77658
-0.410645  1.32791
-0.4104  0.740388
-0.410156  -0.282824
-0.409912  -0.846618
-0.409668  -0.909737
-0.409424  2.75842
-0.40918  2.22053
-0.408936  1.83847
-0.408691  1.46168
-0.408447  1.08264
-0.408203  0.701016
-0.407959  0.317562
-0.407715  -0.0611753
-0.407471  -0.428177
-0.407227  -0.806324
-0.406982  -1.19033
-0.406738  -1.57493
-0.406494  -1.95941
-0.40625  -2.34376
-0.406006  -2.72802
-0.405762  -3.11223
-0.405518  2.78677
-0.405273  2.40261
-0.405029  2.01845
-0.404785  1.6343
-0.404541  1.25016
-0.404297  0.86602
-0.404053  0.481883
-0.403809  0.0977488
-0.403564  -0.286382
-0.40332  -0.670509
-0.403076  -1.05463
-0.402832  -1.43875
-0.402588  -1.82286
-0.402344  -2.20697
-0.4021  -2.59106
-0.401855  -2.97515
-0.401611  2.92395
-0.401367  2.53988
-0.401123  2.15581
-0.400879  1.77176
-0.400635  1.38772
-0.400391  1.00369
-0.400146  0.619677
-0.399902  0.235676
-0.399658  -0.148309
-0.399414  -0.532277
-0.39917  -0.916228
-0.398926  -1.30016
-0.398682  -1.68407
-0.398438  -2.06797
-0.398193  -2.45184
-0.397949  -2.83569
-0.397705  3.06367
-0.397461  2.67987
-0.397217  2.29609
-0.396973  1.91234
-0.396729  1.52861
-0.396484  1.14491
-0.39624  0.761233
-0.395996  0.377578
-0.395752  -0.006055
-0.395508  -0.389667
-0.395264  -0.773259
-0.39502  -1.15683
-0.394775  -1.54039
-0.394531  -1.92394
-0.394287  -2.30747
-0.394043  -2.69099
-0.393799  -3.07451
-0.393555  2.82517
-0.393311  2.44166
-0.393066  2.05816
-0.392822  1.67467
-0.392578  1.29117
-0.392334  0.907672
-0.39209  0.524177
-0.391846  0.140681
-0.391602  -0.242814
-0.391357  -0.626309
-0.391113  -1.0098
-0.390869  -1.3933
-0.390625  -1.77679
-0.390381  -2.16029
-0.390137  -2.54379
-0.389893  -2.92728
-0.389648  2.97241
-0.389404  2.58891
-0.38916  2.20542
-0.388916  1.82192
-0.388672  1.43843
-0.388428  1.05493
-0.388184  0.671438
-0.387939  0.287943
-0.387695  -0.0955521
-0.387451  -0.479047
-0.387207  -0.862542
-0.386963  -1.24604
-0.386719  -1.62953
-0.386475  -2.01303
-0.38623  -2.39652
-0.385986  -2.78002
-0.385742  3.11967
-0.385498  2.73618
-0.385254  2.35268
-0.38501  1.96919
-0.384766  1.58569
-0.384521  1.2022
-0.384277  0.818701
-0.384033  0.435205
-0.383789  0.05171
-0.383545  -0.331785
-0.383301  -0.71528
-0.383057  -1.09878
-0.382812  -1.48227
-0.382568  -1.86577
-0.382324  -2.24926
-0.38208  -2.63276
-0.381836  -3.01625
-0.381592  2.88344
-0.381348  2.49994
-0.381104  2.11645
-0.380859  1.73295
-0.380615  1.34946
-0.380371  0.965963
-0.380127  0.582467
-0.379883  0.198972
-0.379639  -0.184523
-0.379395  -0.568018
-0.37915  -0.951513
-0.378906  -1.33501
-0.378662  -1.7185
-0.378418  -2.102
-0.378174  -2.48549
-0.37793  -2.86899
-0.377686  3.0307
-0.377441  2.64721
-0.377197  2.26371
-0.376953  1.88022
-0.376709  1.49672
-0.376465  1.11322
-0.376221  0.72973
-0.375977  0.346234
-0.375732  -0.0372608
-0.375488  -0.420756
-0.375244  -0.804251
-0.375  -1.18775
-0.374756  -1.57124
-0.374512  -1.95474
-0.374268  -2.33823
-0.374023  -2.72173
-0.373779  -3.10522
-0.373535  2.79447
-0.373291  2.41097
-0.373047  2.02748
-0.372803  1.64398
-0.372559  1.26049
-0.372314  0.876992
-0.37207  0.493497
-0.371826  0.110001
-0.371582  -0.273494
-0.371338  -0.656989
-0.371094  -1.04048
-0.37085  -1.42398
-0.370605  -1.80747
-0.370361  -2.19097
-0.370117  -2.57446
-0.369873  -2.95796
-0.369629  2.94173
-0.369385  2.55824
-0.369141  2.17474
-0.368896  1.79124
-0.368652  1.40775
-0.368408  1.02425
-0.368164  0.640759
-0.36792  0.257264
-0.367676  -0.126232
-0.367432  -0.509727
-0.367188  -0.893222
-0.366943  -1.27672
-0.366699  -1.66021
-0.366455  -2.04371
-0.366211  -2.4272
-0.365967  -2.8107
-0.365723  3.08899
-0.365479  2.7055
-0.365234  2.322
-0.36499  1.93851
-0.364746  1.55501
-0.364502  1.17152
-0.364258  0.788021
-0.364014  0.404526
-0.36377  0.0210305
-0.363525  -0.362465
-0.363281  -0.74596
-0.363037  -1.12946
-0.362793  -1.51295
-0.362549  -1.89645
-0.362305  -2.27994
-0.362061  -2.66344
-0.361816  -3.04693
-0.361572  2.85276
-0.361328  2.46926
-0.361084  2.08577
-0.36084  1.70227
-0.360596  1.31878
-0.360352  0.935283
-0.360107  0.551788
-0.359863  0.168293
-0.359619  -0.215203
-0.359375  -0.598698
-0.359131  -0.982193
-0.358887  -1.36569
-0.358643  -1.74918
-0.358398  -2.13268
-0.358154  -2.51617
-0.35791  -2.89967
-0.357666  3.00002
-0.357422  2.61653
-0.357178  2.23303
-0.356934  1.84954
-0.356689  1.46604
-0.356445  1.08255
-0.356201  0.69905
-0.355957  0.315555
-0.355713  -0.0679403
-0.355469  -0.451436
-0.355225  -0.834931
-0.35498  -1.21843
-0.354736  -1.60192
-0.354492  -1.98542
-0.354248  -2.36891
-0.354004  -2.75241
-0.35376  -3.1359
-0.353516  2.76379
-0.353271  2.38029
-0.353027  1.9968
-0.352783  1.6133
-0.352539  1.22981
-0.352295  0.846312
-0.352051  0.462817
-0.351807  0.0793218
-0.351562  -0.304173
-0.351318  -0.687669
-0.351074  -1.07116
-0.35083  -1.45466
-0.350586  -1.83815
-0.350342  -2.22165
-0.350098  -2.60514
-0.349854  -2.98864
-0.349609  2.91105
-0.349365  2.52756
-0.349121  2.14406
-0.348877  1.76056
-0.348633  1.37707
-0.348389  0.993574
-0.348145  0.610079
-0.3479  0.226584
-0.347656  -0.156911
-0.347412  -0.540406
-0.347168  -0.923902
-0.346924  -1.3074
-0.34668  -1.69089
-0.346436  -2.07439
-0.346191  -2.45788
-0.345947  -2.84138
-0.345703  3.05831
-0.345459  2.67482
-0.345215  2.29132
-0.344971  1.90783
-0.344727  1.52433
-0.344482  1.14084
-0.344238  0.757341
-0.343994  0.373846
-0.34375  -0.00964903
-0.343506  -0.393144
-0.343262  -0.776639
-0.343018  -1.16013
-0.342773  -1.54363
-0.342529  -1.92713
-0.342285  -2.31062
-0.342041  -2.69412
-0.341797  -3.07761
-0.341553  2.82208
-0.341309  2.43858
-0.341064  2.05509
-0.34082  1.67159
-0.340576  1.2881
-0.340332  0.904604
-0.340088  0.521108
-0.339844  0.137613
-0.3396  -0.245882
-0.339355  -0.629377
-0.339111  -1.01287
-0.338867  -1.39637
-0.338623  -1.77986
-0.338379  -2.16336
-0.338135  -2.54685
-0.337891  -2.93035
-0.337646  2.96934
-0.337402  2.58585
-0.337158  2.20235
-0.336914  1.81886
-0.33667  1.43536
-0.336426  1.05187
-0.336182  0.668371
-0.335938  0.284875
-0.335693  -0.0986199
-0.335449  -0.482115
-0.335205  -0.86561
-0.334961  -1.24911
-0.334717  -1.6326
-0.334473  -2.0161
-0.334229  -2.39959
-0.333984  -2.78309
-0.33374  3.1166
-0.333496  2.73311
-0.333252  2.34961
-0.333008  1.96612
-0.332764  1.58262
-0.33252  1.19913
-0.332275  0.815633
-0.332031  0.432137
-0.331787  0.0486423
-0.331543  -0.334853
-0.331299  -0.718348
-0.331055  -1.10184
-0.330811  -1.48534
-0.330566  -1.86883
-0.330322  -2.25233
-0.330078  -2.63582
-0.329834  -3.01932
-0.32959  2.88037
-0.329346  2.49688
-0.329102  2.11338
-0.328857  1.72989
-0.328613  1.34639
-0.328369  0.962895
-0.328125  0.5794
-0.327881  0.195904
-0.327637  -0.187591
-0.327393  -0.571086
-0.327148  -0.954581
-0.326904  -1.33808
-0.32666  -1.72157
-0.326416  -2.10507
-0.326172  -2.48856
-0.325928  -2.87206
-0.325684  3.02763
-0.325439  2.64414
-0.325195  2.26064
-0.324951  1.87715
-0.324707  1.49365
-0.324463  1.11016
-0.324219  0.726662
-0.323975  0.343167
-0.32373  -0.0403286
-0.323486  -0.423824
-0.323242  -0.807319
-0.322998  -1.19081
-0.322754  -1.57431
-0.32251  -1.9578
-0.322266  -2.3413
-0.322021  -2.72479
-0.321777  -3.10829
-0.321533  2.7914
-0.321289  2.4079
-0.321045  2.02441
-0.320801  1.64091
-0.320557  1.25742
-0.320312  0.873924
-0.320068  0.490429
-0.319824  0.106934
-0.31958  -0.276562
-0.319336  -0.660057
-0.319092  -1.04355
-0.318848  -1.42705
-0.318604  -1.81054
-0.318359  -2.19404
-0.318115  -2.57753
-0.317871  -2.96103
-0.317627  2.93866
-0.317383  2.55517
-0.317139  2.17167
-0.316895  1.78818
-0.31665  1.40468
-0.316406  1.02119
-0.316162  0.637691
-0.315918  0.254196
-0.315674  -0.1293
-0.31543  -0.512795
-0.315186  -0.89629
-0.314941  -1.27979
-0.314697  -1.66328
-0.314453  -2.04678
-0.314209  -2.43027
-0.313965  -2.81377
-0.313721  3.08592
-0.313477  2.70243
-0.313232  2.31893
-0.312988  1.93544
-0.312744  1.55194
-0.3125  1.16845
-0.312256  0.784953
-0.312012  0.401458
-0.311768  0.0179627
-0.311523  -0.365533
-0.311279  -0.749028
-0.311035  -1.13252
-0.310791  -1.51602
-0.310547  -1.89951
-0.310303  -2.28301
-0.310059  -2.6665
-0.309814  -3.05
-0.30957  2.84969
-0.309326  2.4662
-0.309082  2.0827
-0.308838  1.69921
-0.308594  1.31571
-0.30835  0.932215
-0.308105  0.54872
-0.307861  0.165225
-0.307617  -0.21827
-0.307373  -0.601766
-0.307129  -0.985261
-0.306885  -1.36876
-0.306641  -1.75225
-0.306396  -2.13575
-0.306152  -2.51924
-0.305908  -2.90274
-0.305664  2.99695
-0.30542  2.61346
-0.305176  2.22996
-0.304932  1.84647
-0.304688  1.46297
-0.304443  1.07948
-0.304199  0.695982
-0.303955  0.312487
-0.303711  -0.0710082
-0.303467  -0.454503
-0.303223  -0.837999
-0.302979  -1.22149
-0.302734  -1.60499
-0.30249  -1.98848
-0.302246  -2.37198
-0.302002  -2.75547
-0.301758  -3.13897
-0.301514  2.76072
-0.30127  2.37723
-0.301025  1.99373
-0.300781  1.61023
-0.300537  1.22674
-0.300293  0.843244
-0.300049  0.459749
-0.299805  0.0762539
-0.299561  -0.307241
-0.299316  -0.690736
-0.299072  -1.07423
-0.298828  -1.45773
-0.298584  -1.84122
-0.29834  -2.22472
-0.298096  -2.60821
-0.297852  -2.99171
-0.297607  2.90798
-0.297363  2.52449
-0.297119  2.14099
-0.296875  1.7575
-0.296631  1.374
-0.296387  0.990507
-0.296143  0.607011
-0.295898  0.223516
-0.295654  -0.159979
-0.29541  -0.543474
-0.295166  -0.92697
-0.294922  -1.31046
-0.294678  -1.69396
-0.294434  -2.07746
-0.294189  -2.46095
-0.293945  -2.84445
-0.293701  3.05524
-0.293457  2.67175
-0.293213  2.28825
-0.292969  1.90476
-0.292725  1.52126
-0.29248  1.13777
-0.292236  0.754273
-0.291992  0.370778
-0.291748  -0.012717
-0.291504  -0.396212
-0.29126  -0.779707
-0.291016  -1.1632
-0.290771  -1.5467
-0.290527  -1.93019
-0.290283  -2.31369
-0.290039  -2.69718
-0.289795  -3.08068
-0.289551  2.81901
-0.289307  2.43552
-0.289062  2.05202
-0.288818  1.66853
-0.288574  1.28503
-0.28833  0.901536
-0.288086  0.51804
-0.287842  0.134545
-0.287598  -0.24895
-0.287354  -0.632445
-0.287109  -1.01594
-0.286865  -1.39944
-0.286621  -1.78293
-0.286377  -2.16643
-0.286133  -2.54992
-0.285889  -2.93342
-0.285645  2.96627
-0.2854  2.58278
-0.285156  2.19928
-0.284912  1.81579
-0.284668  1.43229
-0.284424  1.0488
-0.28418  0.665303
-0.283936  0.281807
-0.283691  -0.101688
-0.283447  -0.485183
-0.283203  -0.868678
-0.282959  -1.25217
-0.282715  -1.63567
-0.282471  -2.01916
-0.282227  -2.40266
-0.281982  -2.78615
-0.281738  3.11354
-0.281494  2.73004
-0.28125  2.34655
-0.281006  1.96305
-0.280762  1.57956
-0.280518  1.19606
-0.280273  0.812565
-0.280029  0.42907
-0.279785  0.0455743
-0.279541  -0.337921
-0.279297  -0.721416
-0.279053  -1.10491
-0.278809  -1.48841
-0.278564  -1.8719
-0.27832  -2.2554
-0.278076  -2.63889
-0.277832  -3.02239
-0.277588  2.8773
-0.277344  2.49381
-0.2771  2.11031
-0.276855  1.72682
-0.276611  1.34332
-0.276367  0.959827
-0.276123  0.576332
-0.275879  0.192836
-0.275635  -0.190659
-0.275391  -0.574154
-0.275146  -0.957649
-0.274902  -1.34114
-0.274658  -1.72464
-0.274414  -2.10813
-0.27417  -2.49163
-0.273926  -2.87513
-0.273682  3.02457
-0.273438  2.64107
-0.273193  2.25757
-0.272949  1.87408
-0.272705  1.49058
-0.272461  1.10709
-0.272217  0.723594
-0.271973  0.340099
-0.271729  -0.0433966
-0.271484  -0.426892
-0.27124  -0.810387
-0.270996  -1.19388
-0.270752  -1.57738
-0.270508  -1.96087
-0.270264  -2.34437
-0.27002  -2.72786
-0.269775  -3.11136
-0.269531  2.78833
-0.269287  2.40484
-0.269043  2.02134
-0.268799  1.63785
-0.268555  1.25435
-0.268311  0.870856
-0.268066  0.487361
-0.267822  0.103866
-0.267578  -0.27963
-0.267334  -0.663125
-0.26709  -1.04662
-0.266846  -1.43012
-0.266602  -1.81361
-0.266357  -2.19711
-0.266113  -2.5806
-0.265869  -2.9641
-0.265625  2.93559
-0.265381  2.5521
-0.265137  2.1686
-0.264893  1.78511
-0.264648  1.40161
-0.264404  1.01812
-0.26416  0.634623
-0.263916  0.251128
-0.263672  -0.132367
-0.263428  -0.515863
-0.263184  -0.899358
-0.262939  -1.28285
-0.262695  -1.66635
-0.262451  -2.04984
-0.262207  -2.43334
-0.261963  -2.81683
-0.261719  3.08286
-0.261475  2.69936
-0.26123  2.31587
-0.260986  1.93237
-0.260742  1.54888
-0.260498  1.16538
-0.260254  0.781885
-0.26001  0.39839
-0.259766  0.0148947
-0.259521  -0.368601
-0.259277  -0.752096
-0.259033  -1.13559
-0.258789  -1.51909
-0.258545  -1.90258
-0.258301  -2.28608
-0.258057  -2.66957
-0.257812  -3.05307
-0.257568  2.84662
-0.257324  2.46313
-0.25708  2.07963
-0.256836  1.69614
-0.256592  1.31264
-0.256348  0.929147
-0.256104  0.545652
-0.255859  0.162157
-0.255615  -0.221338
-0.255371  -0.604834
-0.255127  -0.988329
-0.254883  -1.37182
-0.254639  -1.75532
-0.254395  -2.13881
-0.25415  -2.52231
-0.253906  -2.9058
-0.253662  2.99389
-0.253418  2.61039
-0.253174  2.2269
-0.25293  1.8434
-0.252686  1.4599
-0.252441  1.07641
-0.252197  0.692914
-0.251953  0.309419
-0.251709  -0.0740762
-0.251465  -0.457571
-0.251221  -0.841067
-0.250977  -1.22456
-0.250732  -1.60806
-0.250488  -1.99155
-0.250244  -2.37505
-0.25  -2.75854
-0.249756  3.14115
-0.249512  2.75765
-0.249268  2.37416
-0.249023  1.99066
-0.248779  1.60717
-0.248535  1.22367
-0.248291  0.840176
-0.248047  0.456681
-0.247803  0.073186
-0.247559  -0.310309
-0.247314  -0.693804
-0.24707  -1.0773
-0.246826  -1.46079
-0.246582  -1.84429
-0.246338  -2.22779
-0.246094  -2.61128
-0.24585  -2.99478
-0.245605  2.90491
-0.245361  2.52142
-0.245117  2.13792
-0.244873  1.75443
-0.244629  1.37093
-0.244385  0.987439
-0.244141  0.603943
-0.243896  0.220448
-0.243652  -0.163047
-0.243408  -0.546542
-0.243164  -0.930037
-0.24292  -1.31353
-0.242676  -1.69703
-0.242432  -2.08052
-0.242188  -2.46402
-0.241943  -2.84751
-0.241699  3.05218
-0.241455  2.66868
-0.241211  2.28519
-0.240967  1.90169
-0.240723  1.5182
-0.240479  1.1347
-0.240234  0.751205
-0.23999  0.36771
-0.239746  -0.0157849
-0.239502  -0.39928
-0.239258  -0.782775
-0.239014  -1.16627
-0.23877  -1.54977
-0.238525  -1.93326
-0.238281  -2.31676
-0.238037  -2.70025
-0.237793  -3.08375
-0.237549  2.81594
-0.237305  2.43245
-0.237061  2.04895
-0.236816  1.66546
-0.236572  1.28196
-0.236328  0.898468
-0.236084  0.514972
-0.23584  0.131477
-0.235596  -0.252018
-0.235352  -0.635513
-0.235107  -1.01901
-0.234863  -1.4025
-0.234619  -1.786
-0.234375  -2.16949
-0.234131  -2.55299
-0.233887  -2.93648
-0.233643  2.96321
-0.233398  2.57971
-0.233154  2.19622
-0.23291  1.81272
-0.232666  1.42923
-0.232422  1.04573
-0.232178  0.662235
-0.231934  0.278739
-0.231689  -0.104756
-0.231445  -0.488251
-0.231201  -0.871746
-0.230957  -1.25524
-0.230713  -1.63874
-0.230469  -2.02223
-0.230225  -2.40573
-0.22998  -2.78922
-0.229736  3.11047
-0.229492  2.72697
-0.229248  2.34348
-0.229004  1.95998
-0.22876  1.57649
-0.228516  1.19299
-0.228271  0.809497
-0.228027  0.426002
-0.227783  0.0425063
-0.227539  -0.340989
-0.227295  -0.724484
-0.227051  -1.10798
-0.226807  -1.49147
-0.226562  -1.87497
-0.226318  -2.25846
-0.226074  -2.64196
-0.22583  -3.02546
-0.225586  2.87423
-0.225342  2.49074
-0.225098  2.10724
-0.224854  1.72375
-0.224609  1.34025
-0.224365  0.956759
-0.224121  0.573264
-0.223877  0.189768
-0.223633  -0.193727
-0.223389  -0.577222
-0.223145  -0.960717
-0.2229  -1.34421
-0.222656  -1.72771
-0.222412  -2.1112
-0.222168  -2.4947
-0.221924  -2.87819
-0.22168  3.0215
-0.221436  2.638
-0.221191  2.25451
-0.220947  1.87101
-0.220703  1.48752
-0.220459  1.10402
-0.220215  0.720526
-0.219971  0.337031
-0.219727  -0.0464645
-0.219482  -0.42996
-0.219238  -0.813455
-0.218994  -1.19695
-0.21875  -1.58045
-0.218506  -1.96394
-0.218262  -2.34744
-0.218018  -2.73093
-0.217773  -3.11443
-0.217529  2.78526
-0.217285  2.40177
-0.217041  2.01827
-0.216797  1.63478
-0.216553  1.25128
-0.216309  0.867788
-0.216064  0.484293
-0.21582  0.100798
-0.215576  -0.282698
-0.215332  -0.666193
-0.215088  -1.04969
-0.214844  -1.43318
-0.2146  -1.81668
-0.214355  -2.20017
-0.214111  -2.58367
-0.213867  -2.96716
-0.213623  2.93253
-0.213379  2.54903
-0.213135  2.16554
-0.212891  1.78204
-0.212646  1.39855
-0.212402  1.01505
-0.212158  0.631555
-0.211914  0.24806
-0.21167  -0.135435
-0.211426  -0.518931
-0.211182  -0.902426
-0.210938  -1.28592
-0.210693  -1.66942
-0.210449  -2.05291
-0.210205  -2.43641
-0.209961  -2.8199
-0.209717  3.07979
-0.209473  2.69629
-0.209229  2.3128
-0.208984  1.9293
-0.20874  1.54581
-0.208496  1.16231
-0.208252  0.778817
-0.208008  0.395322
-0.207764  0.0118267
-0.20752  -0.371668
-0.207275  -0.755164
-0.207031  -1.13866
-0.206787  -1.52215
-0.206543  -1.90565
-0.206299  -2.28914
-0.206055  -2.67264
-0.205811  -3.05613
-0.205566  2.84356
-0.205322  2.46006
-0.205078  2.07656
-0.204834  1.69307
-0.20459  1.30957
-0.204346  0.926079
-0.204102  0.542584
-0.203857  0.159089
-0.203613  -0.224406
-0.203369  -0.607902
-0.203125  -0.991397
-0.202881  -1.37489
-0.202637  -1.75839
-0.202393  -2.14188
-0.202148  -2.52538
-0.201904  -2.90887
-0.20166  2.99082
-0.201416  2.60732
-0.201172  2.22383
-0.200928  1.84033
-0.200684  1.45684
-0.200439  1.07334
-0.200195  0.689846
-0.199951  0.306351
-0.199707  -0.0771442
-0.199463  -0.460639
-0.199219  -0.844135
-0.198975  -1.22763
-0.19873  -1.61112
-0.198486  -1.99462
-0.198242  -2.37812
-0.197998  -2.76161
-0.197754  3.13808
-0.19751  2.75458
-0.197266  2.37109
-0.197021  1.98759
-0.196777  1.6041
-0.196533  1.2206
-0.196289  0.837108
-0.196045  0.453613
-0.195801  0.070118
-0.195557  -0.313377
-0.195312  -0.696872
-0.195068  -1.08037
-0.194824  -1.46386
-0.19458  -1.84736
-0.194336  -2.23085
-0.194092  -2.61435
-0.193848  -2.99784
-0.193604  2.90185
-0.193359  2.51835
-0.193115  2.13486
-0.192871  1.75136
-0.192627  1.36787
-0.192383  0.984371
-0.192139  0.600875
-0.191895  0.21738
-0.19165  -0.166115
-0.191406  -0.54961
-0.191162  -0.933105
-0.190918  -1.3166
-0.190674  -1.7001
-0.19043  -2.08359
-0.190186  -2.46709
-0.189941  -2.85058
-0.189697  3.04911
-0.189453  2.66561
-0.189209  2.28212
-0.188965  1.89862
-0.188721  1.51513
-0.188477  1.13163
-0.188232  0.748137
-0.187988  0.364642
-0.187744  -0.0188529
-0.1875  -0.402348
-0.187256  -0.785843
-0.187012  -1.16934
-0.186768  -1.55283
-0.186523  -1.93633
-0.186279  -2.31982
-0.186035  -2.70332
-0.185791  -3.08681
-0.185547  2.81288
-0.185303  2.42938
-0.185059  2.04589
-0.184814  1.66239
-0.18457  1.27889
-0.184326  0.8954
-0.184082  0.511904
-0.183838  0.128409
-0.183594  -0.255086
-0.18335  -0.638581
-0.183105  -1.02208
-0.182861  -1.40557
-0.182617  -1.78907
-0.182373  -2.17256
-0.182129  -2.55606
-0.181885  -2.93955
-0.181641  2.96014
-0.181396  2.57664
-0.181152  2.19315
-0.180908  1.80965
-0.180664  1.42616
-0.18042  1.04266
-0.180176  0.659167
-0.179932  0.275671
-0.179688  -0.107824
-0.179443  -0.491319
-0.179199  -0.874814
-0.178955  -1.25831
-0.178711  -1.6418
-0.178467  -2.0253
-0.178223  -2.40879
-0.177979  -2.79229
-0.177734  3.1074
-0.17749  2.7239
-0.177246  2.34041
-0.177002  1.95691
-0.176758  1.57342
-0.176514  1.18992
-0.17627  0.806429
-0.176025  0.422934
-0.175781  0.0394384
-0.175537  -0.344057
-0.175293  -0.727552
-0.175049  -1.11105
-0.174805  -1.49454
-0.174561  -1.87804
-0.174316  -2.26153
-0.174072  -2.64503
-0.173828  -3.02852
-0.173584  2.87117
-0.17334  2.48767
-0.173096  2.10418
-0.172852  1.72068
-0.172607  1.33719
-0.172363  0.953691
-0.172119  0.570196
-0.171875  0.186701
-0.171631  -0.196795
-0.171387  -0.58029
-0.171143  -0.963785
-0.170898  -1.34728
-0.170654  -1.73078
-0.17041  -2.11427
-0.170166  -2.49777
-0.169922  -2.88126
-0.169678  3.01843
-0.169434  2.63493
-0.169189  2.25144
-0.168945  1.86794
-0.168701  1.48445
-0.168457  1.10095
-0.168213  0.717458
-0.167969  0.333963
-0.167725  -0.0495325
-0.16748  -0.433028
-0.167236  -0.816523
-0.166992  -1.20002
-0.166748  -1.58351
-0.166504  -1.96701
-0.16626  -2.3505
-0.166016  -2.734
-0.165771  -3.11749
-0.165527  2.7822
-0.165283  2.3987
-0.165039  2.01521
-0.164795  1.63171
-0.164551  1.24822
-0.164307  0.86472
-0.164062  0.481225
-0.163818  0.0977296
-0.163574  -0.285766
-0.16333  -0.669261
-0.163086  -1.05276
-0.162842  -1.43625
-0.162598  -1.81975
-0.162354  -2.20324
-0.162109  -2.58674
-0.161865  -2.97023
-0.161621  2.92946
-0.161377  2.54596
-0.161133  2.16247
-0.160889  1.77897
-0.160645  1.39548
-0.1604  1.01198
-0.160156  0.628487
-0.159912  0.244992
-0.159668  -0.138503
-0.159424  -0.521999
-0.15918  -0.905494
-0.158936  -1.28899
-0.158691  -1.67248
-0.158447  -2.05598
-0.158203  -2.43947
-0.157959  -2.82297
-0.157715  3.07672
-0.157471  2.69323
-0.157227  2.30973
-0.156982  1.92623
-0.156738  1.54274
-0.156494  1.15924
-0.15625  0.775749
-0.156006  0.392254
-0.155762  0.00875878
-0.155518  -0.374736
-0.155273  -0.758232
-0.155029  -1.14173
-0.154785  -1.52522
-0.154541  -1.90872
-0.154297  -2.29221
-0.154053  -2.67571
-0.153809  -3.0592
-0.153564  2.84049
-0.15332  2.45699
-0.153076  2.0735
-0.152832  1.69
-0.152588  1.30651
-0.152344  0.923011
-0.1521  0.539516
-0.151855  0.156021
-0.151611  -0.227474
-0.151367  -0.610969
-0.151123  -0.994465
-0.150879  -1.37796
-0.150635  -1.76146
-0.150391  -2.14495
-0.150146  -2.52845
-0.149902  -2.91194
-0.149658  2.98775
-0.149414  2.60425
-0.14917  2.22076
-0.148926  1.83726
-0.148682  1.45377
-0.148438  1.07027
-0.148193  0.686778
-0.147949  0.303283
-0.147705  -0.0802121
-0.147461  -0.463707
-0.147217  -0.847202
-0.146973  -1.2307
-0.146729  -1.61419
-0.146484  -1.99769
-0.14624  -2.38118
-0.145996  -2.76468
-0.145752  3.13501
-0.145508  2.75152
-0.145264  2.36802
-0.14502  1.98453
-0.144775  1.60103
-0.144531  1.21754
-0.144287  0.83404
-0.144043  0.450545
-0.143799  0.0670501
-0.143555  -0.316445
-0.143311  -0.69994
-0.143066  -1.08344
-0.142822  -1.46693
-0.142578  -1.85043
-0.142334  -2.23392
-0.14209  -2.61742
-0.141846  -3.00091
-0.141602  2.89878
-0.141357  2.51528
-0.141113  2.13179
-0.140869  1.74829
-0.140625  1.3648
-0.140381  0.981303
-0.140137  0.597807
-0.139893  0.214312
-0.139648  -0.169183
-0.139404  -0.552678
-0.13916  -0.936173
-0.138916  -1.31967
-0.138672  -1.70316
-0.138428  -2.08666
-0.138184  -2.47015
-0.137939  -2.85365
-0.137695  3.04604
-0.137451  2.66255
-0.137207  2.27905
-0.136963  1.89556
-0.136719  1.51206
-0.136475  1.12856
-0.13623  0.74507
-0.135986  0.361574
-0.135742  -0.0219208
-0.135498  -0.405416
-0.135254  -0.788911
-0.13501  -1.17241
-0.134766  -1.5559
-0.134521  -1.9394
-0.134277  -2.32289
-0.134033  -2.70639
-0.133789  -3.08988
-0.133545  2.80981
-0.133301  2.42631
-0.133057  2.04282
-0.132812  1.65932
-0.132568  1.27583
-0.132324  0.892332
-0.13208  0.508837
-0.131836  0.125341
-0.131592  -0.258154
-0.131348  -0.641649
-0.131104  -1.02514
-0.130859  -1.40864
-0.130615  -1.79213
-0.130371  -2.17563
-0.130127  -2.55913
-0.129883  -2.94262
-0.129639  2.95707
-0.129395  2.57357
-0.12915  2.19008
-0.128906  1.80658
-0.128662  1.42309
-0.128418  1.03959
-0.128174  0.656099
-0.12793  0.272604
-0.127686  -0.110892
-0.127441  -0.494387
-0.127197  -0.877882
-0.126953  -1.26138
-0.126709  -1.64487
-0.126465  -2.02837
-0.126221  -2.41186
-0.125977  -2.79536
-0.125732  3.10433
-0.125488  2.72084
-0.125244  2.33734
-0.125  1.95385
-0.124756  1.57035
-0.124512  1.18686
-0.124268  0.803361
-0.124023  0.419866
-0.123779  0.0363705
-0.123535  -0.347125
-0.123291  -0.73062
-0.123047  -1.11412
-0.122803  -1.49761
-0.122559  -1.88111
-0.122314  -2.2646
-0.12207  -2.6481
-0.121826  -3.03159
-0.121582  2.8681
-0.121338  2.4846
-0.121094  2.10111
-0.12085  1.71761
-0.120605  1.33412
-0.120361  0.950623
-0.120117  0.567128
-0.119873  0.183633
-0.119629  -0.199863
-0.119385  -0.583358
-0.119141  -0.966853
-0.118896  -1.35035
-0.118652  -1.73384
-0.118408  -2.11734
-0.118164  -2.50083
-0.11792  -2.88433
-0.117676  3.01536
-0.117432  2.63187
-0.117188  2.24837
-0.116943  1.86488
-0.116699  1.48138
-0.116455  1.09789
-0.116211  0.71439
-0.115967  0.330895
-0.115723  -0.0526005
-0.115479  -0.436096
-0.115234  -0.819591
-0.11499  -1.20309
-0.114746  -1.58658
-0.114502  -1.97008
-0.114258  -2.35357
-0.114014  -2.73707
-0.11377  -3.12056
-0.113525  2.77913
-0.113281  2.39563
-0.113037  2.01214
-0.112793  1.62864
-0.112549  1.24515
-0.112305  0.861652
-0.112061  0.478157
-0.111816  0.0946615
-0.111572  -0.288834
-0.111328  -0.672329
-0.111084  -1.05582
-0.11084  -1.43932
-0.110596  -1.82281
-0.110352  -2.20631
-0.110107  -2.5898
-0.109863  -2.9733
-0.109619  2.92639
-0.109375  2.5429
-0.109131  2.1594
-0.108887  1.7759
-0.108643  1.39241
-0.108398  1.00891
-0.108154  0.625418
-0.10791  0.241923
-0.107666  -0.141572
-0.107422  -0.525067
-0.107178  -0.908562
-0.106934  -1.29206
-0.106689  -1.67555
-0.106445  -2.05905
-0.106201  -2.44254
-0.105957  -2.82604
-0.105713  3.07365
-0.105469  2.69015
-0.105225  2.30665
-0.10498  1.92315
-0.104736  1.53963
-0.104492  1.15611
-0.104248  0.772579
-0.104004  0.389025
-0.10376  0.00544322
-0.103516  -0.378178
-0.103271  -0.761852
-0.103027  -1.1456
-0.102783  -1.52945
-0.102539  -1.91343
-0.102295  -2.29761
-0.102051  -2.68207
-0.101807  -3.06694
-0.101562  2.8307
-0.101318  2.44395
-0.101074  2.05469
-0.10083  1.65848
-0.100586  1.22467
-0.100342  -2.0435
-0.100098  -2.55702
-0.0998535  -2.95912
-0.0996094  2.933
-0.0993652  2.5453
-0.0991211  2.15904
-0.098877  1.77353
-0.0986328  1.38844
-0.0983887  1.0036
-0.0981445  0.618936
-0.0979004  0.234376
-0.0976562  -0.150116
-0.0974121  -0.534564
-0.097168  -0.918988
-0.0969238  -1.3034
-0.0966797  -1.68781
-0.0964355  -2.07224
-0.0961914  -2.45668
-0.0959473  -2.84114
-0.0957031  3.05755
-0.095459  2.673
-0.0952148  2.28841
-0.0949707  1.90376
-0.0947266  1.51902
-0.0944824  1.13419
-0.0942383  0.749243
-0.0939941  0.364139
-0.09375  -0.0211683
-0.0935059  -0.406756
-0.0932617  -0.792751
-0.0930176  -1.17938
-0.0927734  -1.56711
-0.0925293  -1.95707
-0.0922852  -2.35299
-0.092041  -2.7792
-0.0917969  0.224201
-0.0915527  -0.299057
-0.0913086  -0.702451
-0.0910645  -1.09591
-0.0908203  -1.4871
-0.0905762  -1.87847
-0.090332  -2.27222
-0.0900879  -2.67367
-0.0898438  -3.11375
-0.0895996  0.0498245
-0.0893555  -0.589929
-0.0891113  -1.00394
-0.0888672  -1.40194
-0.088623  -1.79618
-0.0883789  -2.19032
-0.0881348  -2.5875
-0.0878906  -2.99535
-0.0876465  2.81966
-0.0874023  -0.304653
-0.0871582  -0.892651
-0.0869141  -1.30989
-0.0866699  -1.71032
-0.0864258  -2.10666
-0.0861816  -2.5031
-0.0859375  -2.90366
-0.0856934  2.96397
-0.0854492  2.44572
-0.0852051  -0.666999
-0.0849609  -1.20107
-0.0847168  -1.61846
-0.0844727  -2.02028
-0.0842285  -2.41826
-0.0839844  -2.8169
-0.0837402  3.06188
-0.0834961  2.63536
-0.083252  1.9872
-0.0830078  -1.02513
-0.0827637  -1.51475
-0.0825195  -1.93002
-0.0822754  -2.33238
-0.0820312  -2.73171
-0.0817871  -3.1327
-0.081543  2.74106
-0.0812988  2.29622
-0.0810547  1.03094
-0.0808105  -1.37009
-0.0805664  -1.83067
-0.0803223  -2.24344
-0.0800781  -2.64612
-0.079834  -3.04691
-0.0795898  2.83228
-0.0793457  2.41525
-0.0791016  1.93262
-0.0788574  -0.829734
-0.0786133  -1.70623
-0.0783691  -2.1476
-0.078125  -2.55799
-0.0778809  -2.96096
-0.0776367  2.91977
-0.0773926  2.51187
-0.0771484  2.08293
-0.0769043  1.50401
-0.0766602  -1.46693
-0.076416  -2.03745
-0.0761719  -2.46608
-0.0759277  -2.8745
-0.0756836  3.00515
-0.0754395  2.60026
-0.0751953  2.18605
-0.0749512  1.73323
-0.074707  0.64506
-0.0744629  -1.87902
-0.0742188  -2.36391
-0.0739746  -2.78425
-0.0737305  3.09176
-0.0734863  2.68717
-0.0732422  2.27883
-0.072998  1.85457
-0.0727539  1.3478
-0.0725098  -1.37708
-0.0722656  -2.23966
-0.0720215  -2.68875
-0.0717773  -3.10358
-0.0715332  2.77297
-0.0712891  2.36647
-0.0710449  1.95241
-0.0708008  1.50846
-0.0705566  0.798886
-0.0703125  -2.03522
-0.0700684  -2.58079
-0.0698242  -3.01169
-0.0695801  2.86008
-0.0693359  2.45311
-0.0690918  2.0434
-0.0688477  1.61968
-0.0686035  1.13126
-0.0683594  -1.03988
-0.0681152  -2.44324
-0.0678711  -2.91318
-0.067627  2.94917
-0.0673828  2.53955
-0.0671387  2.13112
-0.0668945  1.71587
-0.0666504  1.27335
-0.0664062  0.633696
-0.0661621  -2.19591
-0.065918  -2.80126
-0.0656738  3.04209
-0.0654297  2.627
-0.0651855  2.21776
-0.0649414  1.80625
-0.0646973  1.381
-0.0644531  0.894478
-0.064209  -0.917688
-0.0639648  -2.65643
-0.0637207  -3.14124
-0.0634766  2.71661
-0.0632324  2.30447
-0.0629883  1.89403
-0.0627441  1.47667
-0.0625  1.03123
-0.0622559  0.391987
-0.0620117  -2.39294
-0.0617676  -3.02769
-0.0615234  2.81016
-0.0612793  2.39236
-0.0610352  1.98108
-0.060791  1.56743
-0.0605469  1.139
-0.0603027  0.644182
-0.0600586  -1.20261
-0.0598145  -2.88305
-0.0595703  2.91018
-0.0593262  2.48229
-0.059082  2.06826
-0.0588379  1.65592
-0.0585938  1.23588
-0.0583496  0.78441
-0.0581055  0.103515
-0.0578613  -2.63947
-0.0576172  3.02126
-0.057373  2.57481
-0.0571289  2.15557
-0.0568848  1.74263
-0.0566406  1.32661
-0.0563965  0.893414
-0.0561523  0.379932
-0.0559082  -1.7552
-0.0556641  -3.12319
-0.0554199  2.6741
-0.0551758  2.24557
-0.0549316  1.83022
-0.0546875  1.41591
-0.0544434  0.992226
-0.0541992  0.530249
-0.0539551  -0.257265
-0.0537109  -2.91305
-0.0534668  2.78236
-0.0532227  2.3377
-0.0529785  1.91785
-0.0527344  1.50348
-0.0524902  1.0848
-0.0522461  0.645075
-0.052002  0.0982907
-0.0517578  -2.36104
-0.0515137  2.90966
-0.0512695  2.43397
-0.0510254  2.00645
-0.0507812  1.59033
-0.0505371  1.17397
-0.050293  0.745552
-0.0500488  0.266899
-0.0498047  -0.773238
-0.0495605  3.088
-0.0493164  2.53953
-0.0490723  2.09854
-0.0488281  1.67873
-0.048584  1.26302
-0.0483398  0.841127
-0.0480957  0.392044
-0.0478516  -0.21733
-0.0476074  -2.85857
-0.0473633  2.65516
-0.0471191  2.19132
-0.046875  1.76557
-0.0466309  1.34886
-0.0463867  0.930078
-0.0461426  0.495098
-0.0458984  -0.0113353
-0.0456543  -1.65367
-0.0454102  2.80848
-0.045166  2.29448
-0.0449219  1.85793
-0.0446777  1.43847
-0.0444336  1.02133
-0.0441895  0.595349
-0.0439453  0.132358
-0.0437012  -0.609752
-0.043457  3.03096
-0.0432129  2.40023
-0.0429688  1.94745
-0.0427246  1.52369
-0.0424805  1.10638
-0.0422363  0.684655
-0.0419922  0.240672
-0.041748  -0.31383
-0.0415039  -2.65028
-0.0412598  2.53456
-0.0410156  2.04764
-0.0407715  1.61556
-0.0405273  1.19649
-0.0402832  0.777516
-0.0400391  0.345783
-0.0397949  -0.140108
-0.0395508  -1.2419
-0.0393066  2.69793
-0.0390625  2.14678
-0.0388184  1.7033
-0.0385742  1.28132
-0.0383301  0.863144
-0.0380859  0.4376
-0.0378418  -0.0194511
-0.0375977  -0.669455
-0.0373535  3.01359
-0.0371094  2.26643
-0.0368652  1.79994
-0.0366211  1.37189
-0.036377  0.953022
-0.0361328  0.531567
-0.0358887  0.091573
-0.0356445  -0.43436
-0.0354004  -2.39798
-0.0351562  2.39938
-0.0349121  1.89506
-0.034668  1.45891
-0.0344238  1.03823
-0.0341797  0.618658
-0.0339355  0.18772
-0.0336914  -0.29016
-0.0334473  -1.18055
-0.0332031  2.6018
-0.032959  2.00423
-0.0327148  1.55266
-0.0324707  1.12789
-0.0322266  0.708807
-0.0319824  0.283961
-0.0317383  -0.168108
-0.0314941  -0.772237
-0.03125  2.97146
-0.0310059  2.11886
-0.0307617  1.64411
-0.0305176  1.21374
-0.0302734  0.793887
-0.0300293  0.372159
-0.0297852  -0.0666375
-0.029541  -0.580547
-0.0292969  -2.17962
-0.0290527  2.27211
-0.0288086  1.74689
-0.0285645  1.30589
-0.0283203  0.883441
-0.0280762  0.463418
-0.027832  0.0335228
-0.0275879  -0.438076
-0.0273438  -1.23696
-0.0270996  2.4777
-0.0268555  1.85029
-0.0266113  1.39481
-0.0263672  0.968744
-0.026123  0.549092
-0.0258789  0.124217
-0.0256348  -0.326153
-0.0253906  -0.909264
-0.0251465  2.9551
-0.0249023  1.97701
-0.0246582  1.49211
-0.0244141  1.05885
-0.0241699  0.6379
-0.0239258  0.216041
-0.0236816  -0.221434
-0.0234375  -0.727023
-0.0231934  -2.14188
-0.0229492  2.12569
-0.0227051  1.59014
-0.0224609  1.14718
-0.0222168  0.724009
-0.0219727  0.303715
-0.0217285  -0.125906
-0.0214844  -0.594746
-0.0212402  -1.34445
-0.0209961  2.36255
-0.020752  1.70008
-0.0205078  1.23965
-0.0202637  0.811946
-0.0200195  0.391653
-0.0197754  -0.0332049
-0.0195312  -0.482218
-0.0192871  -1.05414
-0.019043  2.87052
-0.0187988  1.82317
-0.0185547  1.33418
-0.0183105  0.899872
-0.0180664  0.478525
-0.0178223  0.0566154
-0.0175781  -0.380235
-0.017334  -0.881136
-0.0170898  -2.15981
-0.0168457  1.98297
-0.0166016  1.43534
-0.0163574  0.989928
-0.0161133  0.565844
-0.0158691  0.14519
-0.015625  -0.284326
-0.0153809  -0.751713
-0.0151367  -1.48186
-0.0148926  2.22088
-0.0146484  1.54323
-0.0144043  1.08096
-0.0141602  0.652675
-0.013916  0.232161
-0.0136719  -0.192629
-0.0134277  -0.640754
-0.0131836  -1.20457
-0.0129395  2.79667
-0.0126953  1.67143
-0.0124512  1.17742
-0.012207  0.7418
-0.0119629  0.319948
-0.0117188  -0.102098
-0.0114746  -0.538653
-0.0112305  -1.03757
-0.0109863  -2.2771
-0.0107422  1.82637
-0.010498  1.27578
-0.0102539  0.829852
-0.0100098  0.405566
-0.00976562  -0.015187
-0.00952148  -0.444652
-0.00927734  -0.911153
-0.0090332  -1.6252
-0.00878906  2.08644
-0.00854492  1.3886
-0.00830078  0.923665
-0.00805664  0.494521
-0.0078125  0.0736866
-0.00756836  -0.3511
-0.00732422  -0.798716
-0.00708008  -1.3595
-0.00683594  2.6518
-0.0065918  1.5111
-0.00634766  1.01683
-0.00610352  0.581205
-0.00585938  0.159361
-0.00561523  -0.262648
-0.00537109  -0.698978
-0.00512695  -1.19614
-0.00488281  -2.37973
-0.00463867  1.67683
-0.00439453  1.11897
-0.00415039  0.671584
-0.00390625  0.246768
-0.00366211  -0.174194
-0.00341797  -0.603657
-0.00317383  -1.06981
-0.00292969  -1.78147
-0.00268555  1.92543
-0.00244141  1.22783
-0.00219727  0.763096
-0.00195312  0.334051
-0.00170898  -0.0867111
-0.00146484  -0.511371
-0.0012207  -0.958522
-0.000976562  -1.51554
-0.000732422  2.5425
-0.000488281  1.35564
-0.000244141  0.858503
0  1.32871e-06
0.000244141  -0.422134
0.000488281  -0.858489
0.000732422  -1.35558
0.000976562  -2.54142
0.0012207  1.51569
0.00146484  0.958554
0.00170898  0.511383
0.00195312  0.0867138
0.00219727  -0.334054
0.00244141  -0.763108
0.00268555  -1.22785
0.00292969  -1.92555
0.00317383  1.78146
0.00341797  1.06983
0.00366211  0.603666
0.00390625  0.174195
0.00415039  -0.24678
0.00439453  -0.671627
0.00463867  -1.11911
0.00488281  -1.67763
0.00512695  2.37227
0.00537109  1.1956
0.00561523  0.698816
0.00585938  0.26259
0.00610352  -0.159357
0.00634766  -0.581126
0.0065918  -1.01658
0.00683594  -1.51014
0.00708008  -2.63661
0.00732422  1.36164
0.00756836  0.799162
0.0078125  0.351255
0.00805664  -0.0736497
0.00830078  -0.494577
0.00854492  -0.923869
0.00878906  -1.38926
0.0090332  -2.09144
0.00927734  1.61996
0.00952148  0.910486
0.00976562  0.444442
0.0100098  0.0151159
0.0102539  -0.405561
0.010498  -0.829764
0.0107422  -1.27551
0.0109863  -1.82511
0.0112305  2.28847
0.0114746  1.03823
0.0117188  0.53882
0.0119629  0.102155
0.012207  -0.319936
0.0124512  -0.741824
0.0126953  -1.1775
0.0129395  -1.67172
0.0131836  -2.80068
0.0134277  1.20405
0.0136719  0.640655
0.013916  0.192597
0.0141602  -0.23217
0.0144043  -0.65267
0.0146484  -1.08094
0.0148926  -1.54315
0.0151367  -2.2203
0.0153809  1.48259
0.015625  0.751804
0.0158691  0.284355
0.0161133  -0.145181
0.0163574  -0.565846
0.0166016  -0.989946
0.0168457  -1.4354
0.0170898  -1.98326
0.017334  2.15677
0.0175781  0.880942
0.0178223  0.380181
0.0180664  -0.0566355
0.0183105  -0.478528
0.0185547  -0.899858
0.0187988  -1.33413
0.019043  -1.82299
0.0192871  -2.86778
0.0195312  1.05463
0.0197754  0.482317
0.0200195  0.0332403
0.0202637  -0.391642
0.0205078  -0.811953
0.020752  -1.23968
0.0209961  -1.7002
0.0212402  -2.36339
0.0214844  1.34318
0.0217285  0.594597
0.0219727  0.125859
0.0222168  -0.303732
0.0224609  -0.72401
0.0227051  -1.14717
0.0229492  -1.59009
0.0231934  -2.12546
0.0234375  2.14463
0.0236816  0.727172
0.0239258  0.22147
0.0241699  -0.216028
0.0244141  -0.637896
0.0246582  -1.05885
0.0249023  -1.49212
0.0251465  -1.97705
0.0253906  -2.95562
0.0256348  0.909156
0.0258789  0.326133
0.026123  -0.124224
0.0263672  -0.549095
0.0266113  -0.968742
0.0268555  -1.3948
0.0270996  -1.85026
0.0273438  -2.47746
0.0275879  1.23755
0.027832  0.438144
0.0280762  -0.0334994
0.0283203  -0.463409
0.0285645  -0.883441
0.0288086  -1.3059
0.0290527  -1.74693
0.0292969  -2.27232
0.029541  2.17608
0.0297852  0.58033
0.0300293  0.0665803
0.0302734  -0.372182
0.0305176  -0.793894
0.0307617  -1.21374
0.0310059  -1.64408
0.03125  -2.11877
0.0314941  -2.97042
0.0317383  0.772578
0.0319824  0.168163
0.0322266  -0.283943
0.0324707  -0.7088
0.0327148  -1.12789
0.032959  -1.55266
0.0332031  -2.00423
0.0334473  -2.60178
0.0336914  1.18076
0.0339355  0.29019
0.0341797  -0.187707
0.0344238  -0.618653
0.034668  -1.03823
0.0349121  -1.45891
0.0351562  -1.89508
0.0354004  -2.3995
0.0356445  2.39527
0.0358887  0.434161
0.0361328  -0.0916223
0.036377  -0.531587
0.0366211  -0.953028
0.0368652  -1.37189
0.0371094  -1.79992
0.0373535  -2.26635
0.0375977  -3.01284
0.0378418  0.669963
0.0380859  0.0195297
0.0383301  -0.437572
0.0385742  -0.863133
0.0388184  -1.28132
0.0390625  -1.70332
0.0393066  -2.14683
0.0395508  -2.6982
0.0397949  1.23959
0.0400391  0.139955
0.0402832  -0.345829
0.0405273  -0.777535
0.0407715  -1.1965
0.0410156  -1.61555
0.0412598  -2.04761
0.0415039  -2.53443
0.041748  2.65237
0.0419922  0.314113
0.0422363  -0.240615
0.0424805  -0.684634
0.0427246  -1.10637
0.0429688  -1.52369
0.0432129  -1.94746
0.043457  -2.40024
0.0437012  -3.03099
0.0439453  0.609762
0.0441895  -0.132349
0.0444336  -0.595344
0.0446777  -1.02133
0.0449219  -1.43847
0.045166  -1.85793
0.0454102  -2.2945
0.0456543  -2.80856
0.0458984  1.65207
0.0461426  0.0112494
0.0463867  -0.495121
0.0466309  -0.930087
0.046875  -1.34886
0.0471191  -1.76557
0.0473633  -2.19131
0.0476074  -2.65514
0.0478516  2.85885
0.0480957  0.217466
0.0483398  -0.392021
0.048584  -0.841118
0.0488281  -1.26301
0.0490723  -1.67873
0.0493164  -2.09855
0.0495605  -2.53955
0.0498047  -3.08812
0.0500488  0.772271
0.050293  -0.266965
0.0505371  -0.745572
0.0507812  -1.17398
0.0510254  -1.59033
0.0512695  -2.00645
0.0515137  -2.43396
0.0517578  -2.90964
0.052002  2.36145
0.0522461  -0.098244
0.0524902  -0.645068
0.0527344  -1.08479
0.0529785  -1.50348
0.0532227  -1.91785
0.0534668  -2.33769
0.0537109  -2.78233
0.0539551  2.91322
0.0541992  0.257816
0.0544434  -0.530191
0.0546875  -0.992206
0.0549316  -1.4159
0.0551758  -1.83022
0.0554199  -2.24558
0.0556641  -2.67412
0.0559082  3.12311
0.0561523  1.75318
0.0563965  -0.380064
0.0566406  -0.893445
0.0568848  -1.32662
0.0571289  -1.74263
0.057373  -2.15557
0.0576172  -2.57481
0.0578613  -3.02124
0.0581055  2.63963
0.0583496  -0.103284
0.0585938  -0.784383
0.0588379  -1.23587
0.059082  -1.65592
0.0593262  -2.06826
0.0595703  -2.48229
0.0598145  -2.91018
0.0600586  2.88302
0.0603027  1.20177
0.0605469  -0.644217
0.060791  -1.13901
0.0610352  -1.56743
0.0612793  -1.98108
0.0615234  -2.39236
0.0617676  -2.81016
0.0620117  3.02769
0.0622559  2.39295
0.0625  -0.391991
0.0627441  -1.03123
0.0629883  -1.47667
0.0632324  -1.89403
0.0634766  -2.30447
0.0637207  -2.71661
0.0639648  3.14124
0.064209  2.65646
0.0644531  0.918593
0.0646973  -0.894443
0.0649414  -1.38099
0.0651855  -1.80624
0.0654297  -2.21776
0.0656738  -2.627
0.065918  -3.0421
0.0661621  2.80126
0.0664062  2.19585
0.0666504  -0.633776
0.0668945  -1.27336
0.0671387  -1.71588
0.0673828  -2.13113
0.067627  -2.53955
0.0678711  -2.94917
0.0681152  2.91318
0.0683594  2.44324
0.0686035  1.04003
0.0688477  -1.13126
0.0690918  -1.61968
0.0693359  -2.0434
0.0695801  -2.45311
0.0698242  -2.86008
0.0700684  3.01168
0.0703125  2.58079
0.0705566  2.03519
0.0708008  -0.798997
0.0710449  -1.50847
0.0712891  -1.95242
0.0715332  -2.36647
0.0717773  -2.77297
0.0720215  3.10358
0.0722656  2.68876
0.0725098  2.23968
0.0727539  1.37743
0.072998  -1.34775
0.0732422  -1.85456
0.0734863  -2.27882
0.0737305  -2.68717
0.0739746  -3.09176
0.0742188  2.78425
0.0744629  2.3639
0.074707  1.879
0.0749512  -0.645469
0.0751953  -1.73324
0.0754395  -2.18605
0.0756836  -2.60026
0.0759277  -3.00515
0.0761719  2.8745
0.076416  2.46607
0.0766602  2.03745
0.0769043  1.4669
0.0771484  -1.50405
0.0773926  -2.08294
0.0776367  -2.51187
0.0778809  -2.91977
0.078125  2.96096
0.0783691  2.55799
0.0786133  2.1476
0.0788574  1.70624
0.0791016  0.83002
0.0793457  -1.93259
0.0795898  -2.41524
0.079834  -2.83228
0.0800781  3.04692
0.0803223  2.64612
0.0805664  2.24344
0.0808105  1.83067
0.0810547  1.37008
0.0812988  -1.03097
0.081543  -2.29622
0.0817871  -2.74106
0.0820312  3.1327
0.0822754  2.73171
0.0825195  2.33238
0.0827637  1.93002
0.0830078  1.51475
0.083252  1.0251
0.0834961  -1.98735
0.0837402  -2.63537
0.0839844  -3.06188
0.0842285  2.8169
0.0844727  2.41826
0.0847168  2.02028
0.0849609  1.61846
0.0852051  1.20108
0.0854492  0.667063
0.0856934  -2.44566
0.0859375  -2.96397
0.0861816  2.90367
0.0864258  2.5031
0.0866699  2.10666
0.0869141  1.71032
0.0871582  1.30989
0.0874023  0.89265
0.0876465  0.304624
0.0878906  -2.81967
0.0881348  2.99535
0.0883789  2.5875
0.088623  2.19032
0.0888672  1.79618
0.0891113  1.40194
0.0893555  1.00394
0.0895996  0.589929
0.0898438  -0.0498446
0.0900879  3.11374
0.090332  2.67367
0.0905762  2.27222
0.0908203  1.87847
0.0910645  1.4871
0.0913086  1.09591
0.0915527  0.702451
0.0917969  0.299057
0.092041  -0.2242
0.0922852  2.7792
0.0925293  2.35299
0.0927734  1.95707
0.0930176  1.56711
0.0932617  1.17938
0.0935059  0.792751
0.09375  0.406756
0.0939941  0.0211683
0.0942383  -0.364139
0.0944824  -0.749243
0.0947266  -1.13419
0.0949707  -1.51902
0.0952148  -1.90376
0.095459  -2.28841
0.0957031  -2.673
0.0959473  -3.05755
0.0961914  2.84114
0.0964355  2.45668
0.0966797  2.07224
0.0969238  1.68781
0.097168  1.3034
0.0974121  0.918988
0.0976562  0.534564
0.0979004  0.150116
0.0981445  -0.234376
0.0983887  -0.618936
0.0986328  -1.0036
0.098877  -1.38844
0.0991211  -1.77353
0.0993652  -2.15904
0.0996094  -2.5453
0.0998535  -2.933
0.100098  2.95912
0.100342  2.55702
0.100586  2.0435
0.10083  -1.22467
0.101074  -1.65848
0.101318  -2.05469
0.101562  -2.44395
0.101807  -2.8307
0.102051  3.06694
0.102295  2.68207
0.102539  2.29761
0.102783  1.91343
0.103027  1.52945
0.103271  1.1456
0.103516  0.761852
0.10376  0.378178
0.104004  -0.00544322
0.104248  -0.389025
0.104492  -0.772579
0.104736  -1.15611
0.10498  -1.53963
0.105225  -1.92315
0.105469  -2.30665
0.105713  -2.69015
0.105957  -3.07365
0.106201  2.82604
0.106445  2.44254
0.106689  2.05905
0.106934  1.67555
0.107178  1.29206
0.107422  0.908562
0.107666  0.525067
0.10791  0.141572
0.108154  -0.241923
0.108398  -0.625418
0.108643  -1.00891
0.108887  -1.39241
0.109131  -1.7759
0.109375  -2.1594
0.109619  -2.5429
0.109863  -2.92639
0.110107  2.9733
0.110352  2.5898
0.110596  2.20631
0.11084  1.82281
0.111084  1.43932
0.111328  1.05582
0.111572  0.672329
0.111816  0.288834
0.112061  -0.0946615
0.112305  -0.478157
0.112549  -0.861652
0.112793  -1.24515
0.113037  -1.62864
0.113281  -2.01214
0.113525  -2.39563
0.11377  -2.77913
0.114014  3.12056
0.114258  2.73707
0.114502  2.35357
0.114746  1.97008
0.11499  1.58658
0.115234  1.20309
0.115479  0.819591
0.115723  0.436096
0.115967  0.0526005
0.116211  -0.330895
0.116455  -0.71439
0.116699  -1.09789
0.116943  -1.48138
0.117188  -1.86488
0.117432  -2.24837
0.117676  -2.63187
0.11792  -3.01536
0.118164  2.88433
0.118408  2.50083
0.118652  2.11734
0.118896  1.73384
0.119141  1.35035
0.119385  0.966853
0.119629  0.583358
0.119873  0.199863
0.120117  -0.183633
0.120361  -0.567128
0.120605  -0.950623
0.12085  -1.33412
0.121094  -1.71761
0.121338  -2.10111
0.121582  -2.4846
0.121826  -2.8681
0.12207  3.03159
0.122314  2.6481
0.122559  2.2646
0.122803  1.88111
0.123047  1.49761
0.123291  1.11412
0.123535  0.73062
0.123779  0.347125
0.124023  -0.0363705
0.124268  -0.419866
0.124512  -0.803361
0.124756  -1.18686
0.125  -1.57035
0.125244  -1.95385
0.125488  -2.33734
0.125732  -2.72084
0.125977  -3.10433
0.126221  2.79536
0.126465  2.41186
0.126709  2.02837
0.126953  1.64487
0.127197  1.26138
0.127441  0.877882
0.127686  0.494387
0.12793  0.110892
0.128174  -0.272604
0.128418  -0.656099
0.128662  -1.03959
0.128906  -1.42309
0.12915  -1.80658
0.129395  -2.19008
0.129639  -2.57357
0.129883  -2.95707
0.130127  2.94262
0.130371  2.55913
0.130615  2.17563
0.130859  1.79213
0.131104  1.40864
0.131348  1.02514
0.131592  0.641649
0.131836  0.258154
0.13208  -0.125341
0.132324  -0.508837
0.132568  -0.892332
0.132812  -1.27583
0.133057  -1.65932
0.133301  -2.04282
0.133545  -2.42631
0.133789  -2.80981
0.134033  3.08988
0.134277  2.70639
0.134521  2.32289
0.134766  1.9394
0.13501  1.5559
0.135254  1.17241
0.135498  0.788911
0.135742  0.405416
0.135986  0.0219208
0.13623  -0.361574
0.136475  -0.74507
0.136719  -1.12856
0.136963  -1.51206
0.137207  -1.89556
0.137451  -2.27905
0.137695  -2.66255
0.137939  -3.04604
0.138184  2.85365
0.138428  2.47015
0.138672  2.08666
0.138916  1.70316
0.13916  1.31967
0.139404  0.936173
0.139648  0.552678
0.139893  0.169183
0.140137  -0.214312
0.140381  -0.597807
0.140625  -0.981303
0.140869  -1.3648
0.141113  -1.74829
0.141357  -2.13179
0.141602  -2.51528
0.141846  -2.89878
0.14209  3.00091
0.142334  2.61742
0.142578  2.23392
0.142822  1.85043
0.143066  1.46693
0.143311  1.08344
0.143555  0.69994
0.143799  0.316445
0.144043  -0.0670501
0.144287  -0.450545
0.144531  -0.83404
0.144775  -1.21754
0.14502  -1.60103
0.145264  -1.98453
0.145508  -2.36802
0.145752  -2.75152
0.145996  -3.13501
0.14624  2.76468
0.146484  2.38118
0.146729  1.99769
0.146973  1.61419
0.147217  1.2307
0.147461  0.847202
0.147705  0.463707
0.147949  0.0802121
0.148193  -0.303283
0.148438  -0.686778
0.148682  -1.07027
0.148926  -1.45377
0.14917  -1.83726
0.149414  -2.22076
0.149658  -2.60425
0.149902  -2.98775
0.150146  2.91194
0.150391  2.52845
0.150635  2.14495
0.150879  1.76146
0.151123  1.37796
0.151367  0.994465
0.151611  0.610969
0.151855  0.227474
0.1521  -0.156021
0.152344  -0.539516
0.152588  -0.923011
0.152832  -1.30651
0.153076  -1.69
0.15332  -2.0735
0.153564  -2.45699
0.153809  -2.84049
0.154053  3.0592
0.154297  2.67571
0.154541  2.29221
0.154785  1.90872
0.155029  1.52522
0.155273  1.14173
0.155518  0.758232
0.155762  0.374736
0.156006  -0.00875878
0.15625  -0.392254
0.156494  -0.775749
0.156738  -1.15924
0.156982  -1.54274
0.157227  -1.92623
0.157471  -2.30973
0.157715  -2.69323
0.157959  -3.07672
0.158203  2.82297
0.158447  2.43947
0.158691  2.05598
0.158936  1.67248
0.15918  1.28899
0.159424  0.905494
0.159668  0.521999
0.159912  0.138503
0.160156  -0.244992
0.1604  -0.628487
0.160645  -1.01198
0.160889  -1.39548
0.161133  -1.77897
0.161377  -2.16247
0.161621  -2.54596
0.161865  -2.92946
0.162109  2.97023
0.162354  2.58674
0.162598  2.20324
0.162842  1.81975
0.163086  1.43625
0.16333  1.05276
0.163574  0.669261
0.163818  0.285766
0.164062  -0.0977296
0.164307  -0.481225
0.164551  -0.86472
0.164795  -1.24822
0.165039  -1.63171
0.165283  -2.01521
0.165527  -2.3987
0.165771  -2.7822
0.166016  3.11749
0.16626  2.734
0.166504  2.3505
0.166748  1.96701
0.166992  1.58351
0.167236  1.20002
0.16748  0.816523
0.167725  0.433028
0.167969  0.0495325
0.168213  -0.333963
0.168457  -0.717458
0.168701  -1.10095
0.168945  -1.48445
0.169189  -1.86794
0.169434  -2.25144
0.169678  -2.63493
0.169922  -3.01843
0.170166  2.88126
0.17041  2.49777
0.170654  2.11427
0.170898  1.73078
0.171143  1.34728
0.171387  0.963785
0.171631  0.58029
0.171875  0.196795
0.172119  -0.186701
0.172363  -0.570196
0.172607  -0.953691
0.172852  -1.33719
0.173096  -1.72068
0.17334  -2.10418
0.173584  -2.48767
0.173828  -2.87117
0.174072  3.02852
0.174316  2.64503
0.174561  2.26153
0.174805  1.87804
0.175049  1.49454
0.175293  1.11105
0.175537  0.727552
0.175781  0.344057
0.176025  -0.0394384
0.17627  -0.422934
0.176514  -0.806429
0.176758  -1.18992
0.177002  -1.57342
0.177246  -1.95691
0.17749  -2.34041
0.177734  -2.7239
0.177979  -3.1074
0.178223  2.79229
0.178467  2.40879
0.178711  2.0253
0.178955  1.6418
0.179199  1.25831
0.179443  0.874814
0.179688  0.491319
0.179932  0.107824
0.180176  -0.275671
0.18042  -0.659167
0.180664  -1.04266
0.180908  -1.42616
0.181152  -1.80965
0.181396  -2.19315
0.181641  -2.57664
0.181885  -2.96014
0.182129  2.93955
0.182373  2.55606
0.182617  2.17256
0.182861  1.78907
0.183105  1.40557
0.18335  1.02208
0.183594  0.638581
0.183838  0.255086
0.184082  -0.128409
0.184326  -0.511904
0.18457  -0.8954
0.184814  -1.27889
0.185059  -1.66239
0.185303  -2.04589
0.185547  -2.42938
0.185791  -2.81288
0.186035  3.08681
0.186279  2.70332
0.186523  2.31982
0.186768  1.93633
0.187012  1.55283
0.187256  1.16934
0.1875  0.785843
0.187744  0.402348
0.187988  0.0188529
0.188232  -0.364642
0.188477  -0.748137
0.188721  -1.13163
0.188965  -1.51513
0.189209  -1.89862
0.189453  -2.28212
0.189697  -2.66561
0.189941  -3.04911
0.190186  2.85058
0.19043  2.46709
0.190674  2.08359
0.190918  1.7001
0.191162  1.3166
0.191406  0.933105
0.19165  0.54961
0.191895  0.166115
0.192139  -0.21738
0.192383  -0.600875
0.192627  -0.984371
0.192871  -1.36787
0.193115  -1.75136
0.193359  -2.13486
0.193604  -2.51835
0.193848  -2.90185
0.194092  2.99784
0.194336  2.61435
0.19458  2.23085
0.194824  1.84736
0.195068  1.46386
0.195312  1.08037
0.195557  0.696872
0.195801  0.313377
0.196045  -0.070118
0.196289  -0.453613
0.196533  -0.837108
0.196777  -1.2206
0.197021  -1.6041
0.197266  -1.98759
0.19751  -2.37109
0.197754  -2.75458
0.197998  -3.13808
0.198242  2.76161
0.198486  2.37812
0.19873  1.99462
0.198975  1.61112
0.199219  1.22763
0.199463  0.844135
0.199707  0.460639
0.199951  0.0771442
0.200195  -0.306351
0.200439  -0.689846
0.200684  -1.07334
0.200928  -1.45684
0.201172  -1.84033
0.201416  -2.22383
0.20166  -2.60732
0.201904  -2.99082
0.202148  2.90887
0.202393  2.52538
0.202637  2.14188
0.202881  1.75839
0.203125  1.37489
0.203369  0.991397
0.203613  0.607902
0.203857  0.224406
0.204102  -0.159089
0.204346  -0.542584
0.20459  -0.926079
0.204834  -1.30957
0.205078  -1.69307
0.205322  -2.07656
0.205566  -2.46006
0.205811  -2.84356
0.206055  3.05613
0.206299  2.67264
0.206543  2.28914
0.206787  1.90565
0.207031  1.52215
0.207275  1.13866
0.20752  0.755164
0.207764  0.371668
0.208008  -0.0118267
0.208252  -0.395322
0.208496  -0.778817
0.20874  -1.16231
0.208984  -1.54581
0.209229  -1.9293
0.209473  -2.3128
0.209717  -2.69629
0.209961  -3.07979
0.210205  2.8199
0.210449  2.43641
0.210693  2.05291
0.210938  1.66942
0.211182  1.28592
0.211426  0.902426
0.21167  0.518931
0.211914  0.135435
0.212158  -0.24806
0.212402  -0.631555
0.212646  -1.01505
0.212891  -1.39855
0.213135  -1.78204
0.213379  -2.16554
0.213623  -2.54903
0.213867  -2.93253
0.214111  2.96716
0.214355  2.58367
0.2146  2.20017
0.214844  1.81668
0.215088  1.43318
0.215332  1.04969
0.215576  0.666193
0.21582  0.282698
0.216064  -0.100798
0.216309  -0.484293
0.216553  -0.867788
0.216797  -1.25128
0.217041  -1.63478
0.217285  -2.01827
0.217529  -2.40177
0.217773  -2.78526
0.218018  3.11443
0.218262  2.73093
0.218506  2.34744
0.21875  1.96394
0.218994  1.58045
0.219238  1.19695
0.219482  0.813455
0.219727  0.42996
0.219971  0.0464645
0.220215  -0.337031
0.220459  -0.720526
0.220703  -1.10402
0.220947  -1.48752
0.221191  -1.87101
0.221436  -2.25451
0.22168  -2.638
0.221924  -3.0215
0.222168  2.87819
0.222412  2.4947
0.222656  2.1112
0.2229  1.72771
0.223145  1.34421
0.223389  0.960717
0.223633  0.577222
0.223877  0.193727
0.224121  -0.189768
0.224365  -0.573264
0.224609  -0.956759
0.224854  -1.34025
0.225098  -1.72375
0.225342  -2.10724
0.225586  -2.49074
0.22583  -2.87423
0.226074  3.02546
0.226318  2.64196
0.226562  2.25846
0.226807  1.87497
0.227051  1.49147
0.227295  1.10798
0.227539  0.724484
0.227783  0.340989
0.228027  -0.0425063
0.228271  -0.426002
0.228516  -0.809497
0.22876  -1.19299
0.229004  -1.57649
0.229248  -1.95998
0.229492  -2.34348
0.229736  -2.72697
0.22998  -3.11047
0.230225  2.78922
0.230469  2.40573
0.230713  2.02223
0.230957  1.63874
0.231201  1.25524
0.231445  0.871746
0.231689  0.488251
0.231934  0.104756
0.232178  -0.278739
0.232422  -0.662235
0.232666  -1.04573
0.23291  -1.42923
0.233154  -1.81272
0.233398  -2.19622
0.233643  -2.57971
0.233887  -2.96321
0.234131  2.93648
0.234375  2.55299
0.234619  2.16949
0.234863  1.786
0.235107  1.4025
0.235352  1.01901
0.235596  0.635513
0.23584  0.252018
0.236084  -0.131477
0.236328  -0.514972
0.236572  -0.898468
0.236816  -1.28196
0.237061  -1.66546
0.237305  -2.04895
0.237549  -2.43245
0.237793  -2.81594
0.238037  3.08375
0.238281  2.70025
0.238525  2.31676
0.23877  1.93326
0.239014  1.54977
0.239258  1.16627
0.239502  0.782775
0.239746  0.39928
0.23999  0.0157849
0.240234  -0.36771
0.240479  -0.751205
0.240723  -1.1347
0.240967  -1.5182
0.241211  -1.90169
0.241455  -2.28519
0.241699  -2.66868
0.241943  -3.05218
0.242188  2.84751
0.242432  2.46402
0.242676  2.08052
0.24292  1.69703
0.243164  1.31353
0.243408  0.930037
0.243652  0.546542
0.243896  0.163047
0.244141  -0.220448
0.244385  -0.603943
0.244629  -0.987439
0.244873  -1.37093
0.245117  -1.75443
0.245361  -2.13792
0.245605  -2.52142
0.24585  -2.90491
0.246094  2.99478
0.246338  2.61128
0.246582  2.22779
0.246826  1.84429
0.24707  1.46079
0.247314  1.0773
0.247559  0.693804
0.247803  0.310309
0.248047  -0.073186
0.248291  -0.456681
0.248535  -0.840176
0.248779  -1.22367
0.249023  -1.60717
0.249268  -1.99066
0.249512  -2.37416
0.249756  -2.75765
0.25  -3.14115
0.250244  2.75854
0.250488  2.37505
0.250732  1.99155
0.250977  1.60806
0.251221  1.22456
0.251465  0.841067
0.251709  0.457571
0.251953  0.0740762
0.252197  -0.309419
0.252441  -0.692914
0.252686  -1.07641
0.25293  -1.4599
0.253174  -1.8434
0.253418  -2.2269
0.253662  -2.61039
0.253906  -2.99389
0.25415  2.9058
0.254395  2.52231
0.254639  2.13881
0.254883  1.75532
0.255127  1.37182
0.255371  0.988329
0.255615  0.604834
0.255859  0.221338
0.256104  -0.162157
0.256348  -0.545652
0.256592  -0.929147
0.256836  -1.31264
0.25708  -1.69614
0.257324  -2.07963
0.257568  -2.46313
0.257812  -2.84662
0.258057  3.05307
0.258301  2.66957
0.258545  2.28608
0.258789  1.90258
0.259033  1.51909
0.259277  1.13559
0.259521  0.752096
0.259766  0.368601
0.26001  -0.0148947
0.260254  -0.39839
0.260498  -0.781885
0.260742  -1.16538
0.260986  -1.54888
0.26123  -1.93237
0.261475  -2.31587
0.261719  -2.69936
0.261963  -3.08286
0.262207  2.81683
0.262451  2.43334
0.262695  2.04984
0.262939  1.66635
0.263184  1.28285
0.263428  0.899358
0.263672  0.515863
0.263916  0.132367
0.26416  -0.251128
0.264404  -0.634623
0.264648  -1.01812
0.264893  -1.40161
0.265137  -1.78511
0.265381  -2.1686
0.265625  -2.5521
0.265869  -2.93559
0.266113  2.9641
0.266357  2.5806
0.266602  2.19711
0.266846  1.81361
0.26709  1.43012
0.267334  1.04662
0.267578  0.663125
0.267822  0.27963
0.268066  -0.103866
0.268311  -0.487361
0.268555  -0.870856
0.268799  -1.25435
0.269043  -1.63785
0.269287  -2.02134
0.269531  -2.40484
0.269775  -2.78833
0.27002  3.11136
0.270264  2.72786
0.270508  2.34437
0.270752  1.96087
0.270996  1.57738
0.27124  1.19388
0.271484  0.810387
0.271729  0.426892
0.271973  0.0433966
0.272217  -0.340099
0.272461  -0.723594
0.272705  -1.10709
0.272949  -1.49058
0.273193  -1.87408
0.273438  -2.25757
0.273682  -2.64107
0.273926  -3.02457
0.27417  2.87513
0.274414  2.49163
0.274658  2.10813
0.274902  1.72464
0.275146  1.34114
0.275391  0.957649
0.275635  0.574154
0.275879  0.190659
0.276123  -0.192836
0.276367  -0.576332
0.276611  -0.959827
0.276855  -1.34332
0.2771  -1.72682
0.277344  -2.11031
0.277588  -2.49381
0.277832  -2.8773
0.278076  3.02239
0.27832  2.63889
0.278564  2.2554
0.278809  1.8719
0.279053  1.48841
0.279297  1.10491
0.279541  0.721416
0.279785  0.337921
0.280029  -0.0455743
0.280273  -0.42907
0.280518  -0.812565
0.280762  -1.19606
0.281006  -1.57956
0.28125  -1.96305
0.281494  -2.34655
0.281738  -2.73004
0.281982  -3.11354
0.282227  2.78615
0.282471  2.40266
0.282715  2.01916
0.282959  1.63567
0.283203  1.25217
0.283447  0.868678
0.283691  0.485183
0.283936  0.101688
0.28418  -0.281807
0.284424  -0.665303
0.284668  -1.0488
0.284912  -1.43229
0.285156  -1.81579
0.2854  -2.19928
0.285645  -2.58278
0.285889  -2.96627
0.286133  2.93342
0.286377  2.54992
0.286621  2.16643
0.286865  1.78293
0.287109  1.39944
0.287354  1.01594
0.287598  0.632445
0.287842  0.24895
0.288086  -0.134545
0.28833  -0.51804
0.288574  -0.901536
0.288818  -1.28503
0.289062  -1.66853
0.289307  -2.05202
0.289551  -2.43552
0.289795  -2.81901
0.290039  3.08068
0.290283  2.69718
0.290527  2.31369
0.290771  1.93019
0.291016  1.5467
0.29126  1.1632
0.291504  0.779707
0.291748  0.396212
0.291992  0.012717
0.292236  -0.370778
0.29248  -0.754273
0.292725  -1.13777
0.292969  -1.52126
0.293213  -1.90476
0.293457  -2.28825
0.293701  -2.67175
0.293945  -3.05524
0.294189  2.84445
0.294434  2.46095
0.294678  2.07746
0.294922  1.69396
0.295166  1.31046
0.29541  0.92697
0.295654  0.543474
0.295898  0.159979
0.296143  -0.223516
0.296387  -0.607011
0.296631  -0.990507
0.296875  -1.374
0.297119  -1.7575
0.297363  -2.14099
0.297607  -2.52449
0.297852  -2.90798
0.298096  2.99171
0.29834  2.60821
0.298584  2.22472
0.298828  1.84122
0.299072  1.45773
0.299316  1.07423
0.299561  0.690736
0.299805  0.307241
0.300049  -0.0762539
0.300293  -0.459749
0.300537  -0.843244
0.300781  -1.22674
0.301025  -1.61023
0.30127  -1.99373
0.301514  -2.37723
0.301758  -2.76072
0.302002  3.13897
0.302246  2.75547
0.30249  2.37198
0.302734  1.98848
0.302979  1.60499
0.303223  1.22149
0.303467  0.837999
0.303711  0.454503
0.303955  0.0710082
0.304199  -0.312487
0.304443  -0.695982
0.304688  -1.07948
0.304932  -1.46297
0.305176  -1.84647
0.30542  -2.22996
0.305664  -2.61346
0.305908  -2.99695
0.306152  2.90274
0.306396  2.51924
0.306641  2.13575
0.306885  1.75225
0.307129  1.36876
0.307373  0.985261
0.307617  0.601766
0.307861  0.21827
0.308105  -0.165225
0.30835  -0.54872
0.308594  -0.932215
0.308838  -1.31571
0.309082  -1.69921
0.309326  -2.0827
0.30957  -2.4662
0.309814  -2.84969
0.310059  3.05
0.310303  2.6665
0.310547  2.28301
0.310791  1.89951
0.311035  1.51602
0.311279  1.13252
0.311523  0.749028
0.311768  0.365533
0.312012  -0.0179627
0.312256  -0.401458
0.3125  -0.784953
0.312744  -1.16845
0.312988  -1.55194
0.313232  -1.93544
0.313477  -2.31893
0.313721  -2.70243
0.313965  -3.08592
0.314209  2.81377
0.314453  2.43027
0.314697  2.04678
0.314941  1.66328
0.315186  1.27979
0.31543  0.89629
0.315674  0.512795
0.315918  0.1293
0.316162  -0.254196
0.316406  -0.637691
0.31665  -1.02119
0.316895  -1.40468
0.317139  -1.78818
0.317383  -2.17167
0.317627  -2.55517
0.317871  -2.93866
0.318115  2.96103
0.318359  2.57753
0.318604  2.19404
0.318848  1.81054
0.319092  1.42705
0.319336  1.04355
0.31958  0.660057
0.319824  0.276562
0.320068  -0.106934
0.320312  -0.490429
0.320557  -0.873924
0.320801  -1.25742
0.321045  -1.64091
0.321289  -2.02441
0.321533  -2.4079
0.321777  -2.7914
0.322021  3.10829
0.322266  2.72479
0.32251  2.3413
0.322754  1.9578
0.322998  1.57431
0.323242  1.19081
0.323486  0.807319
0.32373  0.423824
0.323975  0.0403286
0.324219  -0.343167
0.324463  -0.726662
0.324707  -1.11016
0.324951  -1.49365
0.325195  -1.87715
0.325439  -2.26064
0.325684  -2.64414
0.325928  -3.02763
0.326172  2.87206
0.326416  2.48856
0.32666  2.10507
0.326904  1.72157
0.327148  1.33808
0.327393  0.954581
0.327637  0.571086
0.327881  0.187591
0.328125  -0.195904
0.328369  -0.5794
0.328613  -0.962895
0.328857  -1.34639
0.329102  -1.72989
0.329346  -2.11338
0.32959  -2.49688
0.329834  -2.88037
0.330078  3.01932
0.330322  2.63582
0.330566  2.25233
0.330811  1.86883
0.331055  1.48534
0.331299  1.10184
0.331543  0.718348
0.331787  0.334853
0.332031  -0.0486423
0.332275  -0.432137
0.33252  -0.815633
0.332764  -1.19913
0.333008  -1.58262
0.333252  -1.96612
0.333496  -2.34961
0.33374  -2.73311
0.333984  -3.1166
0.334229  2.78309
0.334473  2.39959
0.334717  2.0161
0.334961  1.6326
0.335205  1.24911
0.335449  0.86561
0.335693  0.482115
0.335938  0.0986199
0.336182  -0.284875
0.336426  -0.668371
0.33667  -1.05187
0.336914  -1.43536
0.337158  -1.81886
0.337402  -2.20235
0.337646  -2.58585
0.337891  -2.96934
0.338135  2.93035
0.338379  2.54685
0.338623  2.16336
0.338867  1.77986
0.339111  1.39637
0.339355  1.01287
0.3396  0.629377
0.339844  0.245882
0.340088  -0.137613
0.340332  -0.521108
0.340576  -0.904604
0.34082  -1.2881
0.341064  -1.67159
0.341309  -2.05509
0.341553  -2.43858
0.341797  -2.82208
0.342041  3.07761
0.342285  2.69412
0.342529  2.31062
0.342773  1.92713
0.343018  1.54363
0.343262  1.16013
0.343506  0.776639
0.34375  0.393144
0.343994  0.00964903
0.344238  -0.373846
0.344482  -0.757341
0.344727  -1.14084
0.344971  -1.52433
0.345215  -1.90783
0.345459  -2.29132
0.345703  -2.67482
0.345947  -3.05831
0.346191  2.84138
0.346436  2.45788
0.34668  2.07439
0.346924  1.69089
0.347168  1.3074
0.347412  0.923902
0.347656  0.540406
0.3479  0.156911
0.348145  -0.226584
0.348389  -0.610079
0.348633  -0.993574
0.348877  -1.37707
0.349121  -1.76056
0.349365  -2.14406
0.349609  -2.52756
0.349854  -2.91105
0.350098  2.98864
0.350342  2.60514
0.350586  2.22165
0.35083  1.83815
0.351074  1.45466
0.351318  1.07116
0.351562  0.687669
0.351807  0.304173
0.352051  -0.0793218
0.352295  -0.462817
0.352539  -0.846312
0.352783  -1.22981
0.353027  -1.6133
0.353271  -1.9968
0.353516  -2.38029
0.35376  -2.76379
0.354004  3.1359
0.354248  2.75241
0.354492  2.36891
0.354736  1.98542
0.35498  1.60192
0.355225  1.21843
0.355469  0.834931
0.355713  0.451436
0.355957  0.0679403
0.356201  -0.315555
0.356445  -0.69905
0.356689  -1.08255
0.356934  -1.46604
0.357178  -1.84954
0.357422  -2.23303
0.357666  -2.61653
0.35791  -3.00002
0.358154  2.89967
0.358398  2.51617
0.358643  2.13268
0.358887  1.74918
0.359131  1.36569
0.359375  0.982193
0.359619  0.598698
0.359863  0.215203
0.360107  -0.168293
0.360352  -0.551788
0.360596  -0.935283
0.36084  -1.31878
0.361084  -1.70227
0.361328  -2.08577
0.361572  -2.46926
0.361816  -2.85276
0.362061  3.04693
0.362305  2.66344
0.362549  2.27994
0.362793  1.89645
0.363037  1.51295
0.363281  1.12946
0.363525  0.74596
0.36377  0.362465
0.364014  -0.0210305
0.364258  -0.404526
0.364502  -0.788021
0.364746  -1.17152
0.36499  -1.55501
0.365234  -1.93851
0.365479  -2.322
0.365723  -2.7055
0.365967  -3.08899
0.366211  2.8107
0.366455  2.4272
0.366699  2.04371
0.366943  1.66021
0.367188  1.27672
0.367432  0.893222
0.367676  0.509727
0.36792  0.126232
0.368164  -0.257264
0.368408  -0.640759
0.368652  -1.02425
0.368896  -1.40775
0.369141  -1.79124
0.369385  -2.17474
0.369629  -2.55824
0.369873  -2.94173
0.370117  2.95796
0.370361  2.57446
0.370605  2.19097
0.37085  1.80747
0.371094  1.42398
0.371338  1.04048
0.371582  0.656989
0.371826  0.273494
0.37207  -0.110001
0.372314  -0.493497
0.372559  -0.876992
0.372803  -1.26049
0.373047  -1.64398
0.373291  -2.02748
0.373535  -2.41097
0.373779  -2.79447
0.374023  3.10522
0.374268  2.72173
0.374512  2.33823
0.374756  1.95474
0.375  1.57124
0.375244  1.18775
0.375488  0.804251
0.375732  0.420756
0.375977  0.0372608
0.376221  -0.346234
0.376465  -0.72973
0.376709  -1.11322
0.376953  -1.49672
0.377197  -1.88022
0.377441  -2.26371
0.377686  -2.64721
0.37793  -3.0307
0.378174  2.86899
0.378418  2.48549
0.378662  2.102
0.378906  1.7185
0.37915  1.33501
0.379395  0.951513
0.379639  0.568018
0.379883  0.184523
0.380127  -0.198972
0.380371  -0.582467
0.380615  -0.965963
0.380859  -1.34946
0.381104  -1.73295
0.381348  -2.11645
0.381592  -2.49994
0.381836  -2.88344
0.38208  3.01625
0.382324  2.63276
0.382568  2.24926
0.382812  1.86577
0.383057  1.48227
0.383301  1.09878
0.383545  0.71528
0.383789  0.331785
0.384033  -0.05171
0.384277  -0.435205
0.384521  -0.818701
0.384766  -1.2022
0.38501  -1.58569
0.385254  -1.96919
0.385498  -2.35268
0.385742  -2.73618
0.385986  -3.11967
0.38623  2.78002
0.386475  2.39652
0.386719  2.01303
0.386963  1.62953
0.387207  1.24604
0.387451  0.862542
0.387695  0.479047
0.387939  0.0955521
0.388184  -0.287943
0.388428  -0.671438
0.388672  -1.05493
0.388916  -1.43843
0.38916  -1.82192
0.389404  -2.20542
0.389648  -2.58891
0.389893  -2.97241
0.390137  2.92728
0.390381  2.54379
0.390625  2.16029
0.390869  1.77679
0.391113  1.3933
0.391357  1.0098
0.391602  0.626309
0.391846  0.242814
0.39209  -0.140681
0.392334  -0.524177
0.392578  -0.907672
0.392822  -1.29117
0.393066  -1.67467
0.393311  -2.05816
0.393555  -2.44166
0.393799  -2.82517
0.394043  3.07451
0.394287  2.69099
0.394531  2.30747
0.394775  1.92394
0.39502  1.54039
0.395264  1.15683
0.395508  0.773259
0.395752  0.389667
0.395996  0.006055
0.39624  -0.377578
0.396484  -0.761233
0.396729  -1.14491
0.396973  -1.52861
0.397217  -1.91234
0.397461  -2.29609
0.397705  -2.67987
0.397949  -3.06367
0.398193  2.83569
0.398438  2.45184
0.398682  2.06797
0.398926  1.68407
0.39917  1.30016
0.399414  0.916228
0.399658  0.532277
0.399902  0.148309
0.400146  -0.235676
0.400391  -0.619677
0.400635  -1.00369
0.400879  -1.38772
0.401123  -1.77176
0.401367  -2.15581
0.401611  -2.53988
0.401855  -2.92395
0.4021  2.97515
0.402344  2.59106
0.402588  2.20697
0.402832  1.82286
0.403076  1.43875
0.40332  1.05463
0.403564  0.670509
0.403809  0.286382
0.404053  -0.0977488
0.404297  -0.481883
0.404541  -0.86602
0.404785  -1.25016
0.405029  -1.6343
0.405273  -2.01845
0.405518  -2.40261
0.405762  -2.78677
0.406006  3.11223
0.40625  2.72802
0.406494  2.34376
0.406738  1.95941
0.406982  1.57493
0.407227  1.19033
0.407471  0.806324
0.407715  0.428177
0.407959  0.0611749
0.408203  -0.317562
0.408447  -0.701016
0.408691  -1.08264
0.408936  -1.46168
0.40918  -1.83847
0.409424  -2.22053
0.409668  -2.75867
0.409912  0.90734
0.410156  0.843575
0.4104  0.280427
0.410645  -0.740723
0.410889  -1.32794
0.411133  -1.77658
0.411377  -2.18792
0.411621  -2.58645
0.411865  -2.98003
0.412109  2.91108
0.412354  2.51783
0.412598  2.11763
0.412842  1.66366
0.413086  -1.66547
0.41333  -2.11664
0.413574  -2.51642
0.413818  -2.90918
0.414062  2.98283
0.414307  2.59086
0.414551  2.19443
0.414795  1.77502
0.415039  -1.43694
0.415283  -2.03975
0.415527  -2.44558
0.415771  -2.84021
0.416016  3.05066
0.41626  2.65773
0.416504  2.26055
0.416748  1.84417
0.416992  -0.161234
0.417236  -1.95644
0.41748  -2.37279
0.417725  -2.77078
0.417969  3.11803
0.418213  2.72327
0.418457  2.32404
0.418701  1.9058
0.418945  1.05678
0.419189  -1.86485
0.419434  -2.29742
0.419678  -2.70019
0.419922  -3.09742
0.420166  2.78852
0.42041  2.3864
0.420654  1.96419
0.420898  1.2714
0.421143  -1.76229
0.421387  -2.21865
0.421631  -2.62777
0.421875  -3.02863
0.422119  2.85423
0.422363  2.44858
0.422607  2.02114
0.422852  1.37299
0.423096  -1.64612
0.42334  -2.13584
0.423584  -2.55298
0.423828  -2.95822
0.424072  2.92104
0.424316  2.51137
0.424561  2.07804
0.424805  1.44585
0.425049  -1.51452
0.425293  -2.04886
0.425537  -2.47568
0.425781  -2.88601
0.426025  2.98919
0.42627  2.57506
0.426514  2.13522
0.426758  1.507
0.427002  -1.36405
0.427246  -1.95676
0.42749  -2.39504
0.427734  -2.81112
0.427979  3.0597
0.428223  2.641
0.428467  2.19485
0.428711  1.56766
0.428955  -1.19723
0.429199  -1.86091
0.429443  -2.31189
0.429688  -2.7341
0.429932  3.13217
0.430176  2.70885
0.43042  2.25663
0.430664  1.63033
0.430908  -1.00661
0.431152  -1.7596
0.431396  -2.22508
0.431641  -2.65385
0.431885  -3.07536
0.432129  2.7802
0.432373  2.32293
0.432617  1.69976
0.432861  -0.800029
0.433105  -1.65572
0.43335  -2.13638
0.433594  -2.5717
0.433838  -2.99758
0.434082  2.85408
0.434326  2.39284
0.43457  1.77639
0.434814  -0.560717
0.435059  -1.54648
0.435303  -2.04443
0.435547  -2.48657
0.435791  -2.91661
0.436035  2.9318
0.436279  2.46814
0.436523  1.86233
0.436768  -0.292041
0.437012  -1.43428
0.437256  -1.95096
0.4375  -2.39978
0.437744  -2.83357
0.437988  3.01232
0.438232  2.5478
0.438477  1.95635
0.438721  0.02369
0.438965  -1.31661
0.439209  -1.85539
0.439453  -2.31122
0.439697  -2.7485
0.439941  3.09547
0.440186  2.63125
0.44043  2.05549
0.440674  0.370322
0.440918  -1.19331
0.441162  -1.75815
0.441406  -2.22121
0.44165  -2.66163
0.441895  -3.10203
0.442139  2.7187
0.442383  2.16118
0.442627  0.747595
0.442871  -1.0599
0.443115  -1.65899
0.443359  -2.13019
0.443604  -2.57369
0.443848  -3.01487
0.444092  2.80831
0.444336  2.26861
0.44458  1.10281
0.444824  -0.911443
0.445068  -1.55722
0.445312  -2.03792
0.445557  -2.48458
0.445801  -2.92624
0.446045  2.89992
0.446289  2.37723
0.446533  1.40921
0.446777  -0.74164
0.447021  -1.45336
0.447266  -1.94535
0.44751  -2.39539
0.447754  -2.83745
0.447998  2.99174
0.448242  2.48428
0.448486  1.66329
0.44873  -0.529852
0.448975  -1.34396
0.449219  -1.85072
0.449463  -2.30478
0.449707  -2.74723
0.449951  3.08521
0.450195  2.59202
0.450439  1.87953
0.450684  -0.248539
0.450928  -1.22972
0.451172  -1.75594
0.451416  -2.2148
0.45166  -2.65788
0.451904  -3.10577
0.452148  2.6963
0.452393  2.06085
0.452637  0.163047
0.452881  -1.10244
0.453125  -1.65767
0.453369  -2.12326
0.453613  -2.56766
0.453857  -3.01331
0.454102  2.79852
0.454346  2.21541
0.45459  0.674253
0.454834  -0.964201
0.455078  -1.55862
0.455322  -2.03209
0.455566  -2.47802
0.455811  -2.92157
0.456055  2.89906
0.456299  2.35675
0.456543  1.21923
0.456787  -0.791497
0.457031  -1.45375
0.457275  -1.93926
0.45752  -2.38811
0.457764  -2.83062
0.458008  2.99648
0.458252  2.48166
0.458496  1.60329
0.45874  -0.576022
0.458984  -1.3445
0.459229  -1.84549
0.459473  -2.29794
0.459717  -2.73972
0.459961  3.09314
0.460205  2.60044
0.460449  1.8886
0.460693  -0.24686
0.460938  -1.22453
0.461182  -1.74962
0.461426  -2.20775
0.46167  -2.64996
0.461914  -3.09635
0.462158  2.70933
0.462402  2.08955
0.462646  0.246977
0.462891  -1.09142
0.463135  -1.65111
0.463379  -2.11669
0.463623  -2.55995
0.463867  -3.0031
0.464111  2.81496
0.464355  2.25682
0.4646  0.925457
0.464844  -0.927851
0.465088  -1.54748
0.465332  -2.0245
0.465576  -2.4703
0.46582  -2.91167
0.466064  2.91492
0.466309  2.39389
0.466553  1.43932
0.466797  -0.723672
0.467041  -1.43981
0.467285  -1.93185
0.467529  -2.38112
0.467773  -2.82139
0.468018  3.01204
0.468262  2.51797
0.468506  1.78711
0.46875  -0.39289
0.468994  -1.31693
0.469238  -1.83442
0.469482  -2.28984
0.469727  -2.73047
0.469971  3.10762
0.470215  2.63137
0.470459  2.01099
0.470703  0.116085
0.470947  -1.18564
0.471191  -1.73784
0.471436  -2.20069
0.47168  -2.64231
0.471924  -3.08401
0.472168  2.73598
0.472412  2.18245
0.472656  0.872429
0.4729  -1.01093
0.473145  -1.63063
0.473389  -2.10664
0.473633  -2.55136
0.473877  -2.99131
0.474121  2.83774
0.474365  2.32338
0.474609  1.41163
0.474854  -0.793266
0.475098  -1.52231
0.475342  -2.01466
0.475586  -2.46313
0.47583  -2.90206
0.476074  2.93382
0.476318  2.44614
0.476562  1.75066
0.476807  -0.40619
0.477051  -1.39369
0.477295  -1.91591
0.477539  -2.3717
0.477783  -2.81153
0.478027  3.02854
0.478271  2.55754
0.478516  1.9615
0.47876  0.204065
0.479004  -1.25291
0.479248  -1.81696
0.479492  -2.28152
0.479736  -2.72276
0.47998  3.12057
0.480225  2.66228
0.480469  2.12752
0.480713  0.996891
0.480957  -1.05777
0.481201  -1.70768
0.481445  -2.18783
0.481689  -2.63298
0.481934  -3.07175
0.482178  2.76094
0.482422  2.25935
0.482666  1.45315
0.48291  -0.790574
0.483154  -1.59226
0.483398  -2.09319
0.483643  -2.54331
0.483887  -2.98162
0.484131  2.85726
0.484375  2.37933
0.484619  1.74067
0.484863  -0.281849
0.485107  -1.45606
0.485352  -1.99391
0.485596  -2.45267
0.48584  -2.89248
0.486084  2.94981
0.486328  2.48605
0.486572  1.92463
0.486816  0.483439
0.487061  -1.29339
0.487305  -1.89005
0.487549  -2.36055
0.487793  -2.80287
0.488037  3.04181
0.488281  2.58876
0.488525  2.07506
0.48877  1.15393
0.489014  -1.05832
0.489258  -1.77641
0.489502  -2.26614
0.489746  -2.71335
0.48999  3.1318
0.490234  2.6853
0.490479  2.19833
0.490723  1.49951
0.490967  -0.68886
0.491211  -1.65152
0.491455  -2.16929
0.491699  -2.62321
0.491943  -3.06172
0.492188  2.77984
0.492432  2.31161
0.492676  1.72608
0.49292  0.0326281
0.493164  -1.4976
0.493408  -2.06643
0.493652  -2.53145
0.493896  -2.9724
0.494141  2.87163
0.494385  2.41485
0.494629  1.88483
0.494873  0.79109
0.495117  -1.3022
0.495361  -1.95797
0.495605  -2.4383
0.49585  -2.88292
0.496094  2.96256
0.496338  2.5143
0.496582  2.01952
0.496826  1.2615
0.49707  -0.983407
0.497314  -1.83571
0.497559  -2.34177
0.497803  -2.79288
0.498047  3.05214
0.498291  2.60892
0.498535  2.13445
0.498779  1.51431
0.499023  -0.429465
0.499268  -1.69688
0.499512  -2.242
0.499756  -2.70198
