(-154.276,27.9777)
(144.639,248.9)
(383.97,-385.757)
(-695.949,-202.597)
(360.221,856.038)
(513.58,-1316.45)
(-2327.11,639.511)
(2568.98,2554.56)
(1385.67,-4630.97)
(-5583.54,1712.19)
(5824.53,4023.07)
(-785.299,-9379.32)
(-9747.72,8069.95)
(15225.7,5257.37)
(-4115.28,-18468.6)
(-14455.2,15562.7)
(24098.7,2282.34)
(-15175.6,-24636.1)
(-14208.7,31564)
(39265,-5237.15)
(-27431.8,-32837.7)
(-12093.7,42987.5)
(44234.7,-16843.7)
(-43410.7,-28294.9)
(320.729,56841.5)
(50949.5,-31405.5)
(-53057.3,-27121.7)
(6043.07,56685)
(41164.8,-36390.2)
(-53444.2,-12588.8)
(17900.6,52662.3)
(36730.6,-39976.5)
(-47501.2,-13460.9)
(8343.3,41076.3)
(25911.8,-22787)
(-28605.5,-8816.66)
(5277.68,28193.3)
(24970.5,-14964.6)
(-21107.4,-20922.8)
(-15797.8,25409)
(27742.2,8179.29)
(-2546.06,-26843.2)
(-20663.9,14858.6)
(25354.2,9069.28)
(-5853.46,-30433.7)
(-28283.7,19965.3)
(29074.5,19871.6)
(8356.63,-31044.2)
(-26194.4,2643.73)
(10773,17339.6)
(7286.48,-15632.6)
(-18161.7,1682.07)
(9244.74,19348.4)
(19242.5,-15521.5)
(-20666.4,-16974.8)
(-11661.3,23795.7)
(23450.6,3467.14)
(-6000.23,-18776.5)
(-10007,14289.2)
(19284,-673.312)
(-10797.6,-20197.1)
(-17723.8,17850.2)
(21119.4,13361)
(8407.15,-20852.8)
(-18248.1,-3368.95)
(1895.36,14150.3)
(8800.78,-7500.96)
(-12923.5,-2283.93)
(5294.4,16961.1)
(18307.6,-12663.3)
(-18460.1,-16344.8)
(-11557.7,20941.7)
(19727.3,5310.33)
(-875.058,-15199.9)
(-8856,6004.86)
(9845.59,2129.16)
(-4064.16,-12603.7)
(-14379.6,9267.9)
(13598.5,14858.6)
(13468.3,-16563.3)
(-17812.3,-9887.89)
(-4477.8,16427.6)
(12438.8,-1689.21)
(-7269.08,-6261.14)
(711.88,11236)
(13247.1,-7075.62)
(-11840.3,-13556.5)
(-12604.1,14531.1)
(15501,10628.9)
(7583.84,-14799)
(-12783.4,-3407.16)
(1623.04,9134.02)
(4163.16,-6736.85)
(-10900.8,1789.1)
(7612.41,13259.9)
(13512.4,-12199.8)
(-14760.5,-11954.2)
(-9196.23,14951.8)
(13314.8,5788.08)
(2009.14,-10215.6)
(-6425.49,2028.73)
(6120.93,1971.34)
(-2699.7,-9771.95)
(-12277.1,7390.88)
(11324.8,13022.3)
(11813.4,-13765.1)
(-14201.3,-8983.45)
(-5210.32,12453.1)
(9178.08,1187.67)
(-2634.3,-4882.71)
(-526.458,6055.25)
(8948.29,-3711.57)
(-7360.67,-11054.4)
(-11968.1,10393.6)
(12346.1,11318.6)
(9034.52,-12829.6)
(-11600.1,-5473.42)
(-1313.11,8614.09)
(4575.3,-2719.57)
(-6115.28,-6.93716)
(4094.74,8652.34)
(10286.5,-7528.14)
(-9866.04,-10955.6)
(-10505.5,11246.5)
(11467,8778.73)
(5813.86,-10424)
(-8087.8,-1975.01)
(2104.31,4506.53)
(374.043,-5735.08)
(-8423.06,3848.82)
(7220.53,9971.31)
(10418.3,-9592.89)
(-10613.6,-9860.27)
(-8342.07,10563.9)
(9441.73,5876.79)
(2587.78,-7356.24)
(-4431.03,1173.38)
(4845.89,760.511)
(-3010.61,-7821.43)
(-9666.45,6528.34)
(8954.18,10236.2)
(9646.66,-10230.8)
(-10088.5,-8116.02)
(-5837.92,8921.2)
(6868.42,2951.55)
(-364.038,-4184.29)
(-1089.39,3787.05)
(6846.32,-2313.04)
(-5451.35,-9037.23)
(-10011.4,8098.37)
(9537.99,9689.29)
(8254.46,-9815.97)
(-8738.69,-6013.96)
(-3265.01,6781.32)
(4172.66,231.507)
(-2879.24,-1255.04)
(1700.32,5789.19)
(8124.88,-4609.09)
(-6984.25,-9494.5)
(-9644.36,8729.14)
(9251.07,8562.39)
(6486.83,-8695.82)
(-6931.68,-3784.06)
(-816.183,4485.32)
(1632.28,-2143.66)
(-4883.16,1241.97)
(3850.7,7177.64)
(8752.76,-6146.62)
(-7729.53,-9329.15)
(-8747.36,8626.52)
(8358.49,7058.38)
(4541.01,-7159.84)
(-4943.96,-1595.44)
(1383.11,2263.52)
(-592.317,-4101.36)
(-6360.38,3228.57)
(5367.89,7994.5)
(8825.26,-7010.28)
(-7838.31,-8679.18)
(-7484.3,7990.24)
(7085.24,5346)
(2569.34,-5431.18)
(-2969.75,433.077)
(3258.5,258.827)
(-2423.49,-5616.16)
(-7334.03,4696.62)
(6308.97,8307.49)
(8447.27,-7312.1)
(-7463.34,-7675.39)
(-5996.74,6996.6)
(5611.7,3560.22)
(683.745,-3673.78)
(-1137.43,2225.22)
(4775.93,-1450.35)
(-3839.96,-6696.95)
(-7852.06,5681)
(6757.22,8196.75)
(7722.09,-7171.36)
(-6745.18,-6433.31)
(-4399.82,5791.93)
(4074.39,1802.58)
(-1039.64,-1999.62)
(477.791,3738.34)
(5929.43,-2833.39)
(-4857.51,-7372.74)
(-7973.19,6239.57)
(6803.17,7743.22)
(6744.2,-6699.1)
(-5802.46,-5051.28)
(-2785.43,4489.96)
(2570.79,148.324)
(-2550.89,-480.2)
(1837.73,4953.27)
(6731.75,-3889.16)
(-5511.24,-7685.18)
(-7761.75,6438.09)
(6534.12,7025.97)
(5598.79,-5993.16)
(-4732.46,-3611.87)
(-1224.97,3177.45)
(1168.79,-1350.1)
(-3822.43,841.953)
(2929.39,5870.3)
(7210.29,-4635.35)
(-5847.03,-7684.42)
(-7283.69,6344.63)
(6031.55,6118.59)
(4358.88,-5138.4)
(-3613.71,-2180.04)
(231.115,1918.39)
(-88.3475,-2661.78)
(-4845.91,1948.16)
(3760.08,6504.02)
(7400.14,-5103.85)
(-5917.14,-7421.14)
(-6598.87,6025)
(5366.48,5083.3)
(3082.74,-4202.59)
(-2503.41,-804.651)
(1547.81,754.036)
(-1178.48,-3768.86)
(-5622.54,2836.62)
(4347.75,6874.7)
(7338.29,-5330.16)
(-5770.58,-6944.56)
(-5762.79,5536.18)
(4597.34,3975.43)
(1819.5,-3238.97)
(-1443.93,476.293)
(2701.84,-288.181)
(-2091.34,-4664.99)
(-6163.38,3514.61)
(4716.05,7009.42)
(7064.62,-5351.51)
(-5454.04,-6302.51)
(-4825.46,4929.05)
(3773.31,2841.44)
(607.156,-2289.47)
(-465.429,1636.9)
(3681.67,-1192.72)
(-2827.04,-5353.7)
(-6486.33,3997.25)
(4893.01,6938.33)
(6617.96,-5205.58)
(-5010.6,-5537.95)
(-3829.06,4247.19)
(2933.53,1718.14)
(-526.508,-1384.41)
(413.656,2660.84)
(4483.51,-1954.44)
(-3393.47,-5843.81)
(-6611.79,4303.93)
(4907,6691.3)
(6034.51,-4926.66)
(-4476.95,-4689.44)
(-2810.1,3525.93)
(2108.25,635.844)
(-1560.64,-545.73)
(1181.99,3538.73)
(5110.13,-2573.63)
(-3802.21,-6149.5)
(-6563.56,4455.91)
(4786.49,6298.95)
(5348.23,-4547.19)
(-3885.97,-3790.4)
(-1797.72,2794.95)
(1320.61,-383.639)
(-2482.81,212.529)
(1836.04,4268.32)
(5569.08,-3057.23)
(-4069.38,-6286.94)
(-6364.48,4476.15)
(4558.4,5788.44)
(4587.88,-4095.04)
(-3263.57,-2868.3)
(-815.343,2075.62)
(585.427,-1323.35)
(-3284.13,883.389)
(2377.04,4849.56)
(5869.05,-3414.2)
(-4210.31,-6272.58)
(-6037.17,4384.57)
(4245.14,5186.28)
(3781.06,-3593.04)
(-2630.9,-1948.75)
(116.431,1385.47)
(-85.2253,-2170.15)
(-3960.47,1461.64)
(2807.39,5287.59)
(6023.54,-3654.35)
(-4241.16,-6126.43)
(-5605.58,4201.75)
(3869.31,4517.59)
(2951.31,-3063.15)
(-2006.82,-1051.25)
(984.097,738.163)
(-684.293,-2917.71)
(-4512.97,1947.49)
(3134.33,5590.6)
(6046.57,-3790.88)
(-4179.3,-5866.69)
(-5090.2,3947.06)
(3450.1,3803.09)
(2117.57,-2522.39)
(-1404.55,-191.093)
(1777.53,141.914)
(-1209.28,-3562.05)
(-4944.14,2344.28)
(3366.5,5767.09)
(5951.61,-3836.58)
(-4040.09,-5510.27)
(-4509.7,3636.63)
(3002.65,3061.45)
(1296.74,-1983.49)
(-833.393,618.241)
(2488.1,-398.001)
(-1659.22,-4100.5)
(-5257.72,2655.34)
(3511.27,5826.95)
(5753.64,-3802.27)
(-3836.85,-5075.55)
(-3883.62,3285.06)
(2541.37,2311.02)
(503.792,-1459.08)
(-302.714,1366.91)
(3112.13,-876.722)
(-2034.49,-4535.69)
(-5461.95,2886.37)
(3578.95,5782.7)
(5467.71,-3701.48)
(-3584.48,-4578.31)
(-3226.92,2906.58)
(2078.1,1564.67)
(-251.405,-957.413)
(183.426,2048.71)
(3647.54,-1294.38)
(-2339.01,-4869.9)
(-5563.39,3044.37)
(3578.83,5644.65)
(5106.95,-3544.86)
(-3294.01,-4033.15)
(-2554.1,2511.63)
(1621.73,835.237)
(-959.145,-485.01)
(621.494,2658.17)
(4093.74,-1650.8)
(-2576.02,-5107.43)
(-5570.69,3135.75)
(3519.86,5424.74)
(4685.13,-3342.91)
(-2976.33,-3454.09)
(-1877.9,2110.23)
(1180.28,132.864)
(-1612.83,-47.0096)
(1009.72,3192.78)
(4452.43,-1947.68)
(-2750.43,-5253.94)
(-5492.78,3168)
(3411.2,5134.13)
(4214.41,-3105.46)
(-2640.8,-2853.06)
(-1208.84,1710.24)
(759.329,-534.306)
(-2207.39,353.766)
(1348.15,3651)
(4725.72,-2187.74)
(-2867.19,-5315.02)
(-5338.22,3147.74)
(3260.52,4783.55)
(3706.62,-2840.49)
(-2295.01,-2241.67)
(-557.059,1318.19)
(363.72,-1158.76)
(-2738.8,714.603)
(1636.5,4032.78)
(4917.57,-2373.22)
(-2930.95,-5298.19)
(-5117.18,3081.66)
(3075.92,4384.54)
(3173.24,-2556.65)
(-1947.17,-1629.97)
(69.9831,940.756)
(-2.26074,-1736.31)
(-3206.42,1034.23)
(1876.67,4340.79)
(5033.42,-2508.89)
(-2948.65,-5210.85)
(-4838.14,2977.87)
(2865.61,3945.82)
(2622.43,-2261.2)
(-1602.72,-1024.95)
(666.899,581.088)
(-337.907,-2263.52)
(-3608.96,1314.13)
(2071.86,4576.03)
(5076.63,-2599.07)
(-2925.19,-5058.63)
(-4508.68,2841.43)
(2634.49,3476.27)
(2063.46,-1958.66)
(-1265.63,-435.198)
(1226.94,242.316)
(-641.234,-2736.4)
(-3945.78,1553.8)
(2223.28,4741.37)
(5053.17,-2646.78)
(-2865.21,-4849.81)
(-4138.29,2678.2)
(2388.98,2985.36)
(1504.67,-1655.2)
(-940.976,133.037)
(1746.48,-72.2731)
(-911.167,-3154.17)
(-4218.81,1754.49)
(2334.28,4841.04)
(4969.04,-2656.96)
(-2774.62,-4591.49)
(-3734.42,2494.27)
(2134.68,2480.21)
(952.159,-1355.31)
(-631.672,675.205)
(2222.88,-361.615)
(-1148.53,-3516.25)
(-4429.48,1918.7)
(2408.57,4878.29)
(4829,-2634)
(-2657.87,-4289.58)
(-3303.75,2293.75)
(1875.01,1967.74)
(412.438,-1061.61)
(-339.535,1185.9)
(2652.58,-624.688)
(-1353.13,-3821.52)
(-4579.47,2047.15)
(2447.99,4857.55)
(4639.74,-2580.89)
(-2519.09,-3952.16)
(-2854.58,2081.51)
(1615.09,1455.26)
(-109.091,-778.661)
(-67.7883,1662.24)
(3035.36,-860.235)
(-1525.94,-4072.12)
(-4672.68,2142.92)
(2457.12,4783.79)
(4406.69,-2502.94)
(-2363.42,-3584.63)
(-2391.96,1861.86)
(1357.91,947.287)
(-608.729,-507.984)
(183.415,2101.6)
(3369.93,-1069.24)
(-1668.79,-4268.36)
(-4711.16,2208.41)
(2438.72,4660.76)
(4134.99,-2403.09)
(-2193.85,-3193.03)
(-1922.18,1637.64)
(1105.99,449.585)
(-1081.94,-251.569)
(412.829,2501.24)
(3655.73,-1251.4)
(-1782.44,-4411.93)
(-4698.63,2245.48)
(2395.63,4493.71)
(3830.81,-2284.91)
(-2014.27,-2783.66)
(-1450.9,1412.62)
(862.495,-33.4671)
(-1526.05,-11.5127)
(619.74,2860.41)
(3893.84,-1407.53)
(-1869.13,-4505.46)
(-4638.84,2257.43)
(2331.72,4287.06)
(3498.73,-2152.23)
(-1827.99,-2360.96)
(-982.135,1189.16)
(628.672,-498.505)
(-1938.58,212.014)
(804.865,3177.73)
(4084.19,-1538.98)
(-1930.57,-4550.33)
(-4534.66,2246.19)
(2249.01,4045)
(3143.96,-2007.13)
(-1637.09,-1930.53)
(-521.208,969.321)
(406.406,-941.21)
(-2316.84,417.53)
(967.39,3452.54)
(4228.28,-1645.87)
(-1968,-4549.95)
(-4390.9,2214.09)
(2150.7,3773.02)
(2771.89,-1853.27)
(-1445.17,-1497.03)
(-71.5285,756.03)
(197.537,-1359.66)
(-2660.44,604.582)
(1108.28,3685.81)
(4328.13,-1730.41)
(-1984.45,-4507.1)
(-4210.75,2164.47)
(2039.93,3474.51)
(2385.89,-1693.16)
(-1253.82,-1063.68)
(363.969,549.929)
(1.86819,-1751.42)
(-2967.64,773.965)
(1228.64,3876.81)
(4384.3,-1793.79)
(-1981.07,-4423.76)
(-3997.61,2098.5)
(1917.96,3153.98)
(1991.1,-1528.23)
(-1064.71,-635.512)
(781.096,352.794)
(-178.959,-2113.78)
(-3237.68,924.537)
(1328.16,4026.79)
(4399.78,-1836.78)
(-1959.77,-4304.15)
(-3756.23,2018.98)
(1788.04,2816.03)
(1591.43,-1361.67)
(-880.417,-215.396)
(1178.17,166.183)
(-344.578,-2446.23)
(-3471.11,1057.1)
(1408.6,4137.17)
(4376.73,-1861.8)
(-1923.22,-4150.93)
(-3489.57,1928.49)
(1652.4,2463.71)
(1189.74,-1195.06)
(-701.768,194.17)
(1553.26,-9.87865)
(-495.668,-2747.52)
(-3667.41,1172.86)
(1471.4,4208.33)
(4316.41,-1870.28)
(-1872.65,-3966.32)
(-3200.75,1828.01)
(1511.78,2100.8)
(790.124,-1029.1)
(-529.489,589.311)
(1903.27,-174.583)
(-631.418,-3015.9)
(-3826.58,1271.23)
(1516.5,4241.99)
(4222.09,-1862.9)
(-1809.58,-3754.56)
(-2894.28,1719.76)
(1368.77,1731.44)
(395.826,-866.221)
(-365.463,967.995)
(2227.45,-326.974)
(-751.926,-3251.78)
(-3949.93,1353.32)
(1545.71,4240.19)
(4096.23,-1841.89)
(-1736.25,-3518.39)
(-2572.99,1605.73)
(1224.88,1358.36)
(9.27265,-707.402)
(-210.076,1328.29)
(2524.55,-467.21)
(-857.79,-3454.73)
(-4037.97,1420.05)
(1560.17,4204.33)
(3941.13,-1808.5)
(-1653.96,-3260.74)
(-2240.2,1487.19)
(1081.33,984.875)
(-366.621,-553.703)
(-64.1625,1668.06)
(2793.53,-594.825)
(-949.026,-3624.95)
(-4092.09,1472.05)
(1561.1,4136.8)
(3759.74,-1764.47)
(-1564.72,-2984.76)
(-1898.82,1366.14)
(939.743,613.379)
(-730.151,-406.101)
(72.0862,1986.34)
(3034.1,-710.406)
(-1026.81,-3762.74)
(-4113.15,1510.83)
(1550.04,4038.95)
(3553.93,-1711.16)
(-1469.56,-2692.75)
(-1551.47,1243.27)
(800.516,246.565)
(-1078.86,-264.795)
(198.608,2281.23)
(3245.23,-814.03)
(-1091.36,-3868.14)
(-4102.27,1536.83)
(1527.67,3912.9)
(3326.52,-1649.5)
(-1369.59,-2387.89)
(-1201.27,1119.74)
(664.73,-112.829)
(-1410.69,-130.612)
(314.932,2551.58)
(3426.74,-905.662)
(-1143.07,-3941.95)
(-4061.13,1550.84)
(1495.1,3761.02)
(3080.33,-1580.81)
(-1266.2,-2073.12)
(-850.98,996.914)
(533.513,-462.599)
(-1724.23,-4.30079)
(420.812,2796.84)
(3579,-985.641)
(-1182.81,-3985.33)
(-3991.5,1554.18)
(1453.81,3585.43)
(2817.63,-1506.59)
(-1160.64,-1750.68)
(-502.651,875.632)
(407.274,-800.977)
(-2018.12,114.145)
(516.568,3016.27)
(3701.95,-1054.53)
(-1211.28,-3998.97)
(-3894.82,1547.66)
(1404.7,3388.22)
(2540.92,-1427.77)
(-1053.83,-1423.18)
(-158.676,756.727)
(286.625,-1126.07)
(-2291.18,224.438)
(602.282,3209.44)
(3795.97,-1112.79)
(-1229.23,-3983.97)
(-3772.79,1532.24)
(1348.79,3171.54)
(2252.6,-1345.37)
(-946.66,-1093.01)
(178.794,640.934)
(172.058,-1436.23)
(-2542.45,326.399)
(678.129,3376.18)
(3861.64,-1160.99)
(-1237.51,-3941.57)
(-3627.13,1508.98)
(1287.11,2937.37)
(1954.76,-1260.29)
(-839.749,-762.275)
(507.806,528.563)
(63.6443,-1729.8)
(-2770.74,420.099)
(744.213,3515.99)
(3899.35,-1199.27)
(-1236.35,-3873.09)
(-3460.01,1478.35)
(1220.45,2688.45)
(1650.29,-1173.65)
(-734.395,-433.503)
(826.558,420.873)
(-37.727,-2005.92)
(-2976.16,505.288)
(801.029,3629.75)
(3910.42,-1228.84)
(-1227.33,-3780.02)
(-3272.89,1442)
(1150.11,2426.16)
(1340.51,-1086.22)
(-630.77,-108.032)
(1133.7,317.56)
(-132.63,-2263.33)
(-3157.74,582.597)
(849.098,3717.02)
(3895.15,-1250.09)
(-1210.77,-3663.46)
(-3067.57,1400.28)
(1076.49,2152.73)
(1027.79,-998.519)
(-529.358,211.958)
(1427.5,219.005)
(-220.89,-2500.9)
(-3315.01,652.098)
(888.675,3778)
(3854.4,-1263.44)
(-1187.07,-3524.86)
(-2846.02,1353.64)
(1000.06,1870.53)
(714.631,-911.111)
(-430.83,524.176)
(1706.22,125.974)
(-301.801,-2717.78)
(-3448.16,713.364)
(919.803,3813.85)
(3790.05,-1269.57)
(-1157.48,-3366.45)
(-2610.41,1303.72)
(922.404,1581.28)
(402.208,-825.234)
(-335.712,827.967)
(1969.56,38.211)
(-376.287,-2913.82)
(-3557.08,767.692)
(943.732,3824.52)
(3702.29,-1269.4)
(-1122.35,-3188.82)
(-2361.94,1250.44)
(843.144,1286.86)
(92.8514,-740.558)
(-243.923,1120.92)
(2215.5,-43.9732)
(-443.752,-3087.83)
(-3641.7,814.455)
(960.081,3811.11)
(3593.12,-1263.11)
(-1082.44,-2994.5)
(-2103.14,1195.09)
(763.72,989.339)
(-212.062,-658.378)
(-156.2,1402.39)
(2444,-120.55)
(-504.874,-3240.14)
(-3702.53,854.829)
(970.14,3774.15)
(3463.17,-1251.84)
(-1038.39,-2784.28)
(-1835.11,1137.88)
(683.916,690.182)
(-510.781,-578.357)
(-72.225,1670.62)
(2653.6,-191.632)
(-559.576,-3369.95)
(-3739.6,888.687)
(973.859,3714.57)
(3314.07,-1235.83)
(-990.693,-2560.18)
(-1559.96,1079.55)
(604.436,391.245)
(-801.865,-501.065)
(7.79242,1924.64)
(2843.79,-257.341)
(-608.25,-3477.15)
(-3753.21,916.553)
(971.683,3633.06)
(3146.98,-1215.46)
(-939.538,-2323.82)
(-1279.63,1020.35)
(525.521,94.5953)
(-1083.44,-426.936)
(83.3592,2163.11)
(3014.01,-317.189)
(-650.628,-3562.07)
(-3744.51,938.573)
(964.194,3531.34)
(2963.85,-1191.8)
(-886.15,-2077)
(-995.566,961.505)
(447.976,-198.849)
(-1355.03,-356.261)
(154.877,2385.89)
(3164.27,-372.083)
(-687.895,-3624.75)
(-3713.56,955.916)
(952.174,3409.59)
(2765.17,-1165.21)
(-830.307,-1820.65)
(-709.186,902.57)
(371.178,-487.284)
(-1614.72,-288.671)
(222.451,2591.3)
(3293.51,-421.778)
(-719.63,-3665.03)
(-3661.17,968.246)
(935.495,3269.42)
(2553.02,-1136.04)
(-772.588,-1556.92)
(-422.407,844.398)
(295.795,-769.3)
(-1861.63,-224.627)
(286.083,2779.02)
(3401.79,-466.596)
(-746.363,-3683.28)
(-3588.03,976.152)
(914.554,3111.82)
(2328.79,-1104.63)
(-713.12,-1287.47)
(-137.023,787.263)
(222.068,-1043.26)
(-2094.57,-164.562)
(345.457,2948.53)
(3489.39,-506.396)
(-768.33,-3680.48)
(-3495.54,980.351)
(890.313,2938.31)
(2093.86,-1072.17)
(-652.75,-1013.34)
(146.24,731.717)
(149.818,-1308.7)
(-2313.16,-107.888)
(401.577,3099.47)
(3555.96,-542.178)
(-786.301,-3656.42)
(-3383.84,981.283)
(862.7,2749.49)
(1849.35,-1038.45)
(-590.976,-736.084)
(425.576,677.514)
(78.7909,-1563.92)
(-2516.03,-54.6889)
(454.365,3231.11)
(3601.45,-573.809)
(-800.248,-3611.71)
(-3254.1,979.146)
(831.923,2546.82)
(1596.92,-1003.94)
(-528.011,-457.237)
(699.618,624.977)
(8.91559,-1807.87)
(-2702.47,-4.90155)
(504.135,3343.14)
(3625.94,-601.579)
(-810.412,-3546.87)
(-3107.27,974.189)
(797.983,2331.61)
(1338.18,-968.829)
(-463.802,-178.467)
(966.781,574.394)
(-59.7366,-2039.39)
(-2871.82,41.1982)
(550.89,3435.56)
(3630.05,-625.625)
(-817.166,-3462.96)
(-2944.69,967.093)
(761.424,2105.19)
(1074.39,-933.835)
(-398.463,99.2426)
(1226.24,525.878)
(-127.714,-2257.88)
(-3023.62,84.0981)
(595.354,3508.16)
(3613.8,-646.45)
(-820.77,-3360.38)
(-2767.22,958.038)
(722.008,1868.74)
(807.072,-899.037)
(-331.683,374.4)
(1476.64,479.607)
(-195.252,-2462.5)
(-3157.48,123.786)
(637.909,3561.11)
(3577.75,-664.484)
(-821.687,-3239.92)
(-2575.84,947.592)
(679.74,1623.23)
(537.325,-864.58)
(-262.767,645.987)
(1716.84,435.247)
(-263.223,-2652.27)
(-3272.55,160.553)
(678.881,3594.05)
(3522.07,-679.634)
(-819.576,-3102.37)
(-2371.98,935.601)
(634.115,1370.35)
(267.122,-830.746)
(-191.502,912.396)
(1945.59,393.42)
(-331.702,-2826.75)
(-3369.01,194.138)
(718.687,3607.8)
(3447.89,-692.469)
(-815.109,-2948.94)
(-2156.84,923.049)
(585.275,1110.92)
(-2.77661,-798.027)
(-116.968,1173.26)
(2162.41,353.723)
(-402.191,-2985.7)
(-3446.48,225.328)
(758.34,3602.25)
(3355.31,-703.402)
(-808.126,-2780.01)
(-1931.35,909.842)
(532.071,845.945)
(-270.87,-766.231)
(-37.7686,1427.41)
(2366.08,316.105)
(-475.774,-3128.57)
(-3504.68,254.194)
(798.417,3577.74)
(3244.95,-712.627)
(-798.382,-2596.38)
(-1696.72,896.076)
(473.177,576.388)
(-535.668,-735.265)
(47.9248,1673.85)
(2555.35,280.585)
(-553.689,-3254.89)
(-3543.4,280.429)
(839.143,3534.95)
(3118.04,-719.979)
(-785.398,-2399.54)
(-1454.92,882.281)
(407.578,303.396)
(-795.844,-706.095)
(141.75,1912.6)
(2730.24,247.554)
(-638.066,-3365.74)
(-3563.47,304.799)
(882.384,3474.97)
(2975.28,-726.741)
(-769.269,-2189.53)
(-1206.28,869.049)
(332.536,26.2279)
(-1050.92,-678.16)
(248.164,2144.07)
(2889.86,216)
(-732.476,-3461.04)
(-3564.17,327.794)
(929.105,3397.8)
(2816.97,-732.671)
(-748.018,-1966.44)
(-952.197,855.957)
(243.605,-255.267)
(-1299.23,-651.334)
(372.442,2368.7)
(3033.27,185.991)
(-840.82,-3541.66)
(-3545.6,349.444)
(980.453,3304.38)
(2643.99,-737.839)
(-719.025,-1729.89)
(-694.079,842.91)
(134.051,-542.822)
(-1539.22,-625.52)
(522.78,2588.27)
(3159.52,157.769)
(-968.561,-3609.37)
(-3508.18,369.333)
(1037.36,3196.21)
(2458.04,-742.317)
(-678.119,-1478.61)
(-433.722,830.684)
(-6.25965,-841.397)
(-1770.14,-601.471)
(712.311,2808.49)
(3268.91,131.213)
(-1125.28,-3668.26)
(-3452.6,388.365)
(1101.75,3073.87)
(2259.76,-746.911)
(-617.081,-1206)
(-171.827,819.385)
(-197.22,-1163.55)
(-1991.16,-578.764)
(965.091,3040.22)
(3360.94,105.829)
(-1325.61,-3723.8)
(-3379.04,406.913)
(1173.25,2935.34)
(2049.96,-751.863)
(-518.594,-894.505)
(90.5943,808.996)
(-476.99,-1539.78)
(-2201.42,-556.98)
(1326.2,3307.4)
(3435,81.0021)
(-1593.09,-3782.93)
(-3287.36,425.247)
(1245.22,2766.44)
(1829.31,-756.768)
(-345.116,-490.24)
(351.916,798.847)
(-926.898,-2053.83)
(-2399.08,-536.013)
(1890.91,3663.17)
(3490.39,57.3812)
(-1966.37,-3837.66)
(-3178.68,442.8)
(1294.42,2493.72)
(1599.9,-762.008)
(-22.4371,205.014)
(610.71,789.925)
(-1752.18,-2986.76)
(-2584,-516.256)
(2945.63,4203.43)
(3527.58,34.3042)
(-2556.99,-3670.9)
(-3053.42,460.467)
(1297.01,1666.22)
(1362.29,-767.791)
(524.555,2191)
(865.91,781.855)
(-4104.92,-5755.66)
(-2755.07,-497.429)
(7323.21,4129.08)
(3546.34,11.7855)
(-4106.86,2237.94)
(-2912.49,478.305)
(-5424.25,-4991.81)
(1117.93,-774.506)
(10923.3,-0.81488)
(1116.48,775.119)
(-5423.2,4992.77)
(-2912.19,-479.525)
(-4107.95,-2237.58)
(3547.2,-11.062)
(7323.47,-4130.2)
(-2756.19,497.594)
(-4104.45,5756.6)
(866.566,-782.465)
(523.944,-2191.36)
(1362.2,768.309)
(1297.39,-1666.35)
(-3053.71,-460.704)
(-2557.09,3671.3)
(3528.06,-34.3163)
(2945.53,-4203.93)
(-2584.48,516.429)
(-1751.97,2987.17)
(611.026,-790.137)
(-22.6288,-205.219)
(1599.81,762.17)
(1294.56,-2493.74)
(-3178.81,-442.915)
(-1966.46,3837.89)
(3490.72,-57.3033)
(1890.95,-3663.58)
(-2399.52,536.028)
(-926.814,2054.25)
(352.261,-798.997)
(-345.313,490.019)
(1829.25,756.983)
(1245.42,-2766.54)
(-3287.6,-425.404)
(-1593.19,3783.27)
(3435.4,-80.9739)
(1326.16,-3307.8)
(-2201.8,557.075)
(-476.854,1540.08)
(90.7872,-809.155)
(-518.756,894.433)
(2050.01,752.008)
(1173.36,-2935.5)
(-3379.28,-406.985)
(-1325.64,3724.1)
(3361.25,-105.836)
(965.055,-3040.52)
(-1991.42,578.82)
(-197.147,1163.76)
(-171.69,-819.474)
(-617.184,1205.94)
(2259.8,747.023)
(1101.86,-3074)
(-3452.81,-388.462)
(-1125.35,3668.54)
(3269.22,-131.19)
(712.287,-2808.79)
(-1770.39,601.538)
(-6.1611,841.57)
(-433.64,-830.797)
(-678.233,1478.62)
(2458.14,742.418)
(1037.45,-3196.38)
(-3508.4,-369.393)
(-968.597,3609.62)
(3159.77,-157.76)
(522.761,-2588.5)
(-1539.42,625.569)
(134.126,542.955)
(-694.022,-843.005)
(-719.131,1729.91)
(2644.1,737.945)
(980.545,-3304.55)
(-3545.83,-349.512)
(-840.856,3541.91)
(3033.51,-185.993)
(372.404,-2368.91)
(-1299.38,651.403)
(243.695,255.35)
(-952.192,-856.056)
(-748.115,1966.51)
(2817.1,732.755)
(929.169,-3397.98)
(-3564.37,-327.834)
(-732.492,3461.24)
(2890.04,-216.007)
(248.137,-2144.23)
(-1051.03,678.207)
(332.601,-26.1705)
(-1206.28,-869.128)
(-769.357,2189.59)
(2975.4,726.829)
(882.462,-3475.12)
(-3563.66,-304.858)
(-638.098,3365.94)
(2730.42,-247.554)
(141.718,-1912.76)
(-795.949,706.158)
(407.665,-303.351)
(-1454.94,-882.382)
(-785.501,2399.62)
(3118.18,720.073)
(839.215,-3535.12)
(-3543.59,-280.472)
(-553.697,3255.07)
(2555.51,-280.611)
(47.8696,-1673.97)
(-535.736,735.342)
(473.267,-576.379)
(-1696.77,-896.168)
(-798.469,2596.47)
(3245.09,712.701)
(798.472,-3577.9)
(-3504.85,-254.226)
(-475.778,3128.73)
(2366.22,-316.131)
(-37.8243,-1427.52)
(-270.924,766.31)
(532.165,-845.947)
(-1931.41,-909.94)
(-808.215,2780.12)
(3355.46,703.472)
(758.383,-3602.41)
(-3446.64,-225.34)
(-402.174,2985.84)
(2162.52,-353.766)
(-117.033,-1173.33)
(-2.80258,798.106)
(585.361,-1110.94)
(-2156.91,-923.134)
(-815.184,2949.05)
(3448.03,692.527)
(718.722,-3607.95)
(-3369.16,-194.145)
(-331.681,2826.89)
(1945.69,-393.469)
(-191.572,-912.455)
(267.11,830.829)
(634.202,-1370.39)
(-2372.06,-935.682)
(-819.642,3102.48)
(3522.2,679.68)
(678.902,-3594.19)
(-3272.69,-160.548)
(-263.193,2652.38)
(1716.93,-435.298)
(-262.835,-646.03)
(537.325,864.659)
(679.822,-1623.27)
(-2575.92,-947.669)
(-821.752,3240.03)
(3577.89,664.527)
(637.926,-3561.25)
(-3157.61,-123.773)
(-195.211,2462.61)
(1476.72,-479.673)
(-331.767,-374.429)
(807.09,899.126)
(722.092,-1868.8)
(-2767.32,-958.107)
(-820.816,3360.5)
(3613.93,646.469)
(595.345,-3508.29)
(-3023.73,-84.0649)
(-127.661,2257.96)
(1226.29,-525.944)
(-398.536,-99.2487)
(1074.42,933.909)
(761.492,-2105.25)
(-2944.78,-967.149)
(-817.203,3463.08)
(3630.17,625.64)
(550.88,-3435.68)
(-2871.92,-41.1626)
(-59.6787,2039.46)
(966.818,-574.468)
(-463.882,178.472)
(1338.23,968.906)
(798.048,-2331.69)
(-3107.38,-974.232)
(-810.429,3546.99)
(3626.06,601.57)
(504.101,-3343.24)
(-2702.55,4.95425)
(8.98013,1807.92)
(699.624,-625.045)
(-528.076,457.267)
(1596.99,1003.99)
(831.962,-2546.91)
(-3254.2,-979.166)
(-800.248,3611.82)
(3601.54,573.79)
(454.329,-3231.19)
(-2516.09,54.7366)
(78.8449,1563.94)
(425.568,-677.569)
(-591.024,736.122)
(1849.42,1038.49)
(862.722,-2749.57)
(-3383.93,-981.288)
(-786.292,3656.5)
(3556.03,542.157)
(401.549,-3099.52)
(-2313.19,107.92)
(149.849,1308.72)
(146.231,-731.747)
(-652.777,1013.37)
(2093.9,1072.19)
(890.334,-2938.37)
(-3495.61,-980.367)
(-768.338,3680.55)
(3489.46,506.395)
(345.446,-2948.58)
(-2094.62,164.582)
(222.097,1043.28)
(-137.022,-787.297)
(-713.155,1287.49)
(2328.83,1104.66)
(914.582,-3111.87)
(-3588.09,-976.175)
(-746.378,3683.35)
(3401.86,466.601)
(286.077,-2779.08)
(-1861.68,224.645)
(295.824,769.33)
(-422.399,-844.438)
(-772.634,1556.94)
(2553.06,1136.09)
(935.537,-3269.48)
(-3661.25,-968.278)
(-719.648,3665.11)
(3293.59,421.778)
(222.433,-2591.37)
(-1614.77,288.706)
(371.225,487.308)
(-709.191,-902.624)
(-830.361,1820.68)
(2765.22,1165.26)
(952.21,-3409.67)
(-3713.65,-955.937)
(-687.898,3624.83)
(3164.35,372.068)
(154.845,-2385.95)
(-1355.07,356.306)
(448.028,198.856)
(-995.588,-961.559)
(-886.199,2077.05)
(2963.92,1191.84)
(964.219,-3531.42)
(-3744.59,-938.581)
(-650.619,3562.15)
(3014.08,317.164)
(83.3223,-2163.16)
(-1083.46,426.981)
(525.57,-94.602)
(-1279.67,-1020.4)
(-939.579,2323.88)
(3147.05,1215.49)
(971.699,-3633.14)
(-3753.29,-916.552)
(-608.234,3477.22)
(2843.85,257.311)
(7.7545,-1924.67)
(-801.87,501.107)
(604.477,-391.265)
(-1560,-1079.59)
(-990.722,2560.24)
(3314.13,1235.85)
(973.869,-3714.64)
(-3739.67,-888.686)
(-559.564,3370.01)
(2653.65,191.61)
(-72.2553,-1670.65)
(-510.785,578.393)
(683.954,-690.199)
(-1835.15,-1137.92)
(-1038.42,2784.33)
(3463.24,1251.86)
(970.153,-3774.22)
(-3702.6,-854.83)
(-504.861,3240.2)
(2444.04,120.525)
(-156.236,-1402.41)
(-212.061,658.42)
(763.762,-989.363)
(-2103.18,-1195.13)
(-1082.47,2994.56)
(3593.19,1263.13)
(960.087,-3811.18)
(-3641.77,-814.448)
(-443.733,3087.88)
(2215.53,43.9441)
(-243.959,-1120.93)
(92.8608,740.597)
(843.183,-1286.89)
(-2361.99,-1250.48)
(-1122.38,3188.88)
(3702.35,1269.42)
(943.739,-3824.59)
(-3557.14,-767.684)
(-376.263,2913.87)
(1969.59,-38.2482)
(-335.758,-827.974)
(402.227,825.283)
(922.449,-1581.33)
(-2610.47,-1303.76)
(-1157.5,3366.52)
(3790.13,1269.57)
(919.79,-3813.91)
(-3448.21,-713.339)
(-301.766,2717.81)
(1706.22,-126.012)
(-430.868,-524.163)
(714.663,911.146)
(1000.09,-1870.57)
(-2846.08,-1353.66)
(-1187.08,3524.92)
(3854.45,1263.44)
(888.664,-3778.05)
(-3315.05,-652.077)
(-220.861,2500.93)
(1427.5,-219.039)
(-529.393,-211.943)
(1027.82,998.553)
(1076.52,-2152.78)
(-3067.62,-1400.3)
(-1210.78,3663.52)
(3895.21,1250.09)
(849.081,-3717.06)
(-3157.77,-582.571)
(-132.598,2263.34)
(1133.69,-317.593)
(-630.801,108.057)
(1340.55,1086.25)
(1150.12,-2426.2)
(-3272.94,-1442.01)
(-1227.33,3780.07)
(3910.46,1228.83)
(801.014,-3629.78)
(-2976.18,-505.267)
(-37.7037,2005.92)
(826.549,-420.897)
(-734.418,433.524)
(1650.32,1173.67)
(1220.47,-2688.49)
(-3460.05,-1478.36)
(-1236.35,3873.13)
(3899.38,1199.27)
(744.2,-3516.02)
(-2770.76,-420.081)
(63.6659,1729.8)
(507.797,-528.585)
(-839.77,762.297)
(1954.79,1260.31)
(1287.13,-2937.41)
(-3627.17,-1508.99)
(-1237.51,3941.61)
(3861.67,1160.98)
(678.117,-3376.2)
(-2542.46,-326.382)
(172.078,1436.24)
(178.783,-640.954)
(-946.679,1093.03)
(2252.63,1345.39)
(1348.8,-3171.58)
(-3772.83,-1532.24)
(-1229.23,3984)
(3796,1112.78)
(602.27,-3209.46)
(-2291.19,-224.424)
(286.64,1126.07)
(-158.688,-756.743)
(-1053.84,1423.19)
(2540.95,1427.79)
(1404.71,-3388.25)
(-3894.84,-1547.67)
(-1211.29,3998.99)
(3701.98,1054.53)
(516.566,-3016.29)
(-2018.14,-114.137)
(407.289,800.984)
(-502.653,-875.653)
(-1160.66,1750.69)
(2817.65,1506.62)
(1453.83,-3585.46)
(-3991.53,-1554.2)
(-1182.82,3985.36)
(3579.03,985.637)
(420.799,-2796.87)
(-1724.24,4.31991)
(533.536,462.597)
(-850.992,-996.938)
(-1266.22,2073.14)
(3080.36,1580.83)
(1495.11,-3761.05)
(-4061.17,-1550.85)
(-1143.07,3941.98)
(3426.76,905.658)
(314.922,-2551.59)
(-1410.7,130.627)
(664.749,112.828)
(-1201.28,-1119.77)
(-1369.61,2387.91)
(3326.54,1649.52)
(1527.69,-3912.93)
(-4102.3,-1536.84)
(-1091.36,3868.17)
(3245.25,814.024)
(198.594,-2281.25)
(-1078.87,264.816)
(800.542,-246.567)
(-1551.48,-1243.3)
(-1469.58,2692.77)
(3553.96,1711.18)
(1550.05,-4038.98)
(-4113.18,-1510.83)
(-1026.81,3762.77)
(3034.12,710.396)
(72.0694,-1986.36)
(-730.155,406.123)
(939.767,-613.384)
(-1898.84,-1366.17)
(-1564.74,2984.78)
(3759.77,1764.49)
(1561.11,-4136.83)
(-4092.12,-1472.06)
(-949.024,3624.98)
(2793.55,594.815)
(-64.1789,-1668.08)
(-366.625,553.724)
(1081.36,-984.879)
(-2240.22,-1487.22)
(-1653.98,3260.76)
(3941.16,1808.52)
(1560.18,-4204.36)
(-4038,-1420.06)
(-857.788,3454.76)
(2524.57,467.201)
(-210.093,-1328.3)
(9.26386,707.426)
(1224.91,-1358.36)
(-2573.01,-1605.76)
(-1736.28,3518.41)
(4096.27,1841.91)
(1545.72,-4240.22)
(-3949.97,-1353.32)
(-751.917,3251.82)
(2227.48,326.953)
(-365.493,-968.012)
(395.822,866.257)
(1368.8,-1731.45)
(-2894.31,-1719.79)
(-1809.6,3754.6)
(4222.13,1862.92)
(1516.5,-4242.04)
(-3826.62,-1271.22)
(-631.394,3015.93)
(1903.28,174.551)
(-529.523,-589.314)
(790.136,1029.13)
(1511.81,-2100.82)
(-3200.78,-1828.03)
(-1872.66,3966.36)
(4316.45,1870.28)
(1471.39,-4208.36)
(-3667.44,-1172.84)
(-495.648,2747.54)
(1553.26,9.85539)
(-701.793,-194.169)
(1189.75,1195.09)
(1652.42,-2463.73)
(-3489.6,-1928.5)
(-1923.23,4150.96)
(4376.76,1861.8)
(1408.59,-4137.2)
(-3471.13,-1057.09)
(-344.558,2446.25)
(1178.18,-166.209)
(-880.444,215.398)
(1591.44,1361.69)
(1788.07,-2816.05)
(-3756.26,-2018.99)
(-1959.78,4304.18)
(4399.82,1836.78)
(1328.15,-4026.82)
(-3237.71,-924.519)
(-178.937,2113.79)
(781.098,-352.818)
(-1064.73,635.52)
(1991.12,1528.25)
(1917.97,-3154)
(-3997.64,-2098.51)
(-1981.08,4423.79)
(4384.33,1793.78)
(1228.63,-3876.84)
(-2967.66,-773.952)
(1.88623,1751.43)
(363.974,-549.951)
(-1253.84,1063.68)
(2385.91,1693.18)
(2039.95,-3474.53)
(-4210.78,-2164.49)
(-1984.46,4507.13)
(4328.17,1730.41)
(1108.27,-3685.84)
(-2660.46,-604.559)
(197.566,1359.67)
(-71.5313,-756.061)
(-1445.2,1497.04)
(2771.91,1853.3)
(2150.71,-3773.06)
(-4390.93,-2214.09)
(-1968,4549.99)
(4228.31,1645.86)
(967.368,-3452.57)
(-2316.85,-417.504)
(406.433,941.209)
(-521.221,-969.346)
(-1637.11,1930.56)
(3143.99,2007.15)
(2249.02,-4045.04)
(-4534.7,-2246.19)
(-1930.56,4550.36)
(4084.21,1538.96)
(804.846,-3177.74)
(-1938.58,-211.994)
(628.692,498.5)
(-982.149,-1189.18)
(-1828,2360.98)
(3498.76,2152.24)
(2331.73,-4287.08)
(-4638.87,-2257.43)
(-1869.12,4505.48)
(3893.86,1407.52)
(619.723,-2860.42)
(-1526.05,11.531)
(862.513,33.4613)
(-1450.92,-1412.64)
(-2014.28,2783.68)
(3830.83,2284.92)
(2395.64,-4493.74)
(-4698.66,-2245.48)
(-1782.44,4411.96)
(3655.75,1251.39)
(412.812,-2501.25)
(-1081.94,251.589)
(1106.01,-449.594)
(-1922.2,-1637.65)
(-2193.86,3193.06)
(4135.02,2403.1)
(2438.72,-4660.79)
(-4711.19,-2208.4)
(-1668.77,4268.38)
(3369.94,1069.22)
(183.399,-2101.6)
(-608.721,507.999)
(1357.93,-947.302)
(-2391.98,-1861.87)
(-2363.42,3584.65)
(4406.71,2502.94)
(2457.12,-4783.81)
(-4672.69,-2142.92)
(-1525.93,4072.13)
(3035.37,860.229)
(-67.794,-1662.24)
(-109.089,778.668)
(1615.1,-1455.27)
(-2854.59,-2081.51)
(-2519.1,3952.17)
(4639.75,2580.9)
(2448,-4857.57)
(-4579.49,-2047.16)
(-1353.13,3821.54)
(2652.59,624.679)
(-339.549,-1185.9)
(412.441,1061.63)
(1875.03,-1967.75)
(-3303.77,-2293.76)
(-2657.88,4289.6)
(4829.02,2634.01)
(2408.58,-4878.31)
(-4429.5,-1918.7)
(-1148.53,3516.26)
(2222.89,361.605)
(-631.685,-675.207)
(952.164,1355.33)
(2134.69,-2480.23)
(-3734.44,-2494.29)
(-2774.63,4591.51)
(4969.06,2656.97)
(2334.28,-4841.06)
(-4218.83,-1754.49)
(-911.157,3154.18)
(1746.48,72.2589)
(-940.992,-133.034)
(1504.68,1655.22)
(2388.99,-2985.38)
(-4138.3,-2678.21)
(-2865.22,4849.83)
(5053.19,2646.79)
(2223.28,-4741.38)
(-3945.79,-1553.8)
(-641.226,2736.41)
(1226.94,-242.327)
(-1265.65,435.199)
(2063.47,1958.68)
(2634.51,-3476.28)
(-4508.7,-2841.45)
(-2925.2,5058.65)
(5076.66,2599.08)
(2071.86,-4576.05)
(-3608.97,-1314.12)
(-337.894,2263.53)
(666.901,-581.105)
(-1602.74,1024.96)
(2622.44,2261.21)
(2865.62,-3945.84)
(-4838.16,-2977.88)
(-2948.65,5210.87)
(5033.44,2508.89)
(1876.67,-4340.8)
(-3206.44,-1034.22)
(-2.24623,1736.32)
(69.9851,-940.774)
(-1947.19,1629.98)
(3173.25,2556.67)
(3075.94,-4384.56)
(-5117.2,-3081.67)
(-2930.96,5298.21)
(4917.6,2373.22)
(1636.5,-4032.8)
(-2738.81,-714.589)
(363.739,1158.76)
(-557.061,-1318.21)
(-2295.03,2241.68)
(3706.64,2840.5)
(3260.53,-4783.57)
(-5338.24,-3147.75)
(-2867.19,5315.04)
(4725.74,2187.73)
(1348.14,-3651.02)
(-2207.4,-353.749)
(759.348,534.308)
(-1208.85,-1710.27)
(-2640.82,2853.07)
(4214.43,3105.48)
(3411.21,-5134.15)
(-5492.8,-3168)
(-2750.42,5253.96)
(4452.45,1947.66)
(1009.7,-3192.79)
(-1612.83,47.0301)
(1180.3,-132.867)
(-1877.91,-2110.25)
(-2976.34,3454.11)
(4685.15,3342.92)
(3519.86,-5424.77)
(-5570.71,-3135.75)
(-2576.02,5107.45)
(4093.75,1650.78)
(621.478,-2658.17)
(-959.146,485.027)
(1621.75,-835.242)
(-2554.11,-2511.65)
(-3294.02,4033.17)
(5106.97,3544.87)
(3578.83,-5644.67)
(-5563.41,-3044.36)
(-2339,4869.92)
(3647.56,1294.36)
(183.409,-2048.71)
(-251.405,957.432)
(2078.12,-1564.68)
(-3226.93,-2906.6)
(-3584.5,4578.33)
(5467.73,3701.49)
(3578.95,-5782.72)
(-5461.97,-2886.36)
(-2034.48,4535.71)
(3112.14,876.705)
(-302.733,-1366.91)
(503.797,1459.1)
(2541.38,-2311.03)
(-3883.64,-3285.07)
(-3836.86,5075.57)
(5753.66,3802.27)
(3511.26,-5826.97)
(-5257.73,-2655.33)
(-1659.21,4100.51)
(2488.1,397.984)
(-833.409,-618.237)
(1296.75,1983.5)
(3002.66,-3061.46)
(-4509.72,-3636.64)
(-4040.09,5510.29)
(5951.62,3836.58)
(3366.49,-5767.1)
(-4944.15,-2344.28)
(-1209.27,3562.06)
(1777.53,-141.925)
(-1404.56,191.096)
(2117.58,2522.4)
(3450.11,-3803.1)
(-5090.22,-3947.07)
(-4179.3,5866.7)
(6046.59,3790.88)
(3134.32,-5590.62)
(-4512.98,-1947.49)
(-684.281,2917.72)
(984.098,-738.176)
(-2006.83,1051.26)
(2951.32,3063.16)
(3869.32,-4517.61)
(-5605.6,-4201.75)
(-4241.16,6126.45)
(6023.55,3654.35)
(2807.38,-5287.61)
(-3960.47,-1461.63)
(-85.215,2170.16)
(116.43,-1385.48)
(-2630.91,1948.76)
(3781.07,3593.05)
(4245.15,-5186.29)
(-6037.18,-4384.58)
(-4210.31,6272.6)
(5869.06,3414.2)
(2377.03,-4849.57)
(-3284.14,-883.381)
(585.438,1323.35)
(-815.345,-2075.63)
(-3263.58,2868.3)
(4587.89,4095.05)
(4558.4,-5788.46)
(-6364.49,-4476.16)
(-4069.38,6286.95)
(5569.09,3057.23)
(1836.03,-4268.33)
(-2482.82,-212.518)
(1320.62,383.64)
(-1797.73,-2794.96)
(-3885.99,3790.41)
(5348.25,4547.2)
(4786.5,-6298.97)
(-6563.58,-4455.91)
(-3802.21,6149.52)
(5110.14,2573.62)
(1181.98,-3538.74)
(-1560.65,545.744)
(2108.26,-635.847)
(-2810.1,-3525.94)
(-4476.96,4689.45)
(6034.53,4926.66)
(4907.01,-6691.32)
(-6611.81,-4303.93)
(-3393.46,5843.82)
(4483.52,1954.43)
(413.643,-2660.84)
(-526.505,1384.43)
(2933.54,-1718.15)
(-3829.07,-4247.2)
(-5010.61,5537.97)
(6617.98,5205.59)
(4893.01,-6938.35)
(-6486.34,-3997.25)
(-2827.03,5353.71)
(3681.67,1192.72)
(-465.441,-1636.91)
(607.158,2289.49)
(3773.33,-2841.45)
(-4825.47,-4929.06)
(-5454.05,6302.52)
(7064.64,5351.51)
(4716.05,-7009.44)
(-6163.39,-3514.6)
(-2091.33,4665)
(2701.85,288.167)
(-1443.94,-476.29)
(1819.5,3238.98)
(4597.35,-3975.44)
(-5762.81,-5536.19)
(-5770.58,6944.58)
(7338.31,5330.16)
(4347.75,-6874.71)
(-5622.55,-2836.61)
(-1178.48,3768.86)
(1547.81,-754.047)
(-2503.42,804.655)
(3082.75,4202.6)
(5366.49,-5083.31)
(-6598.89,-6025)
(-5917.14,7421.15)
(7400.16,5103.85)
(3760.07,-6504.03)
(-4845.91,-1948.15)
(-88.3387,2661.78)
(231.114,-1918.4)
(-3613.72,2180.05)
(4358.89,5138.41)
(6031.55,-6118.6)
(-7283.7,-6344.63)
(-5847.03,7684.43)
(7210.3,4635.35)
(2929.39,-5870.31)
(-3822.44,-841.947)
(1168.79,1350.1)
(-1224.97,-3177.46)
(-4732.47,3611.87)
(5598.8,5993.17)
(6534.13,-7025.98)
(-7761.76,-6438.09)
(-5511.24,7685.2)
(6731.76,3889.16)
(1837.72,-4953.28)
(-2550.89,480.211)
(2570.8,-148.322)
(-2785.43,-4489.98)
(-5802.47,5051.28)
(6744.21,6699.11)
(6803.17,-7743.23)
(-7973.2,-6239.57)
(-4857.51,7372.75)
(5929.44,2833.38)
(477.782,-3738.35)
(-1039.64,1999.63)
(4074.4,-1802.58)
(-4399.82,-5791.95)
(-6745.2,6433.31)
(7722.11,7171.37)
(6757.22,-8196.76)
(-7852.07,-5681)
(-3839.95,6696.96)
(4775.94,1450.34)
(-1137.44,-2225.23)
(683.743,3673.79)
(5611.71,-3560.23)
(-5996.75,-6996.61)
(-7463.35,7675.4)
(8447.28,7312.11)
(6308.97,-8307.51)
(-7334.04,-4696.61)
(-2423.49,5616.17)
(3258.51,-258.838)
(-2969.76,-433.079)
(2569.35,5431.19)
(7085.25,-5346)
(-7484.32,-7990.25)
(-7838.32,8679.2)
(8825.27,7010.28)
(5367.89,-7994.51)
(-6360.39,-3228.57)
(-592.305,4101.37)
(1383.12,-2263.54)
(-4943.98,1595.45)
(4541.01,7159.85)
(8358.5,-7058.39)
(-8747.37,-8626.53)
(-7729.53,9329.16)
(8752.78,6146.62)
(3850.69,-7177.65)
(-4883.17,-1241.96)
(1632.29,2143.66)
(-816.185,-4485.33)
(-6931.69,3784.07)
(6486.84,8695.83)
(9251.08,-8562.4)
(-9644.37,-8729.15)
(-6984.25,9494.51)
(8124.89,4609.09)
(1700.31,-5789.2)
(-2879.24,1255.05)
(4172.67,-231.507)
(-3265.01,-6781.33)
(-8738.7,6013.97)
(8254.47,9815.98)
(9537.99,-9689.31)
(-10011.4,-8098.36)
(-5451.34,9037.24)
(6846.33,2313.03)
(-1089.4,-3787.06)
(-364.037,4184.3)
(6868.43,-2951.55)
(-5837.93,-8921.21)
(-10088.5,8116.03)
(9646.68,10230.8)
(8954.18,-10236.2)
(-9666.46,-6528.33)
(-3010.6,7821.44)
(4845.89,-760.522)
(-4431.04,-1173.37)
(2587.78,7356.25)
(9441.74,-5876.8)
(-8342.08,-10563.9)
(-10613.6,9860.28)
(10418.3,9592.89)
(7220.52,-9971.31)
(-8423.07,-3848.81)
(374.052,5735.09)
(2104.31,-4506.54)
(-8087.81,1975.01)
(5813.87,10424)
(11467,-8778.74)
(-10505.6,-11246.5)
(-9866.04,10955.6)
(10286.5,7528.14)
(4094.74,-8652.35)
(-6115.28,6.9444)
(4575.31,2719.57)
(-1313.11,-8614.1)
(-11600.1,5473.42)
(9034.52,12829.6)
(12346.1,-11318.6)
(-11968.1,-10393.6)
(-7360.67,11054.4)
(8948.3,3711.56)
(-526.464,-6055.26)
(-2634.31,4882.72)
(9178.09,-1187.67)
(-5210.32,-12453.1)
(-14201.3,8983.46)
(11813.4,13765.1)
(11324.8,-13022.3)
(-12277.1,-7390.88)
(-2699.7,9771.96)
(6120.93,-1971.35)
(-6425.49,-2028.74)
(2009.14,10215.6)
(13314.8,-5788.09)
(-9196.23,-14951.8)
(-14760.5,11954.2)
(13512.4,12199.8)
(7612.41,-13259.9)
(-10900.8,-1789.09)
(4163.17,6736.85)
(1623.05,-9134.03)
(-12783.4,3407.16)
(7583.85,14799)
(15501,-10629)
(-12604.1,-14531.1)
(-11840.3,13556.5)
(13247.1,7075.61)
(711.873,-11236)
(-7269.08,6261.15)
(12438.8,1689.21)
(-4477.8,-16427.6)
(-17812.3,9887.9)
(13468.3,16563.3)
(13598.5,-14858.6)
(-14379.6,-9267.9)
(-4064.15,12603.8)
(9845.6,-2129.17)
(-8856.01,-6004.86)
(-875.058,15200)
(19727.3,-5310.34)
(-11557.7,-20941.7)
(-18460.1,16344.8)
(18307.6,12663.3)
(5294.4,-16961.1)
(-12923.5,2283.94)
(8800.79,7500.97)
(1895.36,-14150.3)
(-18248.1,3368.96)
(8407.16,20852.8)
(21119.4,-13361)
(-17723.8,-17850.2)
(-10797.6,20197.1)
(19284,673.306)
(-10007,-14289.2)
(-6000.23,18776.5)
(23450.6,-3467.14)
(-11661.3,-23795.7)
(-20666.4,16974.8)
(19242.5,15521.5)
(9244.74,-19348.4)
(-18161.7,-1682.07)
(7286.49,15632.6)
(10773,-17339.6)
(-26194.4,-2643.73)
(8356.64,31044.2)
(29074.5,-19871.6)
(-28283.7,-19965.3)
(-5853.46,30433.8)
(25354.2,-9069.29)
(-20664,-14858.6)
(-2546.06,26843.2)
(27742.2,-8179.3)
(-15797.9,-25409.1)
(-21107.4,20922.8)
(24970.6,14964.6)
(5277.68,-28193.3)
(-28605.5,8816.67)
(25911.8,22787)
(8343.29,-41076.3)
(-47501.2,13460.9)
(36730.6,39976.5)
(17900.6,-52662.3)
(-53444.2,12588.8)
(41164.8,36390.2)
(6043.07,-56685)
(-53057.4,27121.7)
(50949.5,31405.5)
(320.727,-56841.5)
(-43410.7,28294.9)
(44234.7,16843.7)
(-12093.7,-42987.5)
(-27431.8,32837.7)
(39265,5237.15)
(-14208.7,-31564)
(-15175.6,24636.1)
(24098.7,-2282.34)
(-14455.2,-15562.7)
(-4115.28,18468.6)
(15225.7,-5257.37)
(-9747.72,-8069.96)
(-785.299,9379.32)
(5824.53,-4023.07)
(-5583.54,-1712.19)
(1385.67,4630.97)
(2568.98,-2554.56)
(-2327.12,-639.511)
(513.58,1316.45)
(360.221,-856.038)
(-695.949,202.597)
(383.97,385.757)
(144.639,-248.9)
(-154.276,-27.9777)
