0  3.1346
0.000244141  1.57267
0.000488281  3.13472
0.000732422  1.5727
0.000976562  3.13482
0.0012207  1.57274
0.00146484  3.13492
0.00170898  1.57276
0.00195312  3.13502
0.00219727  1.5728
0.00244141  3.13512
0.00268555  1.57283
0.00292969  3.1352
0.00317383  1.57285
0.00341797  3.13531
0.00366211  1.5729
0.00390625  3.13538
0.00415039  1.57292
0.00439453  3.13548
0.00463867  1.57295
0.00488281  3.13556
0.00512695  1.57299
0.00537109  3.13564
0.00561523  1.57301
0.00585938  3.13573
0.00610352  1.57305
0.00634766  3.1358
0.0065918  1.57308
0.00683594  3.13588
0.00708008  1.57312
0.00732422  3.13595
0.00756836  1.57314
0.0078125  3.13603
0.00805664  1.57319
0.00830078  3.13609
0.00854492  1.57321
0.00878906  3.13617
0.0090332  1.57325
0.00927734  3.13623
0.00952148  1.57328
0.00976562  3.13631
0.0100098  1.57332
0.0102539  3.13637
0.010498  1.57334
0.0107422  3.13643
0.0109863  1.57338
0.0112305  3.13649
0.0114746  1.57342
0.0117188  3.13655
0.0119629  1.57345
0.012207  3.13662
0.0124512  1.57349
0.0126953  3.13666
0.0129395  1.57351
0.0131836  3.13674
0.0134277  1.57357
0.0136719  3.13677
0.013916  1.57358
0.0141602  3.13685
0.0144043  1.57365
0.0146484  3.13688
0.0148926  1.57365
0.0151367  3.13696
0.0153809  1.57372
0.015625  3.13698
0.0158691  1.57374
0.0161133  3.13705
0.0163574  1.57379
0.0166016  3.13709
0.0168457  1.57382
0.0170898  3.13714
0.017334  1.57386
0.0175781  3.13719
0.0178223  1.5739
0.0180664  3.13723
0.0183105  1.57394
0.0185547  3.13728
0.0187988  1.57399
0.019043  3.13732
0.0192871  1.57402
0.0195312  3.13737
0.0197754  1.57407
0.0200195  3.1374
0.0202637  1.5741
0.0205078  3.13746
0.020752  1.57416
0.0209961  3.13748
0.0212402  1.57418
0.0214844  3.13754
0.0217285  1.57425
0.0219727  3.13756
0.0222168  1.57427
0.0224609  3.13762
0.0227051  1.57434
0.0229492  3.13764
0.0231934  1.57437
0.0234375  3.13769
0.0236816  1.57443
0.0239258  3.13772
0.0241699  1.57447
0.0244141  3.13776
0.0246582  1.57452
0.0249023  3.13779
0.0251465  1.57457
0.0253906  3.13783
0.0256348  1.57462
0.0258789  3.13786
0.026123  1.57467
0.0263672  3.1379
0.0266113  1.57472
0.0268555  3.13792
0.0270996  1.57477
0.0273438  3.13796
0.0275879  1.57483
0.027832  3.13799
0.0280762  1.57488
0.0283203  3.13802
0.0285645  1.57494
0.0288086  3.13805
0.0290527  1.575
0.0292969  3.13808
0.029541  1.57504
0.0297852  3.13811
0.0300293  1.57512
0.0302734  3.13814
0.0305176  1.57517
0.0307617  3.13816
0.0310059  1.57523
0.03125  3.1382
0.0314941  1.5753
0.0317383  3.13822
0.0319824  1.57535
0.0322266  3.13825
0.0324707  1.57544
0.0327148  3.13827
0.032959  1.57549
0.0332031  3.1383
0.0334473  1.57556
0.0336914  3.13832
0.0339355  1.57563
0.0341797  3.13835
0.0344238  1.5757
0.034668  3.13838
0.0349121  1.57578
0.0351562  3.13839
0.0354004  1.57584
0.0356445  3.13843
0.0358887  1.57593
0.0361328  3.13844
0.036377  1.576
0.0366211  3.13847
0.0368652  1.57609
0.0371094  3.13849
0.0373535  1.57616
0.0375977  3.13851
0.0378418  1.57626
0.0380859  3.13853
0.0383301  1.57633
0.0385742  3.13856
0.0388184  1.57644
0.0390625  3.13857
0.0393066  1.5765
0.0395508  3.1386
0.0397949  1.57663
0.0400391  3.13861
0.0402832  1.57669
0.0405273  3.13864
0.0407715  1.57682
0.0410156  3.13865
0.0412598  1.5769
0.0415039  3.13868
0.041748  1.57701
0.0419922  3.13869
0.0422363  1.57712
0.0424805  3.13871
0.0427246  1.57722
0.0429688  3.13873
0.0432129  1.57735
0.043457  3.13875
0.0437012  1.57746
0.0439453  3.13876
0.0441895  1.57757
0.0444336  3.13879
0.0446777  1.57772
0.0449219  3.13879
0.045166  1.57782
0.0454102  3.13882
0.0456543  1.57798
0.0458984  3.13883
0.0461426  1.57809
0.0463867  3.13885
0.0466309  1.57826
0.046875  3.13886
0.0471191  1.57837
0.0473633  3.13889
0.0476074  1.57857
0.0478516  3.13889
0.0480957  1.57867
0.0483398  3.13892
0.048584  1.57889
0.0488281  3.13892
0.0490723  1.57901
0.0493164  3.13895
0.0495605  1.57923
0.0498047  3.13895
0.0500488  1.57937
0.050293  3.13897
0.0505371  1.5796
0.0507812  3.13897
0.0510254  1.57975
0.0512695  3.139
0.0515137  1.58
0.0517578  3.139
0.052002  1.58018
0.0522461  3.13902
0.0524902  1.58043
0.0527344  3.13903
0.0529785  1.58065
0.0532227  3.13905
0.0534668  1.5809
0.0537109  3.13905
0.0539551  1.58113
0.0541992  3.13907
0.0544434  1.58144
0.0546875  3.13907
0.0549316  1.58166
0.0551758  3.1391
0.0554199  1.58202
0.0556641  3.1391
0.0559082  1.58225
0.0561523  3.13912
0.0563965  1.58264
0.0566406  3.13912
0.0568848  1.58292
0.0571289  3.13914
0.057373  1.58332
0.0576172  3.13914
0.0578613  1.58367
0.0581055  3.13916
0.0583496  1.58409
0.0585938  3.13916
0.0588379  1.58448
0.059082  3.13918
0.0593262  1.58496
0.0595703  3.13919
0.0598145  1.58543
0.0600586  3.13919
0.0603027  1.58591
0.0605469  3.13921
0.060791  1.58651
0.0610352  3.13921
0.0612793  1.58699
0.0615234  3.13923
0.0617676  1.58773
0.0620117  3.13922
0.0622559  1.58824
0.0625  3.13925
0.0627441  1.58914
0.0629883  3.13923
0.0632324  1.5897
0.0634766  3.13927
0.0637207  1.59076
0.0639648  3.13925
0.064209  1.59143
0.0644531  3.13929
0.0646973  1.59267
0.0649414  3.13927
0.0651855  1.59351
0.0654297  3.1393
0.0656738  1.59491
0.065918  3.13929
0.0661621  1.59604
0.0664062  3.13931
0.0666504  1.59767
0.0668945  3.1393
0.0671387  1.59913
0.0673828  3.13932
0.067627  1.60115
0.0678711  3.13931
0.0681152  1.603
0.0683594  3.13934
0.0686035  1.60559
0.0688477  3.13933
0.0690918  1.6081
0.0693359  3.13934
0.0695801  1.61145
0.0698242  3.13934
0.0700684  1.61503
0.0703125  3.13935
0.0705566  1.61962
0.0708008  3.13935
0.0710449  1.62495
0.0712891  3.13936
0.0715332  1.63183
0.0717773  3.13936
0.0720215  1.64027
0.0722656  3.13937
0.0725098  1.6519
0.0727539  3.13937
0.072998  1.66748
0.0732422  3.13938
0.0734863  1.69085
0.0737305  3.13938
0.0739746  1.72822
0.0742188  3.13939
0.0744629  1.7991
0.074707  3.13939
0.0749512  1.97579
0.0751953  3.13939
0.0754395  2.80158
0.0756836  3.1394
0.0759277  -2.13045
0.0761719  3.1394
0.076416  -1.84453
0.0766602  3.1394
0.0769043  -1.75113
0.0771484  3.1394
0.0773926  -1.70417
0.0776367  3.13941
0.0778809  -1.67759
0.078125  3.1394
0.0783691  -1.6589
0.0786133  3.13942
0.0788574  -1.64678
0.0791016  3.1394
0.0793457  -1.63665
0.0795898  3.13942
0.079834  -1.62983
0.0800781  3.1394
0.0803223  -1.62345
0.0805664  3.13943
0.0808105  -1.61912
0.0810547  3.1394
0.0812988  -1.61466
0.081543  3.13943
0.0817871  -1.61175
0.0820312  3.1394
0.0822754  -1.60838
0.0825195  3.13943
0.0827637  -1.60634
0.0830078  3.13939
0.083252  -1.6037
0.0834961  3.13942
0.0837402  -1.60216
0.0839844  3.13939
0.0842285  -1.60006
0.0844727  3.13941
0.0847168  -1.59881
0.0849609  3.13938
0.0852051  -1.59717
0.0854492  3.1394
0.0856934  -1.59603
0.0859375  3.13938
0.0861816  -1.59479
0.0864258  3.13938
0.0866699  -1.59372
0.0869141  3.13937
0.0871582  -1.59274
0.0874023  3.13936
0.0876465  -1.59176
0.0878906  3.13935
0.0881348  -1.5909
0.0883789  3.13934
0.088623  -1.59006
0.0888672  3.13932
0.0891113  -1.58927
0.0893555  3.13931
0.0895996  -1.5885
0.0898438  3.13929
0.0900879  -1.58775
0.090332  3.13927
0.0905762  -1.58708
0.0908203  3.13923
0.0910645  -1.58629
0.0913086  3.13922
0.0915527  -1.58566
0.0917969  3.13917
0.092041  -1.58488
0.0922852  3.13913
0.0925293  -1.5842
0.0927734  3.13908
0.0930176  -1.58344
0.0932617  3.13902
0.0935059  -1.58265
0.09375  3.13895
0.0939941  -1.58185
0.0942383  3.13886
0.0944824  -1.58097
0.0947266  3.13876
0.0949707  -1.58008
0.0952148  3.13864
0.095459  -1.57913
0.0957031  3.13853
0.0959473  -1.57824
0.0961914  3.13844
0.0964355  -1.57736
0.0966797  3.13854
0.0969238  -1.57688
0.097168  3.13908
0.0974121  -1.5773
0.0976562  3.1405
0.0979004  -1.58824
0.0981445  3.14025
0.0983887  1.57702
0.0986328  0.00499826
0.098877  -1.56646
0.0991211  -3.1378
0.0993652  1.57406
0.0996094  0.00276395
0.0998535  -1.5685
0.100098  -3.13971
0.100342  1.57232
0.100586  0.0012192
0.10083  -1.56982
0.101074  -3.1408
0.101318  1.57145
0.101562  0.000554305
0.101807  -1.57032
0.102051  -3.14117
0.102295  1.57117
0.102539  0.0003413
0.102783  -1.57048
0.103027  -3.14131
0.103271  1.57106
0.103516  0.000246521
0.10376  -1.57057
0.104004  -3.14138
0.104248  1.571
0.104492  0.000192941
0.104736  -1.57061
0.10498  -3.14142
0.105225  1.57096
0.105469  0.000158494
0.105713  -1.57064
0.105957  -3.14145
0.106201  1.57094
0.106445  0.000134483
0.106689  -1.57067
0.106934  -3.14147
0.107178  1.57092
0.107422  0.00011679
0.107666  -1.57068
0.10791  -3.14148
0.108154  1.5709
0.108398  0.000103212
0.108643  -1.5707
0.108887  -3.1415
0.109131  1.57089
0.109375  9.24616e-05
0.109619  -1.57071
0.109863  -3.1415
0.110107  1.57088
0.110352  8.37396e-05
0.110596  -1.57071
0.11084  -3.14151
0.111084  1.57087
0.111328  7.65213e-05
0.111572  -1.57072
0.111816  -3.14152
0.112061  1.57087
0.112305  7.04487e-05
0.112549  -1.57073
0.112793  -3.14152
0.113037  1.57086
0.113281  6.5269e-05
0.113525  -1.57073
0.11377  -3.14153
0.114014  1.57086
0.114258  6.07989e-05
0.114502  -1.57074
0.114746  -3.14153
0.11499  1.57085
0.115234  5.69018e-05
0.115479  -1.57074
0.115723  -3.14154
0.115967  1.57085
0.116211  5.34742e-05
0.116455  -1.57074
0.116699  -3.14154
0.116943  1.57085
0.117188  5.04361e-05
0.117432  -1.57075
0.117676  -3.14154
0.11792  1.57084
0.118164  4.77246e-05
0.118408  -1.57075
0.118652  -3.14155
0.118896  1.57084
0.119141  4.52898e-05
0.119385  -1.57075
0.119629  -3.14155
0.119873  1.57084
0.120117  4.30914e-05
0.120361  -1.57075
0.120605  -3.14155
0.12085  1.57084
0.121094  4.10965e-05
0.121338  -1.57076
0.121582  -3.14155
0.121826  1.57084
0.12207  3.92782e-05
0.122314  -1.57076
0.122559  -3.14155
0.122803  1.57083
0.123047  3.76139e-05
0.123291  -1.57076
0.123535  -3.14156
0.123779  1.57083
0.124023  3.60849e-05
0.124268  -1.57076
0.124512  -3.14156
0.124756  1.57083
0.125  3.46754e-05
0.125244  -1.57076
0.125488  -3.14156
0.125732  1.57083
0.125977  3.33719e-05
0.126221  -1.57076
0.126465  -3.14156
0.126709  1.57083
0.126953  3.21628e-05
0.127197  -1.57076
0.127441  -3.14156
0.127686  1.57083
0.12793  3.10383e-05
0.128174  -1.57077
0.128418  -3.14156
0.128662  1.57083
0.128906  2.99898e-05
0.12915  -1.57077
0.129395  -3.14156
0.129639  1.57083
0.129883  2.90098e-05
0.130127  -1.57077
0.130371  -3.14156
0.130615  1.57082
0.130859  2.80918e-05
0.131104  -1.57077
0.131348  -3.14157
0.131592  1.57082
0.131836  2.72301e-05
0.13208  -1.57077
0.132324  -3.14157
0.132568  1.57082
0.132812  2.64197e-05
0.133057  -1.57077
0.133301  -3.14157
0.133545  1.57082
0.133789  2.56562e-05
0.134033  -1.57077
0.134277  -3.14157
0.134521  1.57082
0.134766  2.49355e-05
0.13501  -1.57077
0.135254  -3.14157
0.135498  1.57082
0.135742  2.42542e-05
0.135986  -1.57077
0.13623  -3.14157
0.136475  1.57082
0.136719  2.36092e-05
0.136963  -1.57077
0.137207  -3.14157
0.137451  1.57082
0.137695  2.29976e-05
0.137939  -1.57077
0.138184  -3.14157
0.138428  1.57082
0.138672  2.24169e-05
0.138916  -1.57077
0.13916  -3.14157
0.139404  1.57082
0.139648  2.18647e-05
0.139893  -1.57077
0.140137  -3.14157
0.140381  1.57082
0.140625  2.13392e-05
0.140869  -1.57078
0.141113  -3.14157
0.141357  1.57082
0.141602  2.08383e-05
0.141846  -1.57078
0.14209  -3.14157
0.142334  1.57082
0.142578  2.03603e-05
0.142822  -1.57078
0.143066  -3.14157
0.143311  1.57082
0.143555  1.99038e-05
0.143799  -1.57078
0.144043  -3.14157
0.144287  1.57082
0.144531  1.94674e-05
0.144775  -1.57078
0.14502  -3.14157
0.145264  1.57082
0.145508  1.90496e-05
0.145752  -1.57078
0.145996  -3.14157
0.14624  1.57082
0.146484  1.86494e-05
0.146729  -1.57078
0.146973  -3.14157
0.147217  1.57081
0.147461  1.82657e-05
0.147705  -1.57078
0.147949  -3.14157
0.148193  1.57081
0.148438  1.78975e-05
0.148682  -1.57078
0.148926  -3.14157
0.14917  1.57081
0.149414  1.75438e-05
0.149658  -1.57078
0.149902  -3.14158
0.150146  1.57081
0.150391  1.72038e-05
0.150635  -1.57078
0.150879  -3.14158
0.151123  1.57081
0.151367  1.68768e-05
0.151611  -1.57078
0.151855  -3.14158
0.1521  1.57081
0.152344  1.6562e-05
0.152588  -1.57078
0.152832  -3.14158
0.153076  1.57081
0.15332  1.62586e-05
0.153564  -1.57078
0.153809  -3.14158
0.154053  1.57081
0.154297  1.59662e-05
0.154541  -1.57078
0.154785  -3.14158
0.155029  1.57081
0.155273  1.56842e-05
0.155518  -1.57078
0.155762  -3.14158
0.156006  1.57081
0.15625  1.54119e-05
0.156494  -1.57078
0.156738  -3.14158
0.156982  1.57081
0.157227  1.51489e-05
0.157471  -1.57078
0.157715  -3.14158
0.157959  1.57081
0.158203  1.48948e-05
0.158447  -1.57078
0.158691  -3.14158
0.158936  1.57081
0.15918  1.4649e-05
0.159424  -1.57078
0.159668  -3.14158
0.159912  1.57081
0.160156  1.44112e-05
0.1604  -1.57078
0.160645  -3.14158
0.160889  1.57081
0.161133  1.4181e-05
0.161377  -1.57078
0.161621  -3.14158
0.161865  1.57081
0.162109  1.39581e-05
0.162354  -1.57078
0.162598  -3.14158
0.162842  1.57081
0.163086  1.3742e-05
0.16333  -1.57078
0.163574  -3.14158
0.163818  1.57081
0.164062  1.35326e-05
0.164307  -1.57078
0.164551  -3.14158
0.164795  1.57081
0.165039  1.33294e-05
0.165283  -1.57078
0.165527  -3.14158
0.165771  1.57081
0.166016  1.31323e-05
0.16626  -1.57078
0.166504  -3.14158
0.166748  1.57081
0.166992  1.29408e-05
0.167236  -1.57078
0.16748  -3.14158
0.167725  1.57081
0.167969  1.27549e-05
0.168213  -1.57078
0.168457  -3.14158
0.168701  1.57081
0.168945  1.25743e-05
0.169189  -1.57078
0.169434  -3.14158
0.169678  1.57081
0.169922  1.23987e-05
0.170166  -1.57078
0.17041  -3.14158
0.170654  1.57081
0.170898  1.2228e-05
0.171143  -1.57078
0.171387  -3.14158
0.171631  1.57081
0.171875  1.20619e-05
0.172119  -1.57078
0.172363  -3.14158
0.172607  1.57081
0.172852  1.19002e-05
0.173096  -1.57078
0.17334  -3.14158
0.173584  1.57081
0.173828  1.17429e-05
0.174072  -1.57078
0.174316  -3.14158
0.174561  1.57081
0.174805  1.15896e-05
0.175049  -1.57078
0.175293  -3.14158
0.175537  1.57081
0.175781  1.14404e-05
0.176025  -1.57078
0.17627  -3.14158
0.176514  1.57081
0.176758  1.12949e-05
0.177002  -1.57079
0.177246  -3.14158
0.17749  1.57081
0.177734  1.11531e-05
0.177979  -1.57079
0.178223  -3.14158
0.178467  1.57081
0.178711  1.10148e-05
0.178955  -1.57079
0.179199  -3.14158
0.179443  1.57081
0.179688  1.08799e-05
0.179932  -1.57079
0.180176  -3.14158
0.18042  1.57081
0.180664  1.07483e-05
0.180908  -1.57079
0.181152  -3.14158
0.181396  1.57081
0.181641  1.06198e-05
0.181885  -1.57079
0.182129  -3.14158
0.182373  1.57081
0.182617  1.04944e-05
0.182861  -1.57079
0.183105  -3.14158
0.18335  1.57081
0.183594  1.0372e-05
0.183838  -1.57079
0.184082  -3.14158
0.184326  1.57081
0.18457  1.02523e-05
0.184814  -1.57079
0.185059  -3.14158
0.185303  1.57081
0.185547  1.01355e-05
0.185791  -1.57079
0.186035  -3.14158
0.186279  1.57081
0.186523  1.00214e-05
0.186768  -1.57079
0.187012  -3.14158
0.187256  1.57081
0.1875  9.90982e-06
0.187744  -1.57079
0.187988  -3.14158
0.188232  1.57081
0.188477  9.80079e-06
0.188721  -1.57079
0.188965  -3.14158
0.189209  1.57081
0.189453  9.69423e-06
0.189697  -1.57079
0.189941  -3.14158
0.190186  1.57081
0.19043  9.5901e-06
0.190674  -1.57079
0.190918  -3.14158
0.191162  1.57081
0.191406  9.48833e-06
0.19165  -1.57079
0.191895  -3.14158
0.192139  1.57081
0.192383  9.38892e-06
0.192627  -1.57079
0.192871  -3.14158
0.193115  1.57081
0.193359  9.29191e-06
0.193604  -1.57079
0.193848  -3.14158
0.194092  1.57081
0.194336  9.19733e-06
0.19458  -1.57079
0.194824  -3.14158
0.195068  1.57081
0.195312  9.10525e-06
0.195557  -1.57079
0.195801  -3.14158
0.196045  1.57081
0.196289  9.01569e-06
0.196533  -1.57079
0.196777  -3.14158
0.197021  1.57081
0.197266  8.92775e-06
0.19751  -1.57079
0.197754  -3.14158
0.197998  1.57081
0.198242  8.56538e-06
0.198486  -1.57079
0.19873  3.14157
0.198975  1.57071
0.199219  -0.000229044
0.199463  -1.57127
0.199707  3.14079
0.199951  1.56956
0.200195  -0.0017311
0.200439  -1.57308
0.200684  3.13872
0.200928  1.5673
0.201172  -0.00413032
0.201416  -1.57558
0.20166  3.13614
0.201904  1.56686
0.202148  -0.0053765
0.202393  1.57719
0.202637  -0.00605455
0.202881  -1.58375
0.203125  3.13018
0.203369  -1.58495
0.203613  3.12887
0.203857  -1.58705
0.204102  3.12694
0.204346  -1.58959
0.20459  3.12474
0.204834  -1.59255
0.205078  3.1223
0.205322  -1.59602
0.205566  3.11959
0.205811  -1.60013
0.206055  3.11658
0.206299  -1.60507
0.206543  3.11324
0.206787  -1.61118
0.207031  3.10946
0.207275  -1.61893
0.20752  3.10521
0.207764  -1.62914
0.208008  3.10038
0.208252  -1.64323
0.208496  3.09486
0.20874  -1.66402
0.208984  3.08852
0.209229  -1.69781
0.209473  3.0812
0.209717  -1.76234
0.209961  3.07265
0.210205  -1.93135
0.210449  3.0627
0.210693  -2.85277
0.210938  3.05094
0.211182  2.05019
0.211426  3.03709
0.21167  1.81445
0.211914  3.02063
0.212158  1.73564
0.212402  3.0011
0.212646  1.69674
0.212891  2.97792
0.213135  1.67361
0.213379  2.9507
0.213623  1.65832
0.213867  2.91884
0.214111  1.64744
0.214355  2.88298
0.2146  1.63934
0.214844  2.84364
0.215088  1.63305
0.215332  2.80352
0.215576  1.62805
0.21582  2.76653
0.216064  1.62398
0.216309  2.73742
0.216553  1.62061
0.216797  2.72142
0.217041  1.61777
0.217285  2.72127
0.217529  1.61537
0.217773  2.73685
0.218018  1.61329
0.218262  2.76469
0.218506  1.6115
0.21875  2.80014
0.218994  1.60993
0.219238  2.8383
0.219482  1.60857
0.219727  2.87562
0.219971  1.60735
0.220215  2.90987
0.220459  1.60629
0.220703  2.94027
0.220947  1.60534
0.221191  2.96647
0.221436  1.6045
0.22168  2.98901
0.221924  1.60376
0.222168  3.00796
0.222412  1.6031
0.222656  3.02423
0.2229  1.60252
0.223145  3.0378
0.223389  1.602
0.223633  3.04966
0.223877  1.60155
0.224121  3.05946
0.224365  1.60115
0.224609  3.06819
0.224854  1.60082
0.225098  3.07544
0.225342  1.60051
0.225586  3.08201
0.22583  1.60028
0.226074  3.08743
0.226318  1.60006
0.226562  3.09249
0.226807  1.59992
0.227051  3.09667
0.227295  1.59979
0.227539  3.10057
0.227783  1.59972
0.228027  3.10389
0.228271  1.59967
0.228516  3.10697
0.22876  1.59968
0.229004  3.1096
0.229248  1.5997
0.229492  3.1121
0.229736  1.59979
0.22998  3.1142
0.230225  1.59989
0.230469  3.11628
0.230713  1.60006
0.230957  3.11797
0.231201  1.60023
0.231445  3.11972
0.231689  1.60049
0.231934  3.1211
0.232178  1.60073
0.232422  3.12257
0.232666  1.60108
0.23291  3.12375
0.233154  1.60143
0.233398  3.12496
0.233643  1.60185
0.233887  3.12599
0.234131  1.6023
0.234375  3.12704
0.234619  1.60284
0.234863  3.12788
0.235107  1.60339
0.235352  3.12884
0.235596  1.60408
0.23584  3.12953
0.236084  1.60475
0.236328  3.13037
0.236572  1.60557
0.236816  3.131
0.237061  1.60642
0.237305  3.13172
0.237549  1.60742
0.237793  3.13227
0.238037  1.60845
0.238281  3.13293
0.238525  1.60967
0.23877  3.13342
0.239014  1.61095
0.239258  3.13399
0.239502  1.61243
0.239746  3.13446
0.23999  1.61404
0.240234  3.13495
0.240479  1.61587
0.240723  3.1354
0.240967  1.61791
0.241211  3.13581
0.241455  1.6202
0.241699  3.13626
0.241943  1.62282
0.242188  3.13662
0.242432  1.62576
0.242676  3.13703
0.24292  1.62918
0.243164  3.13738
0.243408  1.63311
0.243652  3.13775
0.243896  1.63771
0.244141  3.13809
0.244385  1.64312
0.244629  3.13844
0.244873  1.64963
0.245117  3.13874
0.245361  1.65748
0.245605  3.1391
0.24585  1.6673
0.246094  3.13936
0.246338  1.6796
0.246582  3.13974
0.246826  1.69596
0.24707  3.13995
0.247314  1.71781
0.247559  3.14035
0.247803  1.74977
0.248047  3.14054
0.248291  1.79858
0.248535  3.14093
0.248779  1.88469
0.249023  3.14114
0.249268  2.0657
0.249512  3.1415
0.249756  2.58875
0.25  -3.14146
0.250244  -2.58866
0.250488  -3.14112
0.250732  -2.06629
0.250977  -3.14088
0.251221  -1.88438
0.251465  -3.14053
0.251709  -1.79888
0.251953  -3.1403
0.252197  -1.74956
0.252441  -3.13994
0.252686  -1.71798
0.25293  -3.13968
0.253174  -1.69585
0.253418  -3.13935
0.253662  -1.67966
0.253906  -3.13904
0.25415  -1.66727
0.254395  -3.13873
0.254639  -1.65748
0.254883  -3.13838
0.255127  -1.64962
0.255371  -3.13807
0.255615  -1.64311
0.255859  -3.13771
0.256104  -1.6377
0.256348  -3.13735
0.256592  -1.6331
0.256836  -3.13698
0.25708  -1.62916
0.257324  -3.1366
0.257568  -1.62576
0.257812  -3.1362
0.258057  -1.6228
0.258301  -3.13579
0.258545  -1.62019
0.258789  -3.13535
0.259033  -1.61789
0.259277  -3.1349
0.259521  -1.61585
0.259766  -3.13442
0.26001  -1.61404
0.260254  -3.13394
0.260498  -1.6124
0.260742  -3.13339
0.260986  -1.61096
0.26123  -3.13286
0.261475  -1.60963
0.261719  -3.13225
0.261963  -1.60845
0.262207  -3.13164
0.262451  -1.60738
0.262695  -3.13099
0.262939  -1.60641
0.263184  -3.13027
0.263428  -1.60554
0.263672  -3.12954
0.263916  -1.60475
0.26416  -3.12873
0.264404  -1.60403
0.264648  -3.12788
0.264893  -1.60339
0.265137  -3.12695
0.265381  -1.60281
0.265625  -3.12597
0.265869  -1.60228
0.266113  -3.12488
0.266357  -1.60182
0.266602  -3.12375
0.266846  -1.6014
0.26709  -3.12247
0.267334  -1.60104
0.267578  -3.12112
0.267822  -1.60072
0.268066  -3.11963
0.268311  -1.60044
0.268555  -3.11798
0.268799  -1.60021
0.269043  -3.11623
0.269287  -1.60001
0.269531  -3.11421
0.269775  -1.59987
0.27002  -3.11207
0.270264  -1.59974
0.270508  -3.10962
0.270752  -1.59967
0.270996  -3.10697
0.27124  -1.59963
0.271484  -3.10393
0.271729  -1.59963
0.271973  -3.1006
0.272217  -1.59967
0.272461  -3.09677
0.272705  -1.59975
0.272949  -3.09249
0.273193  -1.59986
0.273438  -3.08759
0.273682  -1.60002
0.273926  -3.08203
0.27417  -1.60021
0.274414  -3.07557
0.274658  -1.60046
0.274902  -3.06818
0.275146  -1.60075
0.275391  -3.05953
0.275635  -1.60109
0.275879  -3.04944
0.276123  -1.60148
0.276367  -3.03761
0.276611  -1.60192
0.276855  -3.02345
0.2771  -1.60244
0.277344  -3.00692
0.277588  -1.60301
0.277832  -2.98674
0.278076  -1.60368
0.27832  -2.96306
0.278564  -1.60441
0.278809  -2.93424
0.279053  -1.60524
0.279297  -2.90036
0.279541  -1.60618
0.279785  -2.86027
0.280029  -1.60724
0.280273  -2.81463
0.280518  -1.60844
0.280762  -2.76462
0.281006  -1.6098
0.28125  -2.71398
0.281494  -1.61135
0.281738  -2.66841
0.281982  -1.61313
0.282227  -2.63566
0.282471  -1.61518
0.282715  -2.62232
0.282959  -1.61757
0.283203  -2.63187
0.283447  -1.62038
0.283691  -2.66252
0.283936  -1.62372
0.28418  -2.70791
0.284424  -1.62775
0.284668  -2.76058
0.284912  -1.63269
0.285156  -2.81331
0.2854  -1.6389
0.285645  -2.86219
0.285889  -1.64691
0.286133  -2.90489
0.286377  -1.65762
0.286621  -2.94127
0.286865  -1.67266
0.287109  -2.97157
0.287354  -1.69533
0.287598  -2.99683
0.287842  -1.73325
0.288086  -3.01764
0.28833  -1.80939
0.288574  -3.03503
0.288818  -2.03214
0.289062  -3.04947
0.289307  2.93468
0.289551  -3.06162
0.289795  1.94241
0.290039  -3.07188
0.290283  1.76547
0.290527  -3.08059
0.290771  1.69919
0.291016  -3.08808
0.29126  1.66475
0.291504  -3.0945
0.291748  1.64368
0.291992  -3.1001
0.292236  1.62943
0.29248  -3.10497
0.292725  1.61914
0.292969  -3.10927
0.293213  1.61132
0.293457  -3.11306
0.293701  1.60518
0.293945  -3.11644
0.294189  1.60021
0.294434  -3.11946
0.294678  1.59608
0.294922  -3.12219
0.295166  1.5926
0.29541  -3.12464
0.295654  1.58963
0.295898  -3.12685
0.296143  1.58708
0.296387  -3.12879
0.296631  1.58497
0.296875  -3.1301
0.297119  1.58376
0.297363  0.00570741
0.297607  -1.57877
0.297852  0.00539261
0.298096  -1.56685
0.29834  -3.13614
0.298584  1.57558
0.298828  0.00412542
0.299072  -1.56731
0.299316  -3.13873
0.299561  1.57306
0.299805  0.00170685
0.300049  -1.5696
0.300293  -3.14083
0.300537  1.57121
0.300781  0.000159034
0.301025  -1.57079
0.30127  3.14152
0.301514  1.5707
0.301758  -9.94841e-05
0.302002  -1.5709
0.302246  3.14149
0.30249  1.5707
0.302734  -9.98119e-05
0.302979  -1.5709
0.303223  3.14149
0.303467  1.5707
0.303711  -9.98109e-05
0.303955  -1.5709
0.304199  3.14149
0.304443  1.5707
0.304688  -9.98085e-05
0.304932  -1.5709
0.305176  3.14149
0.30542  1.5707
0.305664  -9.98064e-05
0.305908  -1.5709
0.306152  3.14149
0.306396  1.5707
0.306641  -9.98048e-05
0.306885  -1.5709
0.307129  3.14149
0.307373  1.5707
0.307617  -9.98035e-05
0.307861  -1.5709
0.308105  3.14149
0.30835  1.5707
0.308594  -9.98026e-05
0.308838  -1.5709
0.309082  3.14149
0.309326  1.5707
0.30957  -9.98019e-05
0.309814  -1.5709
0.310059  3.14149
0.310303  1.5707
0.310547  -9.98014e-05
0.310791  -1.5709
0.311035  3.14149
0.311279  1.5707
0.311523  -9.9801e-05
0.311768  -1.5709
0.312012  3.14149
0.312256  1.5707
0.3125  -9.98007e-05
0.312744  -1.5709
0.312988  3.14149
0.313232  1.5707
0.313477  -9.98006e-05
0.313721  -1.5709
0.313965  3.14149
0.314209  1.5707
0.314453  -9.98005e-05
0.314697  -1.5709
0.314941  3.14149
0.315186  1.5707
0.31543  -9.98005e-05
0.315674  -1.5709
0.315918  3.14149
0.316162  1.5707
0.316406  -9.98006e-05
0.31665  -1.5709
0.316895  3.14149
0.317139  1.5707
0.317383  -9.98007e-05
0.317627  -1.5709
0.317871  3.14149
0.318115  1.5707
0.318359  -9.98008e-05
0.318604  -1.5709
0.318848  3.14149
0.319092  1.5707
0.319336  -9.9801e-05
0.31958  -1.5709
0.319824  3.14149
0.320068  1.5707
0.320312  -9.98013e-05
0.320557  -1.5709
0.320801  3.14149
0.321045  1.5707
0.321289  -9.98016e-05
0.321533  -1.5709
0.321777  3.14149
0.322021  1.5707
0.322266  -9.98019e-05
0.32251  -1.5709
0.322754  3.14149
0.322998  1.5707
0.323242  -9.98023e-05
0.323486  -1.5709
0.32373  3.14149
0.323975  1.5707
0.324219  -9.98028e-05
0.324463  -1.5709
0.324707  3.14149
0.324951  1.5707
0.325195  -9.98033e-05
0.325439  -1.5709
0.325684  3.14149
0.325928  1.5707
0.326172  -9.98039e-05
0.326416  -1.5709
0.32666  3.14149
0.326904  1.5707
0.327148  -9.98045e-05
0.327393  -1.5709
0.327637  3.14149
0.327881  1.5707
0.328125  -9.98052e-05
0.328369  -1.5709
0.328613  3.14149
0.328857  1.5707
0.329102  -9.9806e-05
0.329346  -1.5709
0.32959  3.14149
0.329834  1.5707
0.330078  -9.98069e-05
0.330322  -1.5709
0.330566  3.14149
0.330811  1.5707
0.331055  -9.98078e-05
0.331299  -1.5709
0.331543  3.14149
0.331787  1.5707
0.332031  -9.98089e-05
0.332275  -1.5709
0.33252  3.14149
0.332764  1.5707
0.333008  -9.981e-05
0.333252  -1.5709
0.333496  3.14149
0.33374  1.5707
0.333984  -9.98112e-05
0.334229  -1.5709
0.334473  3.14149
0.334717  1.5707
0.334961  -9.98126e-05
0.335205  -1.5709
0.335449  3.14149
0.335693  1.5707
0.335938  -9.9814e-05
0.336182  -1.5709
0.336426  3.14149
0.33667  1.5707
0.336914  -9.98157e-05
0.337158  -1.5709
0.337402  3.14149
0.337646  1.5707
0.337891  -9.98175e-05
0.338135  -1.5709
0.338379  3.14149
0.338623  1.5707
0.338867  -9.98194e-05
0.339111  -1.5709
0.339355  3.14149
0.3396  1.5707
0.339844  -9.98215e-05
0.340088  -1.5709
0.340332  3.14149
0.340576  1.5707
0.34082  -9.98238e-05
0.341064  -1.5709
0.341309  3.14149
0.341553  1.5707
0.341797  -9.98264e-05
0.342041  -1.5709
0.342285  3.14149
0.342529  1.5707
0.342773  -9.98292e-05
0.343018  -1.5709
0.343262  3.14149
0.343506  1.5707
0.34375  -9.98322e-05
0.343994  -1.5709
0.344238  3.14149
0.344482  1.5707
0.344727  -9.98356e-05
0.344971  -1.5709
0.345215  3.14149
0.345459  1.5707
0.345703  -9.98393e-05
0.345947  -1.5709
0.346191  3.14149
0.346436  1.5707
0.34668  -9.98434e-05
0.346924  -1.5709
0.347168  3.14149
0.347412  1.5707
0.347656  -9.98478e-05
0.3479  -1.5709
0.348145  3.14149
0.348389  1.5707
0.348633  -9.98527e-05
0.348877  -1.5709
0.349121  3.14149
0.349365  1.5707
0.349609  -9.9858e-05
0.349854  -1.5709
0.350098  3.14149
0.350342  1.5707
0.350586  -9.98639e-05
0.35083  -1.5709
0.351074  3.14149
0.351318  1.5707
0.351562  -9.98703e-05
0.351807  -1.5709
0.352051  3.14149
0.352295  1.5707
0.352539  -9.98773e-05
0.352783  -1.5709
0.353027  3.14149
0.353271  1.5707
0.353516  -9.98851e-05
0.35376  -1.5709
0.354004  3.14149
0.354248  1.5707
0.354492  -9.98937e-05
0.354736  -1.5709
0.35498  3.14149
0.355225  1.5707
0.355469  -9.99033e-05
0.355713  -1.5709
0.355957  3.14149
0.356201  1.5707
0.356445  -9.99138e-05
0.356689  -1.5709
0.356934  3.14149
0.357178  1.5707
0.357422  -9.99254e-05
0.357666  -1.5709
0.35791  3.14149
0.358154  1.5707
0.358398  -9.99382e-05
0.358643  -1.5709
0.358887  3.14149
0.359131  1.5707
0.359375  -9.99522e-05
0.359619  -1.5709
0.359863  3.14149
0.360107  1.5707
0.360352  -9.99677e-05
0.360596  -1.5709
0.36084  3.14149
0.361084  1.5707
0.361328  -9.99848e-05
0.361572  -1.5709
0.361816  3.14149
0.362061  1.5707
0.362305  -0.000100003
0.362549  -1.5709
0.362793  3.14149
0.363037  1.5707
0.363281  -0.000100024
0.363525  -1.5709
0.36377  3.14149
0.364014  1.5707
0.364258  -0.000100048
0.364502  -1.5709
0.364746  3.14149
0.36499  1.5707
0.365234  -0.000100073
0.365479  -1.5709
0.365723  3.14149
0.365967  1.5707
0.366211  -0.000100101
0.366455  -1.5709
0.366699  3.14149
0.366943  1.5707
0.367188  -0.000100132
0.367432  -1.5709
0.367676  3.14149
0.36792  1.5707
0.368164  -0.000100167
0.368408  -1.5709
0.368652  3.14149
0.368896  1.5707
0.369141  -0.000100204
0.369385  -1.5709
0.369629  3.14149
0.369873  1.5707
0.370117  -0.000100246
0.370361  -1.5709
0.370605  3.14149
0.37085  1.5707
0.371094  -0.000100293
0.371338  -1.5709
0.371582  3.14149
0.371826  1.5707
0.37207  -0.000100345
0.372314  -1.5709
0.372559  3.14149
0.372803  1.5707
0.373047  -0.000100403
0.373291  -1.5709
0.373535  3.14149
0.373779  1.5707
0.374023  -0.000100467
0.374268  -1.5709
0.374512  3.14149
0.374756  1.5707
0.375  -0.000100537
0.375244  -1.5709
0.375488  3.14149
0.375732  1.5707
0.375977  -0.000100613
0.376221  -1.5709
0.376465  3.14149
0.376709  1.5707
0.376953  -0.000100699
0.377197  -1.5709
0.377441  3.14149
0.377686  1.5707
0.37793  -0.000100795
0.378174  -1.5709
0.378418  3.14149
0.378662  1.5707
0.378906  -0.000100903
0.37915  -1.5709
0.379395  3.14149
0.379639  1.5707
0.379883  -0.000101023
0.380127  -1.5709
0.380371  3.14149
0.380615  1.5707
0.380859  -0.000101155
0.381104  -1.5709
0.381348  3.14149
0.381592  1.5707
0.381836  -0.000101302
0.38208  -1.5709
0.382324  3.14149
0.382568  1.5707
0.382812  -0.000101465
0.383057  -1.5709
0.383301  3.14149
0.383545  1.5707
0.383789  -0.000101647
0.384033  -1.5709
0.384277  3.14149
0.384521  1.5707
0.384766  -0.000101852
0.38501  -1.5709
0.385254  3.1415
0.385498  1.5707
0.385742  -0.00010208
0.385986  -1.5709
0.38623  3.1415
0.386475  1.5707
0.386719  -0.000102335
0.386963  -1.5709
0.387207  3.1415
0.387451  1.5707
0.387695  -0.000102619
0.387939  -1.5709
0.388184  3.1415
0.388428  1.5707
0.388672  -0.000102936
0.388916  -1.5709
0.38916  3.1415
0.389404  1.5707
0.389648  -0.000103282
0.389893  -1.5709
0.390137  3.1415
0.390381  1.5707
0.390625  -0.000103665
0.390869  -1.5709
0.391113  3.1415
0.391357  1.5707
0.391602  -0.000104104
0.391846  -1.5709
0.39209  3.1415
0.392334  1.5707
0.392578  -0.000104591
0.392822  -1.5709
0.393066  3.1415
0.393311  1.5707
0.393555  -0.000105136
0.393799  -1.5709
0.394043  3.1415
0.394287  1.57071
0.394531  -0.000105738
0.394775  -1.57091
0.39502  3.1415
0.395264  1.57071
0.395508  -0.000106416
0.395752  -1.57091
0.395996  3.1415
0.39624  1.57071
0.396484  -0.000107179
0.396729  -1.57091
0.396973  3.1415
0.397217  1.57071
0.397461  -0.00010802
0.397705  -1.57091
0.397949  3.1415
0.398193  1.57071
0.398438  -0.000111369
0.398682  -1.57093
0.398926  3.14144
0.39917  1.57053
0.399414  -0.000499287
0.399658  -1.57161
0.399902  3.14043
0.400146  1.56918
0.400391  -0.00227674
0.400635  -1.57371
0.400879  3.1387
0.401123  1.56796
0.401367  -3.12425
0.401611  1.65442
0.401855  -3.13928
0.4021  1.60139
0.402344  -3.13925
0.402588  1.60328
0.402832  -3.13925
0.403076  1.60518
0.40332  -3.13924
0.403564  1.60736
0.403809  -3.13924
0.404053  1.60959
0.404297  -3.13923
0.404541  1.6123
0.404785  -3.13923
0.405029  1.61528
0.405273  -3.13922
0.405518  1.61892
0.405762  -3.13922
0.406006  1.6231
0.40625  -3.13921
0.406494  1.62822
0.406738  -3.13921
0.406982  1.63448
0.407227  -3.1392
0.407471  1.64234
0.407715  -3.1392
0.407959  1.65241
0.408203  -3.13919
0.408447  1.66614
0.408691  -3.13919
0.408936  1.68513
0.40918  -3.13918
0.409424  1.71426
0.409668  -3.13917
0.409912  1.76293
0.410156  -3.13916
0.4104  1.86195
0.410645  -3.13916
0.410889  2.14993
0.411133  -3.13914
0.411377  -2.8568
0.411621  -3.13914
0.411865  -2.00951
0.412109  -3.13912
0.412354  -1.81812
0.412598  -3.13913
0.412842  -1.74037
0.413086  -3.1391
0.41333  -1.70042
0.413574  -3.13911
0.413818  -1.67472
0.414062  -3.13909
0.414307  -1.65805
0.414551  -3.13909
0.414795  -1.64542
0.415039  -3.13907
0.415283  -1.63639
0.415527  -3.13907
0.415771  -1.62879
0.416016  -3.13904
0.41626  -1.62323
0.416504  -3.13905
0.416748  -1.61817
0.416992  -3.13902
0.417236  -1.61433
0.41748  -3.13902
0.417725  -1.61081
0.417969  -3.139
0.418213  -1.60792
0.418457  -3.13899
0.418701  -1.60543
0.418945  -3.13899
0.419189  -1.60309
0.419434  -3.13896
0.419678  -1.60126
0.419922  -3.13896
0.420166  -1.59939
0.42041  -3.13894
0.420654  -1.5979
0.420898  -3.13893
0.421143  -1.59646
0.421387  -3.13892
0.421631  -1.59517
0.421875  -3.1389
0.422119  -1.59406
0.422363  -3.13889
0.422607  -1.59292
0.422852  -3.13886
0.423096  -1.59203
0.42334  -3.13886
0.423584  -1.59108
0.423828  -3.13884
0.424072  -1.59027
0.424316  -3.13882
0.424561  -1.58952
0.424805  -3.13881
0.425049  -1.58877
0.425293  -3.13879
0.425537  -1.58816
0.425781  -3.13878
0.426025  -1.58748
0.42627  -3.13875
0.426514  -1.58698
0.426758  -3.13875
0.427002  -1.58635
0.427246  -3.13872
0.42749  -1.58591
0.427734  -3.13871
0.427979  -1.58539
0.428223  -3.13868
0.428467  -1.58497
0.428711  -3.13867
0.428955  -1.58451
0.429199  -3.13865
0.429443  -1.58414
0.429688  -3.13863
0.429932  -1.58373
0.430176  -3.1386
0.43042  -1.58339
0.430664  -3.13859
0.430908  -1.58301
0.431152  -3.13856
0.431396  -1.58273
0.431641  -3.13855
0.431885  -1.58237
0.432129  -3.13852
0.432373  -1.58211
0.432617  -3.1385
0.432861  -1.58181
0.433105  -3.13848
0.43335  -1.58152
0.433594  -3.13845
0.433838  -1.5813
0.434082  -3.13844
0.434326  -1.581
0.43457  -3.1384
0.434814  -1.58082
0.435059  -3.1384
0.435303  -1.58053
0.435547  -3.13835
0.435791  -1.58038
0.436035  -3.13835
0.436279  -1.58009
0.436523  -3.1383
0.436768  -1.57996
0.437012  -3.1383
0.437256  -1.5797
0.4375  -3.13825
0.437744  -1.57956
0.437988  -3.13824
0.438232  -1.57934
0.438477  -3.1382
0.438721  -1.57919
0.438965  -3.13818
0.439209  -1.57901
0.439453  -3.13814
0.439697  -1.57885
0.439941  -3.13812
0.440186  -1.57869
0.44043  -3.13808
0.440674  -1.57854
0.440918  -3.13805
0.441162  -1.57839
0.441406  -3.13802
0.44165  -1.57824
0.441895  -3.13799
0.442139  -1.57811
0.442383  -3.13796
0.442627  -1.57797
0.442871  -3.13792
0.443115  -1.57783
0.443359  -3.13789
0.443604  -1.57772
0.443848  -3.13786
0.444092  -1.57758
0.444336  -3.13782
0.44458  -1.57747
0.444824  -3.13779
0.445068  -1.57734
0.445312  -3.13774
0.445557  -1.57724
0.445801  -3.13772
0.446045  -1.57711
0.446289  -3.13767
0.446533  -1.57703
0.446777  -3.13764
0.447021  -1.5769
0.447266  -3.13759
0.44751  -1.57682
0.447754  -3.13756
0.447998  -1.57669
0.448242  -3.13751
0.448486  -1.57662
0.44873  -3.13748
0.448975  -1.5765
0.449219  -3.13742
0.449463  -1.57643
0.449707  -3.13739
0.449951  -1.57633
0.450195  -3.13734
0.450439  -1.57624
0.450684  -3.13729
0.450928  -1.57615
0.451172  -3.13725
0.451416  -1.57606
0.45166  -3.1372
0.451904  -1.57599
0.452148  -3.13716
0.452393  -1.57589
0.452637  -3.1371
0.452881  -1.57583
0.453125  -3.13706
0.453369  -1.57573
0.453613  -3.13699
0.453857  -1.57567
0.454102  -3.13695
0.454346  -1.57558
0.45459  -3.13689
0.454834  -1.57552
0.455078  -3.13684
0.455322  -1.57543
0.455566  -3.13677
0.455811  -1.57538
0.456055  -3.13673
0.456299  -1.57528
0.456543  -3.13665
0.456787  -1.57525
0.457031  -3.13662
0.457275  -1.57514
0.45752  -3.13653
0.457764  -1.57512
0.458008  -3.13649
0.458252  -1.57501
0.458496  -3.1364
0.45874  -1.57498
0.458984  -3.13636
0.459229  -1.57489
0.459473  -3.13627
0.459717  -1.57485
0.459961  -3.13622
0.460205  -1.57477
0.460449  -3.13614
0.460693  -1.57472
0.460938  -3.13607
0.461182  -1.57465
0.461426  -3.13599
0.46167  -1.5746
0.461914  -3.13592
0.462158  -1.57453
0.462402  -3.13584
0.462646  -1.57448
0.462891  -3.13576
0.463135  -1.57442
0.463379  -3.13568
0.463623  -1.57437
0.463867  -3.1356
0.464111  -1.5743
0.464355  -3.1355
0.4646  -1.57426
0.464844  -3.13543
0.465088  -1.57419
0.465332  -3.13533
0.465576  -1.57415
0.46582  -3.13524
0.466064  -1.57409
0.466309  -3.13514
0.466553  -1.57403
0.466797  -3.13504
0.467041  -1.57399
0.467285  -3.13495
0.467529  -1.57392
0.467773  -3.13484
0.468018  -1.57388
0.468262  -3.13474
0.468506  -1.57382
0.46875  -3.13462
0.468994  -1.57378
0.469238  -3.13452
0.469482  -1.57372
0.469727  -3.13439
0.469971  -1.57368
0.470215  -3.13429
0.470459  -1.57362
0.470703  -3.13416
0.470947  -1.57357
0.471191  -3.13404
0.471436  -1.57352
0.47168  -3.1339
0.471924  -1.57347
0.472168  -3.13377
0.472412  -1.57342
0.472656  -3.13364
0.4729  -1.57337
0.473145  -3.13349
0.473389  -1.57333
0.473633  -3.13335
0.473877  -1.57328
0.474121  -3.1332
0.474365  -1.57323
0.474609  -3.13304
0.474854  -1.57318
0.475098  -3.13288
0.475342  -1.57313
0.475586  -3.13271
0.47583  -1.57308
0.476074  -3.13254
0.476318  -1.57304
0.476562  -3.13237
0.476807  -1.57298
0.477051  -3.13217
0.477295  -1.57294
0.477539  -3.13199
0.477783  -1.57289
0.478027  -3.1318
0.478271  -1.57284
0.478516  -3.13157
0.47876  -1.57281
0.479004  -3.1314
0.479248  -1.57273
0.479492  -3.13114
0.479736  -1.57271
0.47998  -3.13094
0.480225  -1.57264
0.480469  -3.13067
0.480713  -1.57261
0.480957  -3.13046
0.481201  -1.57255
0.481445  -3.13017
0.481689  -1.57251
0.481934  -3.12991
0.482178  -1.57246
0.482422  -3.12964
0.482666  -1.5724
0.48291  -3.12932
0.483154  -1.57237
0.483398  -3.12906
0.483643  -1.5723
0.483887  -3.12869
0.484131  -1.57227
0.484375  -3.12841
0.484619  -1.5722
0.484863  -3.128
0.485107  -1.57218
0.485352  -3.1277
0.485596  -1.57209
0.48584  -3.12724
0.486084  -1.57208
0.486328  -3.12691
0.486572  -1.57199
0.486816  -3.12641
0.487061  -1.57197
0.487305  -3.12602
0.487549  -1.5719
0.487793  -3.1255
0.488037  -1.57187
0.488281  -3.12503
0.488525  -1.5718
0.48877  -3.12447
0.489014  -1.57176
0.489258  -3.12394
0.489502  -1.57169
0.489746  -3.1233
0.48999  -1.57165
0.490234  -3.12271
0.490479  -1.57158
0.490723  -3.12198
0.490967  -1.57155
0.491211  -3.1213
0.491455  -1.57148
0.491699  -3.12047
0.491943  -1.57144
0.492188  -3.11969
0.492432  -1.57136
0.492676  -3.11873
0.49292  -1.57132
0.493164  -3.1178
0.493408  -1.57126
0.493652  -3.11672
0.493896  -1.5712
0.494141  -3.11558
0.494385  -1.57114
0.494629  -3.11434
0.494873  -1.57108
0.495117  -3.11295
0.495361  -1.57103
0.495605  -3.11147
0.49585  -1.57096
0.496094  -3.10977
0.496338  -1.57091
0.496582  -3.10797
0.496826  -1.57083
0.49707  -3.10583
0.497314  -1.57079
0.497559  -3.10359
0.497803  -1.5707
0.498047  -3.10085
0.498291  -1.57066
0.498535  -3.09795
0.498779  -1.57057
0.499023  -3.09431
0.499268  -1.57053
0.499512  -3.09045
0.499756  -1.57043
0.5  -3.08538
0.500244  -1.5704
0.500488  -3.07989
0.500732  -1.5703
0.500977  -3.07254
0.501221  -1.57025
0.501465  -3.06392
0.501709  -1.57016
0.501953  -3.05229
0.502197  -1.5701
0.502441  -3.03728
0.502686  -1.57001
0.50293  -3.01555
0.503174  -1.56995
0.503418  -2.98371
0.503662  -1.56986
0.503906  -2.92935
0.50415  -1.5698
0.504395  -2.82309
0.504639  -1.5697
0.504883  -2.5246
0.505127  -1.56964
0.505371  -1.37763
0.505615  -1.56954
0.505859  -0.506284
0.506104  -1.56946
0.506348  -0.285831
0.506592  -1.56938
0.506836  -0.19731
0.50708  -1.56929
0.507324  -0.15048
0.507568  -1.5692
0.507812  -0.121565
0.508057  -1.56911
0.508301  -0.101958
0.508545  -1.56902
0.508789  -0.0878012
0.509033  -1.56892
0.509277  -0.0771209
0.509521  -1.56882
0.509766  -0.0687268
0.51001  -1.56872
0.510254  -0.0620396
0.510498  -1.56863
0.510742  -0.0564535
0.510986  -1.56852
0.51123  -0.0519053
0.511475  -1.56842
0.511719  -0.0479009
0.511963  -1.5683
0.512207  -0.0446067
0.512451  -1.5682
0.512695  -0.0416101
0.512939  -1.56808
0.513184  -0.0390699
0.513428  -1.56797
0.513672  -0.0367958
0.513916  -1.56785
0.51416  -0.0347455
0.514404  -1.56772
0.514648  -0.0329444
0.514893  -1.5676
0.515137  -0.0312833
0.515381  -1.56747
0.515625  -0.029808
0.515869  -1.56734
0.516113  -0.0284309
0.516357  -1.5672
0.516602  -0.0271953
0.516846  -1.56707
0.51709  -0.0260435
0.517334  -1.56693
0.517578  -0.0249807
0.517822  -1.56678
0.518066  -0.0240065
0.518311  -1.56663
0.518555  -0.0230857
0.518799  -1.56647
0.519043  -0.0222369
0.519287  -1.56632
0.519531  -0.0214427
0.519775  -1.56615
0.52002  -0.0206881
0.520264  -1.56598
0.520508  -0.0199908
0.520752  -1.56581
0.520996  -0.0193257
0.52124  -1.56563
0.521484  -0.0186969
0.521729  -1.56545
0.521973  -0.0181089
0.522217  -1.56526
0.522461  -0.0175353
0.522705  -1.56506
0.522949  -0.0170135
0.523193  -1.56486
0.523438  -0.0164848
0.523682  -1.56464
0.523926  -0.0160139
0.52417  -1.56444
0.524414  -0.0155351
0.524658  -1.56421
0.524902  -0.0150925
0.525146  -1.56398
0.525391  -0.0146621
0.525635  -1.56374
0.525879  -0.0142465
0.526123  -1.56349
0.526367  -0.0138527
0.526611  -1.56323
0.526855  -0.0134623
0.5271  -1.56296
0.527344  -0.0130973
0.527588  -1.56269
0.527832  -0.0127308
0.528076  -1.56239
0.52832  -0.0123888
0.528564  -1.5621
0.528809  -0.0120433
0.529053  -1.56178
0.529297  -0.0117205
0.529541  -1.56146
0.529785  -0.0113963
0.530029  -1.56111
0.530273  -0.0110809
0.530518  -1.56076
0.530762  -0.0107808
0.531006  -1.56039
0.53125  -0.0104801
0.531494  -1.56
0.531738  -0.0101805
0.531982  -1.55958
0.532227  -0.00990842
0.532471  -1.55918
0.532715  -0.00960572
0.532959  -1.55871
0.533203  -0.00935163
0.533447  -1.55826
0.533691  -0.00905179
0.533936  -1.55774
0.53418  -0.0088124
0.534424  -1.55725
0.534668  -0.00851337
0.534912  -1.55666
0.535156  -0.00828285
0.5354  -1.55612
0.535645  -0.00799147
0.535889  -1.55547
0.536133  -0.0077606
0.536377  -1.55485
0.536621  -0.00747939
0.536865  -1.55413
0.537109  -0.00724585
0.537354  -1.55342
0.537598  -0.0069725
0.537842  -1.55261
0.538086  -0.00673854
0.53833  -1.5518
0.538574  -0.00646702
0.538818  -1.55087
0.539062  -0.00623229
0.539307  -1.54992
0.539551  -0.00596456
0.539795  -1.54886
0.540039  -0.00572537
0.540283  -1.54775
0.540527  -0.00546181
0.540771  -1.54651
0.541016  -0.00521133
0.54126  -1.54518
0.541504  -0.00495873
0.541748  -1.54374
0.541992  -0.00469418
0.542236  -1.54212
0.54248  -0.00444227
0.542725  -1.54037
0.542969  -0.00417568
0.543213  -1.5384
0.543457  -0.00391474
0.543701  -1.53623
0.543945  -0.00364521
0.544189  -1.53377
0.544434  -0.00337771
0.544678  -1.53099
0.544922  -0.00310241
0.545166  -1.52782
0.54541  -0.00282292
0.545654  -1.52414
0.545898  -0.00254834
0.546143  -1.51991
0.546387  -0.00224978
0.546631  -1.51481
0.546875  -0.00196944
0.547119  -1.50878
0.547363  -0.00166605
0.547607  -1.50132
0.547852  -0.00136411
0.548096  -1.49199
0.54834  -0.00105595
0.548584  -1.47993
0.548828  -0.000738308
0.549072  -1.46373
0.549316  -0.000416053
0.549561  -1.44079
0.549805  -8.20575e-05
0.550049  -1.40586
0.550293  0.000251468
0.550537  -1.34634
0.550781  0.000610984
0.551025  -1.22327
0.55127  0.000954066
0.551514  -0.855849
0.551758  0.00134209
0.552002  0.423346
0.552246  0.00169856
0.55249  1.11729
0.552734  0.0021129
0.552979  1.30297
0.553223  0.00249663
0.553467  1.38242
0.553711  0.00292891
0.553955  1.42563
0.554199  0.00334886
0.554443  1.453
0.554688  0.00380595
0.554932  1.47168
0.555176  0.00425605
0.55542  1.48547
0.555664  0.00475234
0.555908  1.49585
0.556152  0.00523721
0.556396  1.50417
0.556641  0.00576756
0.556885  1.51085
0.557129  0.00630375
0.557373  1.51643
0.557617  0.00687314
0.557861  1.52111
0.558105  0.00745731
0.55835  1.52517
0.558594  0.00808803
0.558838  1.52863
0.559082  0.00872037
0.559326  1.53176
0.55957  0.00941886
0.559814  1.53446
0.560059  0.0101188
0.560303  1.53696
0.560547  0.0108909
0.560791  1.53916
0.561035  0.0116718
0.561279  1.54122
0.561523  0.0125317
0.561768  1.54307
0.562012  0.0134185
0.562256  1.5448
0.5625  0.0143743
0.562744  1.54642
0.562988  0.0153962
0.563232  1.54791
0.563477  0.0164733
0.563721  1.54935
0.563965  0.017659
0.564209  1.55067
0.564453  0.018893
0.564697  1.55199
0.564941  0.0202833
0.565186  1.55318
0.56543  0.0217303
0.565674  1.55439
0.565918  0.0233715
0.566162  1.5555
0.566406  0.0251164
0.56665  1.55662
0.566895  0.0270927
0.567139  1.55768
0.567383  0.0292428
0.567627  1.55874
0.567871  0.0316918
0.568115  1.55977
0.568359  0.0344288
0.568604  1.56078
0.568848  0.037569
0.569092  1.56179
0.569336  0.0411922
0.56958  1.56278
0.569824  0.0454397
0.570068  1.56377
0.570312  0.0504911
0.570557  1.56476
0.570801  0.0566413
0.571045  1.56575
0.571289  0.0643031
0.571533  1.56674
0.571777  0.0741487
0.572021  1.56775
0.572266  0.0873574
0.57251  1.56876
0.572754  0.106053
0.572998  1.56979
0.573242  0.134736
0.573486  1.57084
0.57373  0.184578
0.573975  1.5719
0.574219  0.292385
0.574463  1.57299
0.574707  0.670915
0.574951  1.57411
0.575195  2.27144
0.575439  1.57527
0.575684  2.82034
0.575928  1.57646
0.576172  2.95311
0.576416  1.57769
0.57666  3.01044
0.576904  1.57898
0.577148  3.04233
0.577393  1.58032
0.577637  3.06282
0.577881  1.58174
0.578125  3.07708
0.578369  1.58322
0.578613  3.08778
0.578857  1.58482
0.579102  3.09603
0.579346  1.58649
0.57959  3.10276
0.579834  1.58833
0.580078  3.1083
0.580322  1.5903
0.580566  3.11305
0.580811  1.59249
0.581055  3.11715
0.581299  1.59491
0.581543  3.12078
0.581787  1.59766
0.582031  3.12402
0.582275  1.60081
0.58252  3.12698
0.582764  1.60454
0.583008  3.12969
0.583252  1.60904
0.583496  3.13221
0.58374  1.61471
0.583984  3.13457
0.584229  1.62215
0.584473  3.13681
0.584717  1.63259
0.584961  3.13894
0.585205  1.6486
0.585449  3.141
0.585693  1.67706
0.585938  -3.14019
0.586182  1.74342
0.586426  -3.13823
0.58667  2.07543
0.586914  -3.13628
0.587158  -1.94802
0.587402  -3.13433
0.587646  -1.70444
0.587891  -3.13234
0.588135  -1.64657
0.588379  -3.13027
0.588623  -1.62054
0.588867  -3.12808
0.589111  -1.60556
0.589355  -3.12568
0.5896  -1.59571
0.589844  -3.12298
0.590088  -1.58863
0.590332  -3.11974
0.590576  -1.58325
0.59082  -3.11565
0.591064  -1.57895
0.591309  -3.10997
0.591553  -1.57539
0.591797  -3.101
0.592041  -1.57236
0.592285  -3.08341
0.592529  -1.56968
0.592773  -3.028
0.593018  -1.56723
0.593262  -0.654761
0.593506  -1.56491
0.59375  -0.0702421
0.593994  -1.56259
0.594238  -0.0310555
0.594482  -1.56009
0.594727  -0.0166052
0.594971  -1.55713
0.595215  -0.00887874
0.595459  -1.55309
0.595703  -0.00390513
0.595947  -1.54629
0.596191  -0.000284554
0.596436  -1.52906
0.59668  0.00261071
0.596924  -1.2217
0.597168  0.00508858
0.597412  1.53825
0.597656  0.00722372
0.5979  1.56124
0.598145  0.00854091
0.598389  1.56937
0.598633  0.00558148
0.598877  -1.56605
0.599121  -3.13756
0.599365  1.57427
0.599609  0.00285908
0.599854  -1.56867
0.600098  -3.14035
0.600342  1.5709
0.600586  -0.00159643
0.60083  -1.57619
0.601074  0.0358757
0.601318  -1.57364
0.601562  0.0190672
0.601807  -1.56803
0.602051  3.14106
0.602295  1.56896
0.602539  0.000127269
0.602783  -1.56885
0.603027  -3.14068
0.603271  1.57025
0.603516  -0.000677602
0.60376  -1.57013
0.604004  -3.14056
0.604248  1.57091
0.604492  -0.000553018
0.604736  -1.57077
0.60498  -3.14082
0.605225  1.57122
0.605469  -0.000307853
0.605713  -1.57103
0.605957  -3.14112
0.606201  1.57132
0.606445  -8.2311e-05
0.606689  -1.5711
0.606934  -3.14138
0.607178  1.57131
0.607422  8.7222e-05
0.607666  -1.57108
0.60791  -3.14156
0.608154  1.57123
0.608398  0.00020208
0.608643  -1.57101
0.608887  3.1415
0.609131  1.57113
0.609375  0.000270206
0.609619  -1.57093
0.609863  3.14143
0.610107  1.57103
0.610352  0.000301362
0.610596  -1.57085
0.61084  3.1414
0.611084  1.57093
0.611328  0.000303489
0.611572  -1.57078
0.611816  3.1414
0.612061  1.57085
0.612305  0.000281414
0.612549  -1.57072
0.612793  3.14141
0.613037  1.57078
0.613281  0.000246908
0.613525  -1.57068
0.61377  3.14144
0.614014  1.57072
0.614258  0.000206222
0.614502  -1.57064
0.614746  3.14147
0.61499  1.57068
0.615234  0.000158428
0.615479  -1.57062
0.615723  3.1415
0.615967  1.57065
0.616211  0.000106209
0.616455  -1.57062
0.616699  3.14153
0.616943  1.57063
0.617188  5.45849e-05
0.617432  -1.57062
0.617676  3.14156
0.61792  1.57062
0.618164  8.0539e-06
0.618408  -1.57063
0.618652  3.14159
0.618896  1.57062
0.619141  -3.57181e-05
0.619385  -1.57065
0.619629  -3.14157
0.619873  1.57062
0.620117  -7.54393e-05
0.620361  -1.57068
0.620605  -3.14156
0.62085  1.57063
0.621094  -0.000109305
0.621338  -1.57071
0.621582  -3.14154
0.621826  1.57064
0.62207  -0.000136361
0.622314  -1.57073
0.622559  -3.14153
0.622803  1.57066
0.623047  -0.000153539
0.623291  -1.57076
0.623535  -3.14152
0.623779  1.57068
0.624023  -0.00016405
0.624268  -1.57078
0.624512  -3.14151
0.624756  1.5707
0.625  -0.00017169
0.625244  -1.5708
0.625488  -3.14151
0.625732  1.57073
0.625977  -0.000173505
0.626221  -1.57083
0.626465  -3.14151
0.626709  1.57075
0.626953  -0.000173442
0.627197  -1.57085
0.627441  -3.14152
0.627686  1.57076
0.62793  -0.000173743
0.628174  -1.57088
0.628418  -3.14152
0.628662  1.57078
0.628906  -0.000165511
0.62915  -1.57089
0.629395  -3.14153
0.629639  1.5708
0.629883  -0.000153164
0.630127  -1.57091
0.630371  -3.14154
0.630615  1.57081
0.630859  -0.000142994
0.631104  -1.57092
0.631348  -3.14156
0.631592  1.57083
0.631836  -0.000130754
0.63208  -1.57093
0.632324  -3.14157
0.632568  1.57084
0.632812  -0.000114447
0.633057  -1.57094
0.633301  -3.14158
0.633545  1.57085
0.633789  -9.50555e-05
0.634033  -1.57094
0.634277  3.14159
0.634521  1.57085
0.634766  -8.16392e-05
0.63501  -1.57095
0.635254  3.14157
0.635498  1.57085
0.635742  -7.14832e-05
0.635986  -1.57096
0.63623  3.14155
0.636475  1.57085
0.636719  -5.92005e-05
0.636963  -1.57096
0.637207  3.14153
0.637451  1.57085
0.637695  -4.71507e-05
0.637939  -1.57096
0.638184  3.14151
0.638428  1.57084
0.638672  -3.81772e-05
0.638916  -1.57096
0.63916  3.14149
0.639404  1.57083
0.639648  -2.80062e-05
0.639893  -1.57096
0.640137  3.14148
0.640381  1.57082
0.640625  -2.08707e-05
0.640869  -1.57096
0.641113  3.14146
0.641357  1.57081
0.641602  -1.01233e-05
0.641846  -1.57095
0.64209  3.14145
0.642334  1.5708
0.642578  3.3194e-06
0.642822  -1.57093
0.643066  3.14145
0.643311  1.57079
0.643555  1.43443e-05
0.643799  -1.57092
0.644043  3.14144
0.644287  1.57078
0.644531  1.62401e-05
0.644775  -1.57092
0.64502  3.14142
0.645264  1.57076
0.645508  1.35604e-05
0.645752  -1.57091
0.645996  3.14141
0.64624  1.57074
0.646484  1.69325e-05
0.646729  -1.57089
0.646973  3.14141
0.647217  1.57073
0.647461  2.65687e-05
0.647705  -1.57087
0.647949  3.14142
0.648193  1.57072
0.648438  3.18373e-05
0.648682  -1.57086
0.648926  3.14143
0.64917  1.57071
0.649414  3.49201e-05
0.649658  -1.57084
0.649902  3.14143
0.650146  1.57071
0.650391  3.22994e-05
0.650635  -1.57083
0.650879  3.14143
0.651123  1.57068
0.651367  1.32276e-05
0.651611  -1.57083
0.651855  3.14142
0.6521  1.57066
0.652344  -1.27216e-06
0.652588  -1.57082
0.652832  3.14143
0.653076  1.57065
0.65332  -1.20161e-05
0.653564  -1.57082
0.653809  3.14143
0.654053  1.57062
0.654297  -3.52338e-05
0.654541  -1.57082
0.654785  3.14143
0.655029  1.5706
0.655273  -5.73065e-05
0.655518  -1.57082
0.655762  3.14143
0.656006  1.57059
0.65625  -7.87692e-05
0.656494  -1.57082
0.656738  3.14143
0.656982  1.57057
0.657227  -9.78403e-05
0.657471  -1.57083
0.657715  3.14144
0.657959  1.57056
0.658203  -0.00012378
0.658447  -1.57083
0.658691  3.14144
0.658936  1.57055
0.65918  -0.000143561
0.659424  -1.57083
0.659668  3.14146
0.659912  1.57055
0.660156  -0.000154458
0.6604  -1.57083
0.660645  3.14148
0.660889  1.57055
0.661133  -0.000171017
0.661377  -1.57084
0.661621  3.14149
0.661865  1.57055
0.662109  -0.000190751
0.662354  -1.57085
0.662598  3.1415
0.662842  1.57056
0.663086  -0.000206321
0.66333  -1.57085
0.663574  3.14151
0.663818  1.57056
0.664062  -0.000228072
0.664307  -1.57088
0.664551  3.14151
0.664795  1.57056
0.665039  -0.000248705
0.665283  -1.57089
0.665527  3.14152
0.665771  1.57058
0.666016  -0.000255786
0.66626  -1.5709
0.666504  3.14153
0.666748  1.57059
0.666992  -0.000268956
0.667236  -1.57092
0.66748  3.14154
0.667725  1.57061
0.667969  -0.000270705
0.668213  -1.57093
0.668457  3.14155
0.668701  1.57063
0.668945  -0.00027684
0.669189  -1.57095
0.669434  3.14156
0.669678  1.57065
0.669922  -0.000275608
0.670166  -1.57097
0.67041  3.14156
0.670654  1.57067
0.670898  -0.000272106
0.671143  -1.57099
0.671387  3.14156
0.671631  1.5707
0.671875  -0.000261787
0.672119  -1.571
0.672363  3.14156
0.672607  1.57072
0.672852  -0.000246679
0.673096  -1.57101
0.67334  3.14156
0.673584  1.57075
0.673828  -0.000230193
0.674072  -1.57103
0.674316  3.14154
0.674561  1.57077
0.674805  -0.000212289
0.675049  -1.57105
0.675293  3.14153
0.675537  1.57078
0.675781  -0.00019457
0.676025  -1.57107
0.67627  3.1415
0.676514  1.57079
0.676758  -0.000172175
0.677002  -1.57108
0.677246  3.14147
0.67749  1.57081
0.677734  -0.000142534
0.677979  -1.57109
0.678223  3.14144
0.678467  1.57081
0.678711  -0.000107864
0.678955  -1.57108
0.679199  3.14142
0.679443  1.57081
0.679688  -7.47084e-05
0.679932  -1.57108
0.680176  3.14137
0.68042  1.57079
0.680664  -5.32179e-05
0.680908  -1.57108
0.681152  3.14133
0.681396  1.57077
0.681641  -1.38939e-05
0.681885  -1.57105
0.682129  3.14131
0.682373  1.57076
0.682617  3.1509e-05
0.682861  -1.571
0.683105  3.14129
0.68335  1.57073
0.683594  6.61608e-05
0.683838  -1.57096
0.684082  3.14126
0.684326  1.57067
0.68457  6.60282e-05
0.684814  -1.57093
0.685059  3.14123
0.685303  1.57059
0.685547  5.66161e-05
0.685791  -1.57088
0.686035  3.14123
0.686279  1.57053
0.686523  5.17897e-05
0.686768  -1.5708
0.687012  3.14126
0.687256  1.57047
0.6875  2.61345e-05
0.687744  -1.57072
0.687988  3.14132
0.688232  1.5704
0.688477  -4.45196e-05
0.688721  -1.57067
0.688965  3.14138
0.689209  1.57033
0.689453  -0.000158139
0.689697  -1.57064
0.689941  3.14148
0.690186  1.57029
0.69043  -0.000313869
0.690674  -1.57066
0.690918  -3.14158
0.691162  1.5703
0.691406  -0.000484056
0.69165  -1.57071
0.691895  -3.14141
0.692139  1.57042
0.692383  -0.000637656
0.692627  -1.57085
0.692871  -3.14124
0.693115  1.57065
0.693359  -0.00076756
0.693604  -1.57119
0.693848  -3.14118
0.694092  1.57098
0.694336  -0.000763746
0.69458  -1.57174
0.694824  -3.14136
0.695068  1.57148
0.695312  -0.000371491
0.695557  -1.57236
0.695801  3.14088
0.696045  1.57201
0.696289  0.000731615
0.696533  -1.57229
0.696777  3.13759
0.697021  1.57089
0.697266  0.00339194
0.69751  -1.56935
0.697754  3.13712
0.697998  -1.5611
0.698242  -3.13834
0.698486  1.57224
0.69873  0.000332646
0.698975  -1.57131
0.699219  3.14038
0.699463  1.56897
0.699707  -0.00236718
0.699951  -1.57366
0.700195  3.13826
0.700439  1.56703
0.700684  -0.00419535
0.700928  -1.57537
0.701172  3.13698
0.701416  1.56999
0.70166  3.14114
0.701904  -1.57633
0.702148  -3.0871
0.702393  -1.57304
0.702637  -0.0175926
0.702881  -1.56845
0.703125  -0.00957565
0.703369  -1.55896
0.703613  -0.00585277
0.703857  -1.50679
0.704102  -0.00275692
0.704346  1.51876
0.70459  0.000557727
0.704834  1.54845
0.705078  0.00477445
0.705322  1.55629
0.705566  0.0111314
0.705811  1.56054
0.706055  0.0232738
0.706299  1.56365
0.706543  0.060927
0.706787  1.56638
0.707031  2.63638
0.707275  1.56908
0.70752  3.07901
0.707764  1.57201
0.708008  3.10605
0.708252  1.57541
0.708496  3.11634
0.70874  1.57963
0.708984  3.12213
0.709229  1.58526
0.709473  3.12612
0.709717  1.59345
0.709961  3.12923
0.710205  1.60696
0.710449  3.1319
0.710693  1.63466
0.710938  3.13435
0.711182  1.72896
0.711426  3.1367
0.71167  -2.17152
0.711914  3.13905
0.712158  -1.69294
0.712402  3.14149
0.712646  -1.64116
0.712891  -3.13911
0.713135  -1.62112
0.713379  -3.1363
0.713623  -1.61015
0.713867  -3.13316
0.714111  -1.60307
0.714355  -3.1296
0.7146  -1.59793
0.714844  -3.12541
0.715088  -1.59395
0.715332  -3.12038
0.715576  -1.59067
0.71582  -3.11407
0.716064  -1.58787
0.716309  -3.10586
0.716553  -1.58537
0.716797  -3.09447
0.717041  -1.58311
0.717285  -3.07738
0.717529  -1.58099
0.717773  -3.04816
0.718018  -1.57899
0.718262  -2.98574
0.718506  -1.57706
0.71875  -2.75681
0.718994  -1.57517
0.719238  -0.727772
0.719482  -1.5733
0.719727  -0.218845
0.719971  -1.57145
0.720215  -0.128687
0.720459  -1.56956
0.720703  -0.0918378
0.720947  -1.56767
0.721191  -0.0714882
0.721436  -1.56569
0.72168  -0.0585679
0.721924  -1.56367
0.722168  -0.049428
0.722412  -1.56153
0.722656  -0.042631
0.7229  -1.5593
0.723145  -0.037248
0.723389  -1.5569
0.723633  -0.0329048
0.723877  -1.55435
0.724121  -0.0292241
0.724365  -1.55153
0.724609  -0.0261013
0.724854  -1.54846
0.725098  -0.0233408
0.725342  -1.545
0.725586  -0.0209042
0.72583  -1.54109
0.726074  -0.0187006
0.726318  -1.53657
0.726562  -0.0166909
0.726807  -1.53125
0.727051  -0.0148367
0.727295  -1.52482
0.727539  -0.0131151
0.727783  -1.51684
0.728027  -0.0114974
0.728271  -1.50657
0.728516  -0.0099669
0.72876  -1.49273
0.729004  -0.00851528
0.729248  -1.47289
0.729492  -0.00712075
0.729736  -1.44175
0.72998  -0.00578081
0.730225  -1.38549
0.730469  -0.00448222
0.730713  -1.25319
0.730957  -0.00321781
0.731201  -0.680451
0.731445  -0.00198251
0.731689  0.943953
0.731934  -0.000766848
0.732178  1.29574
0.732422  0.000432659
0.732666  1.39692
0.73291  0.00162181
0.733154  1.44399
0.733398  0.00281178
0.733643  1.47117
0.733887  0.00399271
0.734131  1.48898
0.734375  0.00519871
0.734619  1.50152
0.734863  0.00639233
0.735107  1.51097
0.735352  0.00763276
0.735596  1.51828
0.73584  0.00887596
0.736084  1.52419
0.736328  0.0101606
0.736572  1.52907
0.736816  0.0114891
0.737061  1.53316
0.737305  0.012856
0.737549  1.53669
0.737793  0.01429
0.738037  1.53974
0.738281  0.0157846
0.738525  1.54244
0.73877  0.0173751
0.739014  1.54483
0.739258  0.0190383
0.739502  1.54701
0.739746  0.0208549
0.73999  1.54894
0.740234  0.0227587
0.740479  1.55076
0.740723  0.024883
0.740967  1.55239
0.741211  0.0271452
0.741455  1.55394
0.741699  0.0297024
0.741943  1.55534
0.742188  0.0324925
0.742432  1.5567
0.742676  0.0356958
0.74292  1.55795
0.743164  0.0392977
0.743408  1.55915
0.743652  0.0434935
0.743896  1.56028
0.744141  0.048433
0.744385  1.56136
0.744629  0.0542908
0.744873  1.56242
0.745117  0.0615582
0.745361  1.5634
0.745605  0.0705883
0.74585  1.56439
0.746094  0.0824415
0.746338  1.56532
0.746582  0.098482
0.746826  1.56625
0.74707  0.121767
0.747314  1.56714
0.747559  0.158376
0.747803  1.56804
0.748047  0.224973
0.748291  1.5689
0.748535  0.380661
0.748779  1.56977
0.749023  1.00304
0.749268  1.57063
0.749512  2.4543
0.749756  1.57148
0.75  2.82731
0.750244  1.57233
0.750488  2.94194
0.750732  1.57319
0.750977  2.996
0.751221  1.57405
0.751465  3.02745
0.751709  1.57493
0.751953  3.04793
0.752197  1.5758
0.752441  3.06246
0.752686  1.57671
0.75293  3.07324
0.753174  1.57762
0.753418  3.08166
0.753662  1.57857
0.753906  3.08836
0.75415  1.57953
0.754395  3.09391
0.754639  1.58054
0.754883  3.09852
0.755127  1.58158
0.755371  3.1025
0.755615  1.58267
0.755859  3.1059
0.756104  1.5838
0.756348  3.10893
0.756592  1.585
0.756836  3.11158
0.75708  1.58626
0.757324  3.11398
0.757568  1.5876
0.757812  3.11614
0.758057  1.58903
0.758301  3.11812
0.758545  1.59056
0.758789  3.11993
0.759033  1.59221
0.759277  3.12162
0.759521  1.59401
0.759766  3.12318
0.76001  1.59597
0.760254  3.12465
0.760498  1.59812
0.760742  3.12604
0.760986  1.60053
0.76123  3.12735
0.761475  1.60322
0.761719  3.12861
0.761963  1.60626
0.762207  3.12982
0.762451  1.60976
0.762695  3.13097
0.762939  1.6138
0.763184  3.1321
0.763428  1.61859
0.763672  3.13319
0.763916  1.62431
0.76416  3.13426
0.764404  1.63138
0.764648  3.13531
0.764893  1.64026
0.765137  3.13635
0.765381  1.65194
0.765625  3.13736
0.765869  1.66789
0.766113  3.13838
0.766357  1.69123
0.766602  3.1394
0.766846  1.72868
0.76709  3.14041
0.767334  1.79866
0.767578  3.14144
0.767822  1.97378
0.768066  -3.14071
0.768311  2.78459
0.768555  -3.13966
0.768799  -2.1253
0.769043  -3.1386
0.769287  -1.83951
0.769531  -3.1375
0.769775  -1.74499
0.77002  -3.13639
0.770264  -1.69842
0.770508  -3.13522
0.770752  -1.67089
0.770996  -3.13404
0.77124  -1.65242
0.771484  -3.13277
0.771729  -1.63931
0.771973  -3.13149
0.772217  -1.62929
0.772461  -3.13011
0.772705  -1.62151
0.772949  -3.12869
0.773193  -1.61508
0.773438  -3.12713
0.773682  -1.60982
0.773926  -3.12553
0.77417  -1.60524
0.774414  -3.12375
0.774658  -1.60135
0.774902  -3.12187
0.775146  -1.59784
0.775391  -3.11978
0.775635  -1.59475
0.775879  -3.1175
0.776123  -1.59193
0.776367  -3.11493
0.776611  -1.58935
0.776855  -3.11205
0.7771  -1.58695
0.777344  -3.10874
0.777588  -1.58471
0.777832  -3.10488
0.778076  -1.5826
0.77832  -3.10026
0.778564  -1.58059
0.778809  -3.09461
0.779053  -1.57866
0.779297  -3.08744
0.779541  -1.5768
0.779785  -3.07793
0.780029  -1.57499
0.780273  -3.06455
0.780518  -1.57322
0.780762  -3.04398
0.781006  -1.57148
0.78125  -3.00783
0.781494  -1.56974
0.781738  -2.92594
0.781982  -1.56803
0.782227  -2.57448
0.782471  -1.56629
0.782715  -0.555046
0.782959  -1.56454
0.783203  -0.195295
0.783447  -1.56275
0.783691  -0.112536
0.783936  -1.5609
0.78418  -0.0760729
0.784424  -1.55898
0.784668  -0.0553822
0.784912  -1.55695
0.785156  -0.0418873
0.7854  -1.55476
0.785645  -0.0323006
0.785889  -1.55236
0.786133  -0.0250433
0.786377  -1.54965
0.786621  -0.0193063
0.786865  -1.54651
0.787109  -0.0146042
0.787354  -1.54269
0.787598  -0.0106412
0.787842  -1.53778
0.788086  -0.0072165
0.78833  -1.53098
0.788574  -0.00420127
0.788818  -1.52049
0.789062  -0.00148432
0.789307  -1.50114
0.789551  0.00100214
0.789795  -1.45052
0.790039  0.00333858
0.790283  -0.929356
0.790527  0.00557787
0.790771  1.42838
0.791016  0.00780717
0.79126  1.51363
0.791504  0.0101077
0.791748  1.53918
0.791992  0.0126326
0.792236  1.55168
0.79248  0.0156166
0.792725  1.55925
0.792969  0.0195586
0.793213  1.56443
0.793457  0.0256554
0.793701  1.56831
0.793945  0.0379814
0.794189  1.57143
0.794434  0.0850847
0.794678  1.57413
0.794922  3.00246
0.795166  1.5767
0.79541  3.11332
0.795654  1.57943
0.795898  3.13028
0.796143  1.58291
0.796387  3.13762
0.796631  1.58892
0.796875  -3.14115
0.797119  1.61226
0.797363  -3.13794
0.797607  -1.60215
0.797852  -3.13522
0.798096  -1.57375
0.79834  -3.13246
0.798584  -1.56694
0.798828  -3.13646
0.799072  1.57481
0.799316  -0.00547528
0.799561  1.57648
0.799805  0.00437875
0.800049  -1.56711
0.800293  -3.13849
0.800537  1.57333
0.800781  0.00195221
0.801025  -1.56947
0.80127  -3.14096
0.801514  1.57064
0.801758  -0.00112609
0.802002  -1.57321
0.802246  3.13713
0.80249  1.56077
0.802734  3.11626
0.802979  -1.56384
0.803223  -3.14106
0.803467  1.56876
0.803711  -0.00238284
0.803955  -1.56995
0.804199  -3.14001
0.804443  1.57064
0.804688  -0.00146374
0.804932  -1.57172
0.805176  -3.14091
0.80542  1.5713
0.805664  -0.000653318
0.805908  -1.57187
0.806152  3.14147
0.806396  1.57132
0.806641  -0.000117697
0.806885  -1.57162
0.807129  3.14108
0.807373  1.57108
0.807617  0.0001601
0.807861  -1.57132
0.808105  3.14096
0.80835  1.57081
0.808594  0.00025082
0.808838  -1.57106
0.809082  3.14098
0.809326  1.57059
0.80957  0.000219405
0.809814  -1.57087
0.810059  3.14108
0.810303  1.57045
0.810547  0.000130816
0.810791  -1.57075
0.811035  3.1412
0.811279  1.57038
0.811523  1.99276e-05
0.811768  -1.57069
0.812012  3.14132
0.812256  1.57036
0.8125  -9.02567e-05
0.812744  -1.57067
0.812988  3.14142
0.813232  1.57038
0.813477  -0.000179213
0.813721  -1.57069
0.813965  3.14151
0.814209  1.57042
0.814453  -0.00024746
0.814697  -1.57073
0.814941  3.14158
0.815186  1.57047
0.81543  -0.000293328
0.815674  -1.57078
0.815918  -3.14157
0.816162  1.57053
0.816406  -0.000322364
0.81665  -1.57084
0.816895  -3.14154
0.817139  1.57059
0.817383  -0.000332315
0.817627  -1.57089
0.817871  -3.14154
0.818115  1.57064
0.818359  -0.000326059
0.818604  -1.57094
0.818848  -3.14154
0.819092  1.57069
0.819336  -0.000306226
0.81958  -1.57097
0.819824  -3.14155
0.820068  1.57074
0.820312  -0.000279701
0.820557  -1.571
0.820801  -3.14157
0.821045  1.57077
0.821289  -0.000251422
0.821533  -1.57102
0.821777  3.14159
0.822021  1.5708
0.822266  -0.000220479
0.82251  -1.57104
0.822754  3.14157
0.822998  1.57081
0.823242  -0.000188369
0.823486  -1.57105
0.82373  3.14154
0.823975  1.57082
0.824219  -0.000156362
0.824463  -1.57105
0.824707  3.14151
0.824951  1.57083
0.825195  -0.000125868
0.825439  -1.57105
0.825684  3.14149
0.825928  1.57083
0.826172  -9.96671e-05
0.826416  -1.57104
0.82666  3.14147
0.826904  1.57082
0.827148  -7.66462e-05
0.827393  -1.57103
0.827637  3.14144
0.827881  1.57081
0.828125  -5.63368e-05
0.828369  -1.57102
0.828613  3.14143
0.828857  1.5708
0.829102  -3.9779e-05
0.829346  -1.57101
0.82959  3.14141
0.829834  1.57079
0.830078  -2.59209e-05
0.830322  -1.57099
0.830566  3.1414
0.830811  1.57077
0.831055  -1.45381e-05
0.831299  -1.57098
0.831543  3.14139
0.831787  1.57076
0.832031  -5.6305e-06
0.832275  -1.57096
0.83252  3.14138
0.832764  1.57074
0.833008  5.99197e-07
0.833252  -1.57095
0.833496  3.14138
0.83374  1.57073
0.833984  4.25087e-06
0.834229  -1.57093
0.834473  3.14138
0.834717  1.57071
0.834961  5.80863e-06
0.835205  -1.57092
0.835449  3.14138
0.835693  1.5707
0.835938  5.77342e-06
0.836182  -1.5709
0.836426  3.14138
0.83667  1.57069
0.836914  4.02052e-06
0.837158  -1.57089
0.837402  3.14138
0.837646  1.57068
0.837891  9.47884e-07
0.838135  -1.57088
0.838379  3.14139
0.838623  1.57066
0.838867  -3.28806e-06
0.839111  -1.57086
0.839355  3.14139
0.8396  1.57065
0.839844  -8.66647e-06
0.840088  -1.57085
0.840332  3.1414
0.840576  1.57065
0.84082  -1.49452e-05
0.841064  -1.57085
0.841309  3.14141
0.841553  1.57064
0.841797  -2.17007e-05
0.842041  -1.57084
0.842285  3.14141
0.842529  1.57063
0.842773  -2.87143e-05
0.843018  -1.57083
0.843262  3.14142
0.843506  1.57063
0.84375  -3.59923e-05
0.843994  -1.57083
0.844238  3.14143
0.844482  1.57062
0.844727  -4.33857e-05
0.844971  -1.57082
0.845215  3.14144
0.845459  1.57062
0.845703  -5.08563e-05
0.845947  -1.57082
0.846191  3.14145
0.846436  1.57061
0.84668  -5.83453e-05
0.846924  -1.57081
0.847168  3.14145
0.847412  1.57061
0.847656  -6.57306e-05
0.8479  -1.57081
0.848145  3.14146
0.848389  1.57061
0.848633  -7.29379e-05
0.848877  -1.57081
0.849121  3.14147
0.849365  1.57061
0.849609  -7.99833e-05
0.849854  -1.57081
0.850098  3.14147
0.850342  1.57061
0.850586  -8.67564e-05
0.85083  -1.57081
0.851074  3.14148
0.851318  1.57061
0.851562  -9.32328e-05
0.851807  -1.57081
0.852051  3.14149
0.852295  1.57061
0.852539  -9.94225e-05
0.852783  -1.57081
0.853027  3.14149
0.853271  1.57061
0.853516  -0.000105297
0.85376  -1.57081
0.854004  3.1415
0.854248  1.57061
0.854492  -0.000110842
0.854736  -1.57081
0.85498  3.14151
0.855225  1.57061
0.855469  -0.000116029
0.855713  -1.57081
0.855957  3.14151
0.856201  1.57061
0.856445  -0.000120881
0.856689  -1.57081
0.856934  3.14152
0.857178  1.57062
0.857422  -0.000125438
0.857666  -1.57082
0.85791  3.14152
0.858154  1.57062
0.858398  -0.000129677
0.858643  -1.57082
0.858887  3.14152
0.859131  1.57062
0.859375  -0.000133611
0.859619  -1.57082
0.859863  3.14153
0.860107  1.57062
0.860352  -0.000137249
0.860596  -1.57082
0.86084  3.14153
0.861084  1.57062
0.861328  -0.000140608
0.861572  -1.57083
0.861816  3.14153
0.862061  1.57063
0.862305  -0.000143696
0.862549  -1.57083
0.862793  3.14154
0.863037  1.57063
0.863281  -0.000146545
0.863525  -1.57083
0.86377  3.14154
0.864014  1.57063
0.864258  -0.00014916
0.864502  -1.57083
0.864746  3.14154
0.86499  1.57063
0.865234  -0.00015154
0.865479  -1.57083
0.865723  3.14155
0.865967  1.57064
0.866211  -0.000153713
0.866455  -1.57084
0.866699  3.14155
0.866943  1.57064
0.867188  -0.000155699
0.867432  -1.57084
0.867676  3.14155
0.86792  1.57064
0.868164  -0.000157514
0.868408  -1.57084
0.868652  3.14155
0.868896  1.57064
0.869141  -0.000159164
0.869385  -1.57084
0.869629  3.14155
0.869873  1.57064
0.870117  -0.000160664
0.870361  -1.57084
0.870605  3.14155
0.87085  1.57065
0.871094  -0.000162025
0.871338  -1.57085
0.871582  3.14156
0.871826  1.57065
0.87207  -0.000163257
0.872314  -1.57085
0.872559  3.14156
0.872803  1.57065
0.873047  -0.00016438
0.873291  -1.57085
0.873535  3.14156
0.873779  1.57065
0.874023  -0.000165404
0.874268  -1.57085
0.874512  3.14156
0.874756  1.57065
0.875  -0.00016634
0.875244  -1.57085
0.875488  3.14156
0.875732  1.57065
0.875977  -0.000167195
0.876221  -1.57085
0.876465  3.14156
0.876709  1.57065
0.876953  -0.000167977
0.877197  -1.57085
0.877441  3.14156
0.877686  1.57065
0.87793  -0.00016869
0.878174  -1.57085
0.878418  3.14156
0.878662  1.57065
0.878906  -0.000169345
0.87915  -1.57085
0.879395  3.14156
0.879639  1.57065
0.879883  -0.00016995
0.880127  -1.57085
0.880371  3.14156
0.880615  1.57066
0.880859  -0.000170511
0.881104  -1.57086
0.881348  3.14156
0.881592  1.57066
0.881836  -0.00017103
0.88208  -1.57086
0.882324  3.14156
0.882568  1.57066
0.882812  -0.00017151
0.883057  -1.57085
0.883301  3.14156
0.883545  1.57066
0.883789  -0.000171958
0.884033  -1.57085
0.884277  3.14157
0.884521  1.57065
0.884766  -0.000172374
0.88501  -1.57085
0.885254  3.14157
0.885498  1.57065
0.885742  -0.000172761
0.885986  -1.57085
0.88623  3.14157
0.886475  1.57065
0.886719  -0.000173121
0.886963  -1.57085
0.887207  3.14157
0.887451  1.57065
0.887695  -0.000173454
0.887939  -1.57085
0.888184  3.14157
0.888428  1.57065
0.888672  -0.000173767
0.888916  -1.57085
0.88916  3.14157
0.889404  1.57065
0.889648  -0.000174058
0.889893  -1.57085
0.890137  3.14157
0.890381  1.57065
0.890625  -0.000174328
0.890869  -1.57085
0.891113  3.14157
0.891357  1.57064
0.891602  -0.000174591
0.891846  -1.57084
0.89209  3.14157
0.892334  1.57064
0.892578  -0.00017485
0.892822  -1.57084
0.893066  3.14157
0.893311  1.57064
0.893555  -0.000175122
0.893799  -1.57084
0.894043  3.14157
0.894287  1.57063
0.894531  -0.000175446
0.894775  -1.57083
0.89502  3.14157
0.895264  1.57063
0.895508  -0.00017588
0.895752  -1.57083
0.895996  3.14157
0.89624  1.57063
0.896484  -0.000176475
0.896729  -1.57082
0.896973  3.14157
0.897217  1.57062
0.897461  -0.000177194
0.897705  -1.57082
0.897949  3.14157
0.898193  1.57061
0.898438  -0.000181395
0.898682  -1.57083
0.898926  3.14149
0.89917  1.57042
0.899414  -0.000444135
0.899658  -1.57111
0.899902  3.14107
0.900146  1.56949
0.900391  -0.00218221
0.900635  -1.57333
0.900879  3.13884
0.901123  1.56359
0.901367  -0.0122985
0.901611  -1.54898
0.901855  -0.0194889
0.9021  -1.54239
0.902344  -0.0185375
0.902588  -1.54014
0.902832  -0.0176218
0.903076  -1.53787
0.90332  -0.0166772
0.903564  -1.53547
0.903809  -0.0156996
0.904053  -1.53293
0.904297  -0.0146903
0.904541  -1.53016
0.904785  -0.0136911
0.905029  -1.52714
0.905273  -0.0127089
0.905518  -1.52382
0.905762  -0.0117501
0.906006  -1.52007
0.90625  -0.0108318
0.906494  -1.51584
0.906738  -0.00994987
0.906982  -1.51096
0.907227  -0.00911063
0.907471  -1.50527
0.907715  -0.00830862
0.907959  -1.49847
0.908203  -0.00754814
0.908447  -1.4902
0.908691  -0.00683012
0.908936  -1.47992
0.90918  -0.00613717
0.909424  -1.46661
0.909668  -0.00549555
0.909912  -1.44893
0.910156  -0.00486788
0.9104  -1.42383
0.910645  -0.00428861
0.910889  -1.38591
0.911133  -0.00372466
0.911377  -1.32142
0.911621  -0.00319607
0.911865  -1.19001
0.912109  -0.00268408
0.912354  -0.81221
0.912598  -0.00220842
0.912842  0.381654
0.913086  -0.00173987
0.91333  1.08095
0.913574  -0.00129989
0.913818  1.28209
0.914062  -0.000880178
0.914307  1.36871
0.914551  -0.000472534
0.914795  1.41615
0.915039  -8.36035e-05
0.915283  1.44601
0.915527  0.000288905
0.915771  1.46651
0.916016  0.000646214
0.91626  1.48148
0.916504  0.000998254
0.916748  1.49281
0.916992  0.00132402
0.917236  1.5018
0.91748  0.001654
0.917725  1.50899
0.917969  0.00195943
0.918213  1.51497
0.918457  0.0022678
0.918701  1.51994
0.918945  0.0025526
0.919189  1.52422
0.919434  0.00284605
0.919678  1.52785
0.919922  0.00311346
0.920166  1.53105
0.92041  0.00339061
0.920654  1.53383
0.920898  0.0036456
0.921143  1.53632
0.921387  0.00390776
0.921631  1.53852
0.921875  0.00415545
0.922119  1.5405
0.922363  0.00439858
0.922607  1.5423
0.922852  0.00464401
0.923096  1.54391
0.92334  0.0048744
0.923584  1.54539
0.923828  0.00511266
0.924072  1.54673
0.924316  0.00533083
0.924561  1.54799
0.924805  0.0055705
0.925049  1.5491
0.925293  0.00577639
0.925537  1.55019
0.925781  0.0060127
0.926025  1.55114
0.92627  0.00621327
0.926514  1.55207
0.926758  0.00644687
0.927002  1.55289
0.927246  0.00664079
0.92749  1.55371
0.927734  0.00687778
0.927979  1.55442
0.928223  0.00706333
0.928467  1.55515
0.928711  0.00729992
0.928955  1.55577
0.929199  0.00749259
0.929443  1.5564
0.929688  0.00771254
0.929932  1.55698
0.930176  0.00792436
0.93042  1.55752
0.930664  0.00812998
0.930908  1.55805
0.931152  0.00835319
0.931396  1.55852
0.931641  0.00855473
0.931885  1.559
0.932129  0.00878463
0.932373  1.55943
0.932617  0.00898914
0.932861  1.55986
0.933105  0.00921949
0.93335  1.56025
0.933594  0.00943371
0.933838  1.56064
0.934082  0.00966465
0.934326  1.561
0.93457  0.00988997
0.934814  1.56135
0.935059  0.0101214
0.935303  1.56168
0.935547  0.0103602
0.935791  1.56199
0.936035  0.0105982
0.936279  1.5623
0.936523  0.0108424
0.936768  1.56259
0.937012  0.0110958
0.937256  1.56286
0.9375  0.0113442
0.937744  1.56314
0.937988  0.011621
0.938232  1.56338
0.938477  0.0118643
0.938721  1.56365
0.938965  0.0121759
0.939209  1.56386
0.939453  0.012417
0.939697  1.56412
0.939941  0.0127475
0.940186  1.56432
0.94043  0.0130236
0.940674  1.56454
0.940918  0.0133426
0.941162  1.56474
0.941406  0.0136666
0.94165  1.56494
0.941895  0.0139932
0.942139  1.56513
0.942383  0.0143428
0.942627  1.56532
0.942871  0.0146988
0.943115  1.56549
0.943359  0.0150729
0.943604  1.56567
0.943848  0.0154572
0.944092  1.56583
0.944336  0.015868
0.94458  1.56599
0.944824  0.0162871
0.945068  1.56615
0.945312  0.0167333
0.945557  1.5663
0.945801  0.0171883
0.946045  1.56645
0.946289  0.0176952
0.946533  1.56659
0.946777  0.0181825
0.947021  1.56673
0.947266  0.0187545
0.94751  1.56686
0.947754  0.0192905
0.947998  1.567
0.948242  0.019938
0.948486  1.56711
0.94873  0.0205297
0.948975  1.56725
0.949219  0.0212736
0.949463  1.56735
0.949707  0.0219299
0.949951  1.56749
0.950195  0.0227869
0.950439  1.56758
0.950684  0.0235362
0.950928  1.56771
0.951172  0.0245152
0.951416  1.56779
0.95166  0.0254021
0.951904  1.56792
0.952148  0.0265099
0.952393  1.56801
0.952637  0.0276023
0.952881  1.56811
0.953125  0.0288483
0.953369  1.56821
0.953613  0.0302013
0.953857  1.5683
0.954102  0.0316695
0.954346  1.56839
0.95459  0.0333326
0.954834  1.56848
0.955078  0.0351059
0.955322  1.56857
0.955566  0.0371928
0.955811  1.56865
0.956055  0.0394057
0.956299  1.56874
0.956543  0.0420586
0.956787  1.56881
0.957031  0.0449492
0.957275  1.5689
0.95752  0.0484082
0.957764  1.56897
0.958008  0.0523351
0.958252  1.56905
0.958496  0.0570663
0.95874  1.56912
0.958984  0.0626666
0.959229  1.5692
0.959473  0.0696223
0.959717  1.56926
0.959961  0.078128
0.960205  1.56934
0.960449  0.0893692
0.960693  1.5694
0.960938  0.103997
0.961182  1.56948
0.961426  0.124847
0.96167  1.56954
0.961914  0.155887
0.962158  1.5696
0.962402  0.207406
0.962646  1.56967
0.962891  0.309361
0.963135  1.56972
0.963379  0.586026
0.963623  1.56979
0.963867  1.69693
0.964111  1.56984
0.964355  2.6261
0.9646  1.56991
0.964844  2.85619
0.965088  1.56996
0.965332  2.94659
0.965576  1.57002
0.96582  2.99379
0.966064  1.57007
0.966309  3.02289
0.966553  1.57013
0.966797  3.0425
0.967041  1.57018
0.967285  3.05655
0.967529  1.57023
0.967773  3.06729
0.968018  1.57029
0.968262  3.07546
0.968506  1.57033
0.96875  3.08228
0.968994  1.57039
0.969238  3.08761
0.969482  1.57043
0.969727  3.09229
0.969971  1.57049
0.970215  3.09607
0.970459  1.57052
0.970703  3.09946
0.970947  1.57058
0.971191  3.1023
0.971436  1.57062
0.97168  3.10482
0.971924  1.57066
0.972168  3.10709
0.972412  1.57072
0.972656  3.10902
0.9729  1.57075
0.973145  3.11084
0.973389  1.5708
0.973633  3.11241
0.973877  1.57084
0.974121  3.11387
0.974365  1.57088
0.974609  3.11519
0.974854  1.57093
0.975098  3.11638
0.975342  1.57096
0.975586  3.1175
0.97583  1.57101
0.976074  3.11849
0.976318  1.57104
0.976562  3.11945
0.976807  1.57109
0.977051  3.1203
0.977295  1.57112
0.977539  3.12112
0.977783  1.57117
0.978027  3.12186
0.978271  1.5712
0.978516  3.12258
0.97876  1.57124
0.979004  3.12321
0.979248  1.57127
0.979492  3.12385
0.979736  1.57132
0.97998  3.12441
0.980225  1.57135
0.980469  3.12497
0.980713  1.57139
0.980957  3.12546
0.981201  1.57142
0.981445  3.12596
0.981689  1.57146
0.981934  3.12641
0.982178  1.57149
0.982422  3.12685
0.982666  1.57153
0.98291  3.12725
0.983154  1.57156
0.983398  3.12766
0.983643  1.5716
0.983887  3.12802
0.984131  1.57163
0.984375  3.12837
0.984619  1.57166
0.984863  3.12872
0.985107  1.57171
0.985352  3.12902
0.985596  1.57172
0.98584  3.12936
0.986084  1.57177
0.986328  3.12961
0.986572  1.57179
0.986816  3.12994
0.987061  1.57184
0.987305  3.13017
0.987549  1.57186
0.987793  3.13046
0.988037  1.5719
0.988281  3.13068
0.988525  1.57193
0.98877  3.13093
0.989014  1.57196
0.989258  3.13116
0.989502  1.57199
0.989746  3.13138
0.98999  1.57202
0.990234  3.13159
0.990479  1.57206
0.990723  3.1318
0.990967  1.57209
0.991211  3.13199
0.991455  1.57212
0.991699  3.13218
0.991943  1.57215
0.992188  3.13237
0.992432  1.57218
0.992676  3.13253
0.99292  1.57221
0.993164  3.13272
0.993408  1.57225
0.993652  3.13287
0.993896  1.57227
0.994141  3.13305
0.994385  1.57231
0.994629  3.13318
0.994873  1.57233
0.995117  3.13335
0.995361  1.57237
0.995605  3.13347
0.99585  1.57239
0.996094  3.13364
0.996338  1.57243
0.996582  3.13375
0.996826  1.57245
0.99707  3.13391
0.997314  1.5725
0.997559  3.13401
0.997803  1.57251
0.998047  3.13416
0.998291  1.57256
0.998535  3.13426
0.998779  1.57257
0.999023  3.13439
0.999268  1.57261
0.999512  3.1345
0.999756  1.57264
